0,0000000000 -0,000000000000000
0,0003333333 0,000000000049583
0,0006666667 0,000000000099165
0,0010000000 0,000000000148748
0,0013333333 0,000000000198330
0,0016666667 0,000000000247913
0,0020000000 0,000000000297496
0,0023333333 0,000000000347078
0,0026666667 0,000000000396661
0,0030000000 0,000000000446243
0,0033333333 0,000000000495826
0,0036666667 0,000000000545409
0,0040000000 0,000000000594991
0,0043333333 0,000000000644574
0,0046666667 0,000000000694156
0,0050000000 0,000000000743739
0,0053333333 0,000000000793321
0,0056666667 0,000000000842904
0,0060000000 0,000000000892487
0,0063333333 0,000000000942069
0,0066666667 0,000000000991652
0,0070000000 0,000000001041234
0,0073333333 0,000000001090817
0,0076666667 0,000000001140400
0,0080000000 0,000000001189982
0,0083333333 0,000000001239565
0,0086666667 0,000000001289147
0,0090000000 0,000000001338730
0,0093333333 0,000000001388313
0,0096666667 0,000000001437895
0,0100000000 0,000000001487478
0,0103333333 0,000000001537060
0,0106666667 0,000000001586643
0,0110000000 0,000000001636226
0,0113333333 0,000000001685808
0,0116666667 0,000000001735391
0,0120000000 0,000000001784973
0,0123333333 0,000000001834556
0,0126666667 0,000000001884139
0,0130000000 0,000000001933721
0,0133333333 0,000000001983304
0,0136666667 0,000000002032886
0,0140000000 0,000000002082469
0,0143333333 0,000000002132051
0,0146666667 0,000000002181634
0,0150000000 0,000000002231217
0,0153333333 0,000000002280799
0,0156666667 0,000000002330382
0,0160000000 0,000000002379964
0,0163333333 0,000000002429547
0,0166666667 0,000000002479130
0,0170000000 0,000000002528712
0,0173333333 0,000000002578295
0,0176666667 0,000000002627877
0,0180000000 0,000000002677460
0,0183333333 0,000000002727043
0,0186666667 0,000000002776625
0,0190000000 0,000000002826208
0,0193333333 0,000000002875790
0,0196666667 0,000000002925373
0,0200000000 0,000000002974956
0,0203333333 0,000000003024538
0,0206666667 0,000000003074121
0,0210000000 0,000000003123703
0,0213333333 0,000000003173286
0,0216666667 0,000000003222868
0,0220000000 0,000000003272451
0,0223333333 0,000000003322034
0,0226666667 0,000000003371616
0,0230000000 0,000000003421199
0,0233333333 0,000000003470781
0,0236666667 0,000000003520364
0,0240000000 0,000000003569947
0,0243333333 0,000000003619529
0,0246666667 0,000000003669112
0,0250000000 0,000000003718694
0,0253333333 0,000000003768277
0,0256666667 0,000000003817860
0,0260000000 0,000000003867442
0,0263333333 0,000000003917025
0,0266666667 0,000000003966607
0,0270000000 0,000000004016190
0,0273333333 0,000000004065773
0,0276666667 0,000000004115355
0,0280000000 0,000000004164938
0,0283333333 0,000000004214520
0,0286666667 0,000000004264103
0,0290000000 0,000000004313686
0,0293333333 0,000000004363268
0,0296666667 0,000000004412851
0,0300000000 0,000000004462433
0,0303333333 0,000000004512016
0,0306666667 0,000000004561598
0,0310000000 0,000000004611181
0,0313333333 0,000000004660764
0,0316666667 0,000000004710346
0,0320000000 0,000000004759929
0,0323333333 0,000000004809511
0,0326666667 0,000000004859094
0,0330000000 0,000000004908677
0,0333333333 0,000000004958259
0,0336666667 0,000000005007842
0,0340000000 0,000000005057424
0,0343333333 0,000000005107007
0,0346666667 0,000000005156590
0,0350000000 0,000000005206172
0,0353333333 0,000000005255755
0,0356666667 0,000000005305337
0,0360000000 0,000000005354920
0,0363333333 0,000000005404503
0,0366666667 0,000000005454085
0,0370000000 0,000000005503668
0,0373333333 0,000000005553250
0,0376666667 0,000000005602833
0,0380000000 0,000000005652416
0,0383333333 0,000000005701998
0,0386666667 0,000000005751581
0,0390000000 0,000000005801163
0,0393333333 0,000000005850746
0,0396666667 0,000000005900328
0,0400000000 0,000000005949911
0,0403333333 0,000000005999494
0,0406666667 0,000000006049076
0,0410000000 0,000000006098659
0,0413333333 0,000000006148241
0,0416666667 0,000000006197824
0,0420000000 0,000000006247407
0,0423333333 0,000000006296989
0,0426666667 0,000000006346572
0,0430000000 0,000000006396154
0,0433333333 0,000000006445737
0,0436666667 0,000000006495320
0,0440000000 0,000000006544902
0,0443333333 0,000000006594485
0,0446666667 0,000000006644067
0,0450000000 0,000000006693650
0,0453333333 0,000000006743233
0,0456666667 0,000000006792815
0,0460000000 0,000000006842398
0,0463333333 0,000000006891980
0,0466666667 0,000000006941563
0,0470000000 0,000000006991145
0,0473333333 0,000000007040728
0,0476666667 0,000000007090311
0,0480000000 0,000000007139893
0,0483333333 0,000000007189476
0,0486666667 0,000000007239058
0,0490000000 0,000000007288641
0,0493333333 0,000000007338224
0,0496666667 0,000000007387806
0,0500000000 0,000000007437389
0,0503333333 0,000000007486971
0,0506666667 0,000000007536554
0,0510000000 0,000000007586137
0,0513333333 0,000000007635719
0,0516666667 0,000000007685302
0,0520000000 0,000000007734884
0,0523333333 0,000000007784467
0,0526666667 0,000000007834050
0,0530000000 0,000000007883632
0,0533333333 0,000000007933215
0,0536666667 0,000000007982797
0,0540000000 0,000000008032380
0,0543333333 0,000000008081963
0,0546666667 0,000000008131545
0,0550000000 0,000000008181128
0,0553333333 0,000000008230710
0,0556666667 0,000000008280293
0,0560000000 0,000000008329875
0,0563333333 0,000000008379458
0,0566666667 0,000000008429041
0,0570000000 0,000000008478623
0,0573333333 0,000000008528206
0,0576666667 0,000000008577788
0,0580000000 0,000000008627371
0,0583333333 0,000000008676954
0,0586666667 0,000000008726536
0,0590000000 0,000000008776119
0,0593333333 0,000000008825701
0,0596666667 0,000000008875284
0,0600000000 0,000000008924867
0,0603333333 0,000000008974449
0,0606666667 0,000000009024032
0,0610000000 0,000000009073614
0,0613333333 0,000000009123197
0,0616666667 0,000000009172780
0,0620000000 0,000000009222362
0,0623333333 0,000000009271945
0,0626666667 0,000000009321527
0,0630000000 0,000000009371110
0,0633333333 0,000000009420693
0,0636666667 0,000000009470275
0,0640000000 0,000000009519858
0,0643333333 0,000000009569440
0,0646666667 0,000000009619023
0,0650000000 0,000000009668605
0,0653333333 0,000000009718188
0,0656666667 0,000000009767771
0,0660000000 0,000000009817353
0,0663333333 0,000000009866936
0,0666666667 0,000000009916518
0,0670000000 0,000000009966101
0,0673333333 0,000000010015684
0,0676666667 0,000000010065266
0,0680000000 0,000000010114849
0,0683333333 0,000000010164431
0,0686666667 0,000000010214014
0,0690000000 0,000000010263597
0,0693333333 0,000000010313179
0,0696666667 0,000000010362762
0,0700000000 0,000000010412344
0,0703333333 0,000000010461927
0,0706666667 0,000000010511510
0,0710000000 0,000000010561092
0,0713333333 0,000000010610675
0,0716666667 0,000000010660257
0,0720000000 0,000000010709840
0,0723333333 0,000000010759422
0,0726666667 0,000000010809005
0,0730000000 0,000000010858588
0,0733333333 0,000000010908170
0,0736666667 0,000000010957753
0,0740000000 0,000000011007335
0,0743333333 0,000000011056918
0,0746666667 0,000000011106501
0,0750000000 0,000000011156083
0,0753333333 0,000000011205666
0,0756666667 0,000000011255248
0,0760000000 0,000000011304831
0,0763333333 0,000000011354414
0,0766666667 0,000000011403996
0,0770000000 0,000000011453579
0,0773333333 0,000000011503161
0,0776666667 0,000000011552744
0,0780000000 0,000000011602327
0,0783333333 0,000000011651909
0,0786666667 0,000000011701492
0,0790000000 0,000000011751074
0,0793333333 0,000000011800657
0,0796666667 0,000000011850240
0,0800000000 0,000000011899822
0,0803333333 0,000000011949405
0,0806666667 0,000000011998987
0,0810000000 0,000000012048570
0,0813333333 0,000000012098152
0,0816666667 0,000000012147735
0,0820000000 0,000000012197318
0,0823333333 0,000000012246900
0,0826666667 0,000000012296483
0,0830000000 0,000000012346065
0,0833333333 0,000000012395648
0,0836666667 0,000000012445231
0,0840000000 0,000000012494813
0,0843333333 0,000000012544396
0,0846666667 0,000000012593978
0,0850000000 0,000000012643561
0,0853333333 0,000000012693144
0,0856666667 0,000000012742726
0,0860000000 0,000000012792309
0,0863333333 0,000000012841891
0,0866666667 0,000000012891474
0,0870000000 0,000000012941057
0,0873333333 0,000000012990639
0,0876666667 0,000000013040222
0,0880000000 0,000000013089804
0,0883333333 0,000000013139387
0,0886666667 0,000000013188969
0,0890000000 0,000000013238552
0,0893333333 0,000000013288135
0,0896666667 0,000000013337717
0,0900000000 0,000000013387300
0,0903333333 0,000000013436882
0,0906666667 0,000000013486465
0,0910000000 0,000000013536048
0,0913333333 0,000000013585630
0,0916666667 0,000000013635213
0,0920000000 0,000000013684795
0,0923333333 0,000000013734378
0,0926666667 0,000000013783961
0,0930000000 0,000000013833543
0,0933333333 0,000000013883126
0,0936666667 0,000000013932708
0,0940000000 0,000000013982291
0,0943333333 0,000000014031874
0,0946666667 0,000000014081456
0,0950000000 0,000000014131039
0,0953333333 0,000000014180621
0,0956666667 0,000000014230204
0,0960000000 0,000000014279787
0,0963333333 0,000000014329369
0,0966666667 0,000000014378952
0,0970000000 0,000000014428534
0,0973333333 0,000000014478117
0,0976666667 0,000000014527699
0,0980000000 0,000000014577282
0,0983333333 0,000000014626865
0,0986666667 0,000000014676447
0,0990000000 0,000000014726030
0,0993333333 0,000000014775612
0,0996666667 0,000000014825195
0,1000000000 0,000000014874778
0,1003333333 0,000000014924360
0,1006666667 0,000000014973943
0,1010000000 0,000000015023525
0,1013333333 0,000000015073108
0,1016666667 0,000000015122691
0,1020000000 0,000000015172273
0,1023333333 0,000000015221856
0,1026666667 0,000000015271438
0,1030000000 0,000000015321021
0,1033333333 0,000000015370604
0,1036666667 0,000000015420186
0,1040000000 0,000000015469769
0,1043333333 0,000000015519351
0,1046666667 0,000000015568934
0,1050000000 0,000000015618517
0,1053333333 0,000000015668099
0,1056666667 0,000000015717682
0,1060000000 0,000000015767264
0,1063333333 0,000000015816847
0,1066666667 0,000000015866429
0,1070000000 0,000000015916012
0,1073333333 0,000000015965595
0,1076666667 0,000000016015177
0,1080000000 0,000000016064760
0,1083333333 0,000000016114342
0,1086666667 0,000000016163925
0,1090000000 0,000000016213508
0,1093333333 0,000000016263090
0,1096666667 0,000000016312673
0,1100000000 0,000000016362255
0,1103333333 0,000000016411838
0,1106666667 0,000000016461421
0,1110000000 0,000000016511003
0,1113333333 0,000000016560586
0,1116666667 0,000000016610168
0,1120000000 0,000000016659751
0,1123333333 0,000000016709334
0,1126666667 0,000000016758916
0,1130000000 0,000000016808499
0,1133333333 0,000000016858081
0,1136666667 0,000000016907664
0,1140000000 0,000000016957246
0,1143333333 0,000000017006829
0,1146666667 0,000000017056412
0,1150000000 0,000000017105994
0,1153333333 0,000000017155577
0,1156666667 0,000000017205159
0,1160000000 0,000000017254742
0,1163333333 0,000000017304325
0,1166666667 0,000000017353907
0,1170000000 0,000000017403490
0,1173333333 0,000000017453072
0,1176666667 0,000000017502655
0,1180000000 0,000000017552238
0,1183333333 0,000000017601820
0,1186666667 0,000000017651403
0,1190000000 0,000000017700985
0,1193333333 0,000000017750568
0,1196666667 0,000000017800151
0,1200000000 0,000000017849733
0,1203333333 0,000000017899316
0,1206666667 0,000000017948898
0,1210000000 0,000000017998481
0,1213333333 0,000000018048064
0,1216666667 0,000000018097646
0,1220000000 0,000000018147229
0,1223333333 0,000000018196811
0,1226666667 0,000000018246394
0,1230000000 0,000000018295976
0,1233333333 0,000000018345559
0,1236666667 0,000000018395142
0,1240000000 0,000000018444724
0,1243333333 0,000000018494307
0,1246666667 0,000000018543889
0,1250000000 0,000000018593472
0,1253333333 0,000000018643055
0,1256666667 0,000000018692637
0,1260000000 0,000000018742220
0,1263333333 0,000000018791802
0,1266666667 0,000000018841385
0,1270000000 0,000000018890968
0,1273333333 0,000000018940550
0,1276666667 0,000000018990133
0,1280000000 0,000000019039715
0,1283333333 0,000000019089298
0,1286666667 0,000000019138881
0,1290000000 0,000000019188463
0,1293333333 0,000000019238046
0,1296666667 0,000000019287628
0,1300000000 0,000000019337211
0,1303333333 0,000000019386794
0,1306666667 0,000000019436376
0,1310000000 0,000000019485959
0,1313333333 0,000000019535541
0,1316666667 0,000000019585124
0,1320000000 0,000000019634706
0,1323333333 0,000000019684289
0,1326666667 0,000000019733872
0,1330000000 0,000000019783454
0,1333333333 0,000000019833037
0,1336666667 0,000000019882619
0,1340000000 0,000000019932202
0,1343333333 0,000000019981785
0,1346666667 0,000000020031367
0,1350000000 0,000000020080950
0,1353333333 0,000000020130532
0,1356666667 0,000000020180115
0,1360000000 0,000000020229698
0,1363333333 0,000000020279280
0,1366666667 0,000000020328863
0,1370000000 0,000000020378445
0,1373333333 0,000000020428028
0,1376666667 0,000000020477611
0,1380000000 0,000000020527193
0,1383333333 0,000000020576776
0,1386666667 0,000000020626358
0,1390000000 0,000000020675941
0,1393333333 0,000000020725523
0,1396666667 0,000000020775106
0,1400000000 0,000000020824689
0,1403333333 0,000000020874271
0,1406666667 0,000000020923854
0,1410000000 0,000000020973436
0,1413333333 0,000000021023019
0,1416666667 0,000000021072602
0,1420000000 0,000000021122184
0,1423333333 0,000000021171767
0,1426666667 0,000000021221349
0,1430000000 0,000000021270932
0,1433333333 0,000000021320515
0,1436666667 0,000000021370097
0,1440000000 0,000000021419680
0,1443333333 0,000000021469262
0,1446666667 0,000000021518845
0,1450000000 0,000000021568428
0,1453333333 0,000000021618010
0,1456666667 0,000000021667593
0,1460000000 0,000000021717175
0,1463333333 0,000000021766758
0,1466666667 0,000000021816341
0,1470000000 0,000000021865923
0,1473333333 0,000000021915506
0,1476666667 0,000000021965088
0,1480000000 0,000000022014671
0,1483333333 0,000000022064253
0,1486666667 0,000000022113836
0,1490000000 0,000000022163419
0,1493333333 0,000000022213001
0,1496666667 0,000000022262584
0,1500000000 0,000000022312166
0,1503333333 0,000000022361749
0,1506666667 0,000000022411332
0,1510000000 0,000000022460914
0,1513333333 0,000000022510497
0,1516666667 0,000000022560079
0,1520000000 0,000000022609662
0,1523333333 0,000000022659245
0,1526666667 0,000000022708827
0,1530000000 0,000000022758410
0,1533333333 0,000000022807992
0,1536666667 0,000000022857575
0,1540000000 0,000000022907158
0,1543333333 0,000000022956740
0,1546666667 0,000000023006323
0,1550000000 0,000000023055905
0,1553333333 0,000000023105488
0,1556666667 0,000000023155070
0,1560000000 0,000000023204653
0,1563333333 0,000000023254236
0,1566666667 0,000000023303818
0,1570000000 0,000000023353401
0,1573333333 0,000000023402983
0,1576666667 0,000000023452566
0,1580000000 0,000000023502149
0,1583333333 0,000000023551731
0,1586666667 0,000000023601314
0,1590000000 0,000000023650896
0,1593333333 0,000000023700479
0,1596666667 0,000000023750062
0,1600000000 0,000000023799644
0,1603333333 0,000000023849227
0,1606666667 0,000000023898809
0,1610000000 0,000000023948392
0,1613333333 0,000000023997975
0,1616666667 0,000000024047557
0,1620000000 0,000000024097140
0,1623333333 0,000000024146722
0,1626666667 0,000000024196305
0,1630000000 0,000000024245888
0,1633333333 0,000000024295470
0,1636666667 0,000000024345053
0,1640000000 0,000000024394635
0,1643333333 0,000000024444218
0,1646666667 0,000000024493800
0,1650000000 0,000000024543383
0,1653333333 0,000000024592966
0,1656666667 0,000000024642548
0,1660000000 0,000000024692131
0,1663333333 0,000000024741713
0,1666666667 0,000000024791296
0,1670000000 0,000000024840879
0,1673333333 0,000000024890461
0,1676666667 0,000000024940044
0,1680000000 0,000000024989626
0,1683333333 0,000000025039209
0,1686666667 0,000000025088792
0,1690000000 0,000000025138374
0,1693333333 0,000000025187957
0,1696666667 0,000000025237539
0,1700000000 0,000000025287122
0,1703333333 0,000000025336705
0,1706666667 0,000000025386287
0,1710000000 0,000000025435870
0,1713333333 0,000000025485452
0,1716666667 0,000000025535035
0,1720000000 0,000000025584618
0,1723333333 0,000000025634200
0,1726666667 0,000000025683783
0,1730000000 0,000000025733365
0,1733333333 0,000000025782948
0,1736666667 0,000000025832530
0,1740000000 0,000000025882113
0,1743333333 0,000000025931696
0,1746666667 0,000000025981278
0,1750000000 0,000000026030861
0,1753333333 0,000000026080443
0,1756666667 0,000000026130026
0,1760000000 0,000000026179609
0,1763333333 0,000000026229191
0,1766666667 0,000000026278774
0,1770000000 0,000000026328356
0,1773333333 0,000000026377939
0,1776666667 0,000000026427522
0,1780000000 0,000000026477104
0,1783333333 0,000000026526687
0,1786666667 0,000000026576269
0,1790000000 0,000000026625852
0,1793333333 0,000000026675435
0,1796666667 0,000000026725017
0,1800000000 0,000000026774600
0,1803333333 0,000000026824182
0,1806666667 0,000000026873765
0,1810000000 0,000000026923347
0,1813333333 0,000000026972930
0,1816666667 0,000000027022513
0,1820000000 0,000000027072095
0,1823333333 0,000000027121678
0,1826666667 0,000000027171260
0,1830000000 0,000000027220843
0,1833333333 0,000000027270426
0,1836666667 0,000000027320008
0,1840000000 0,000000027369591
0,1843333333 0,000000027419173
0,1846666667 0,000000027468756
0,1850000000 0,000000027518339
0,1853333333 0,000000027567921
0,1856666667 0,000000027617504
0,1860000000 0,000000027667086
0,1863333333 0,000000027716669
0,1866666667 0,000000027766252
0,1870000000 0,000000027815834
0,1873333333 0,000000027865417
0,1876666667 0,000000027914999
0,1880000000 0,000000027964582
0,1883333333 0,000000028014165
0,1886666667 0,000000028063747
0,1890000000 0,000000028113330
0,1893333333 0,000000028162912
0,1896666667 0,000000028212495
0,1900000000 0,000000028262077
0,1903333333 0,000000028311660
0,1906666667 0,000000028361243
0,1910000000 0,000000028410825
0,1913333333 0,000000028460408
0,1916666667 0,000000028509990
0,1920000000 0,000000028559573
0,1923333333 0,000000028609156
0,1926666667 0,000000028658738
0,1930000000 0,000000028708321
0,1933333333 0,000000028757903
0,1936666667 0,000000028807486
0,1940000000 0,000000028857069
0,1943333333 0,000000028906651
0,1946666667 0,000000028956234
0,1950000000 0,000000029005816
0,1953333333 0,000000029055399
0,1956666667 0,000000029104982
0,1960000000 0,000000029154564
0,1963333333 0,000000029204147
0,1966666667 0,000000029253729
0,1970000000 0,000000029303312
0,1973333333 0,000000029352894
0,1976666667 0,000000029402477
0,1980000000 0,000000029452060
0,1983333333 0,000000029501642
0,1986666667 0,000000029551225
0,1990000000 0,000000029600807
0,1993333333 0,000000029650390
0,1996666667 0,000000029699973
0,2000000000 0,000000029749555
0,2003333333 0,000000029799138
0,2006666667 0,000000029848720
0,2010000000 0,000000029898303
0,2013333333 0,000000029947886
0,2016666667 0,000000029997468
0,2020000000 0,000000030047051
0,2023333333 0,000000030096633
0,2026666667 0,000000030146216
0,2030000000 0,000000030195799
0,2033333333 0,000000030245381
0,2036666667 0,000000030294964
0,2040000000 0,000000030344546
0,2043333333 0,000000030394129
0,2046666667 0,000000030443712
0,2050000000 0,000000030493294
0,2053333333 0,000000030542877
0,2056666667 0,000000030592459
0,2060000000 0,000000030642042
0,2063333333 0,000000030691624
0,2066666667 0,000000030741207
0,2070000000 0,000000030790790
0,2073333333 0,000000030840372
0,2076666667 0,000000030889955
0,2080000000 0,000000030939537
0,2083333333 0,000000030989120
0,2086666667 0,000000031038703
0,2090000000 0,000000031088285
0,2093333333 0,000000031137868
0,2096666667 0,000000031187450
0,2100000000 0,000000031237033
0,2103333333 0,000000031286616
0,2106666667 0,000000031336198
0,2110000000 0,000000031385781
0,2113333333 0,000000031435363
0,2116666667 0,000000031484946
0,2120000000 0,000000031534529
0,2123333333 0,000000031584111
0,2126666667 0,000000031633694
0,2130000000 0,000000031683276
0,2133333333 0,000000031732859
0,2136666667 0,000000031782441
0,2140000000 0,000000031832024
0,2143333333 0,000000031881607
0,2146666667 0,000000031931189
0,2150000000 0,000000031980772
0,2153333333 0,000000032030354
0,2156666667 0,000000032079937
0,2160000000 0,000000032129520
0,2163333333 0,000000032179102
0,2166666667 0,000000032228685
0,2170000000 0,000000032278267
0,2173333333 0,000000032327850
0,2176666667 0,000000032377433
0,2180000000 0,000000032427015
0,2183333333 0,000000032476598
0,2186666667 0,000000032526180
0,2190000000 0,000000032575763
0,2193333333 0,000000032625346
0,2196666667 0,000000032674928
0,2200000000 0,000000032724511
0,2203333333 0,000000032774093
0,2206666667 0,000000032823676
0,2210000000 0,000000032873259
0,2213333333 0,000000032922841
0,2216666667 0,000000032972424
0,2220000000 0,000000033022006
0,2223333333 0,000000033071589
0,2226666667 0,000000033121171
0,2230000000 0,000000033170754
0,2233333333 0,000000033220337
0,2236666667 0,000000033269919
0,2240000000 0,000000033319502
0,2243333333 0,000000033369084
0,2246666667 0,000000033418667
0,2250000000 0,000000033468250
0,2253333333 0,000000033517832
0,2256666667 0,000000033567415
0,2260000000 0,000000033616997
0,2263333333 0,000000033666580
0,2266666667 0,000000033716163
0,2270000000 0,000000033765745
0,2273333333 0,000000033815328
0,2276666667 0,000000033864910
0,2280000000 0,000000033914493
0,2283333333 0,000000033964076
0,2286666667 0,000000034013658
0,2290000000 0,000000034063241
0,2293333333 0,000000034112823
0,2296666667 0,000000034162406
0,2300000000 0,000000034211988
0,2303333333 0,000000034261571
0,2306666667 0,000000034311154
0,2310000000 0,000000034360736
0,2313333333 0,000000034410319
0,2316666667 0,000000034459901
0,2320000000 0,000000034509484
0,2323333333 0,000000034559067
0,2326666667 0,000000034608649
0,2330000000 0,000000034658232
0,2333333333 0,000000034707814
0,2336666667 0,000000034757397
0,2340000000 0,000000034806980
0,2343333333 0,000000034856562
0,2346666667 0,000000034906145
0,2350000000 0,000000034955727
0,2353333333 0,000000035005310
0,2356666667 0,000000035054893
0,2360000000 0,000000035104475
0,2363333333 0,000000035154058
0,2366666667 0,000000035203640
0,2370000000 0,000000035253223
0,2373333333 0,000000035302806
0,2376666667 0,000000035352388
0,2380000000 0,000000035401971
0,2383333333 0,000000035451553
0,2386666667 0,000000035501136
0,2390000000 0,000000035550718
0,2393333333 0,000000035600301
0,2396666667 0,000000035649884
0,2400000000 0,000000035699466
0,2403333333 0,000000035749049
0,2406666667 0,000000035798631
0,2410000000 0,000000035848214
0,2413333333 0,000000035897797
0,2416666667 0,000000035947379
0,2420000000 0,000000035996962
0,2423333333 0,000000036046544
0,2426666667 0,000000036096127
0,2430000000 0,000000036145710
0,2433333333 0,000000036195292
0,2436666667 0,000000036244875
0,2440000000 0,000000036294457
0,2443333333 0,000000036344040
0,2446666667 0,000000036393623
0,2450000000 0,000000036443205
0,2453333333 0,000000036492788
0,2456666667 0,000000036542370
0,2460000000 0,000000036591953
0,2463333333 0,000000036641535
0,2466666667 0,000000036691118
0,2470000000 0,000000036740701
0,2473333333 0,000000036790283
0,2476666667 0,000000036839866
0,2480000000 0,000000036889448
0,2483333333 0,000000036939031
0,2486666667 0,000000036988614
0,2490000000 0,000000037038196
0,2493333333 0,000000037087779
0,2496666667 0,000000037137361
0,2500000000 0,000000037186944
0,2503333333 0,000000037236527
0,2506666667 0,000000037286109
0,2510000000 0,000000037335692
0,2513333333 0,000000037385274
0,2516666667 0,000000037434857
0,2520000000 0,000000037484440
0,2523333333 0,000000037534022
0,2526666667 0,000000037583605
0,2530000000 0,000000037633187
0,2533333333 0,000000037682770
0,2536666667 0,000000037732353
0,2540000000 0,000000037781935
0,2543333333 0,000000037831518
0,2546666667 0,000000037881100
0,2550000000 0,000000037930683
0,2553333333 0,000000037980265
0,2556666667 0,000000038029848
0,2560000000 0,000000038079431
0,2563333333 0,000000038129013
0,2566666667 0,000000038178596
0,2570000000 0,000000038228178
0,2573333333 0,000000038277761
0,2576666667 0,000000038327344
0,2580000000 0,000000038376926
0,2583333333 0,000000038426509
0,2586666667 0,000000038476091
0,2590000000 0,000000038525674
0,2593333333 0,000000038575257
0,2596666667 0,000000038624839
0,2600000000 0,000000038674422
0,2603333333 0,000000038724004
0,2606666667 0,000000038773587
0,2610000000 0,000000038823170
0,2613333333 0,000000038872752
0,2616666667 0,000000038922335
0,2620000000 0,000000038971917
0,2623333333 0,000000039021500
0,2626666667 0,000000039071082
0,2630000000 0,000000039120665
0,2633333333 0,000000039170248
0,2636666667 0,000000039219830
0,2640000000 0,000000039269413
0,2643333333 0,000000039318995
0,2646666667 0,000000039368578
0,2650000000 0,000000039418161
0,2653333333 0,000000039467743
0,2656666667 0,000000039517326
0,2660000000 0,000000039566908
0,2663333333 0,000000039616491
0,2666666667 0,000000039666074
0,2670000000 0,000000039715656
0,2673333333 0,000000039765239
0,2676666667 0,000000039814821
0,2680000000 0,000000039864404
0,2683333333 0,000000039913987
0,2686666667 0,000000039963569
0,2690000000 0,000000040013152
0,2693333333 0,000000040062734
0,2696666667 0,000000040112317
0,2700000000 0,000000040161900
0,2703333333 0,000000040211482
0,2706666667 0,000000040261065
0,2710000000 0,000000040310647
0,2713333333 0,000000040360230
0,2716666667 0,000000040409812
0,2720000000 0,000000040459395
0,2723333333 0,000000040508978
0,2726666667 0,000000040558560
0,2730000000 0,000000040608143
0,2733333333 0,000000040657725
0,2736666667 0,000000040707308
0,2740000000 0,000000040756891
0,2743333333 0,000000040806473
0,2746666667 0,000000040856056
0,2750000000 0,000000040905638
0,2753333333 0,000000040955221
0,2756666667 0,000000041004804
0,2760000000 0,000000041054386
0,2763333333 0,000000041103969
0,2766666667 0,000000041153551
0,2770000000 0,000000041203134
0,2773333333 0,000000041252717
0,2776666667 0,000000041302299
0,2780000000 0,000000041351882
0,2783333333 0,000000041401464
0,2786666667 0,000000041451047
0,2790000000 0,000000041500629
0,2793333333 0,000000041550212
0,2796666667 0,000000041599795
0,2800000000 0,000000041649377
0,2803333333 0,000000041698960
0,2806666667 0,000000041748542
0,2810000000 0,000000041798125
0,2813333333 0,000000041847708
0,2816666667 0,000000041897290
0,2820000000 0,000000041946873
0,2823333333 0,000000041996455
0,2826666667 0,000000042046038
0,2830000000 0,000000042095621
0,2833333333 0,000000042145203
0,2836666667 0,000000042194786
0,2840000000 0,000000042244368
0,2843333333 0,000000042293951
0,2846666667 0,000000042343534
0,2850000000 0,000000042393116
0,2853333333 0,000000042442699
0,2856666667 0,000000042492281
0,2860000000 0,000000042541864
0,2863333333 0,000000042591447
0,2866666667 0,000000042641029
0,2870000000 0,000000042690612
0,2873333333 0,000000042740194
0,2876666667 0,000000042789777
0,2880000000 0,000000042839359
0,2883333333 0,000000042888942
0,2886666667 0,000000042938525
0,2890000000 0,000000042988107
0,2893333333 0,000000043037690
0,2896666667 0,000000043087272
0,2900000000 0,000000043136855
0,2903333333 0,000000043186438
0,2906666667 0,000000043236020
0,2910000000 0,000000043285603
0,2913333333 0,000000043335185
0,2916666667 0,000000043384768
0,2920000000 0,000000043434351
0,2923333333 0,000000043483933
0,2926666667 0,000000043533516
0,2930000000 0,000000043583098
0,2933333333 0,000000043632681
0,2936666667 0,000000043682264
0,2940000000 0,000000043731846
0,2943333333 0,000000043781429
0,2946666667 0,000000043831011
0,2950000000 0,000000043880594
0,2953333333 0,000000043930176
0,2956666667 0,000000043979759
0,2960000000 0,000000044029342
0,2963333333 0,000000044078924
0,2966666667 0,000000044128507
0,2970000000 0,000000044178089
0,2973333333 0,000000044227672
0,2976666667 0,000000044277255
0,2980000000 0,000000044326837
0,2983333333 0,000000044376420
0,2986666667 0,000000044426002
0,2990000000 0,000000044475585
0,2993333333 0,000000044525168
0,2996666667 0,000000044574750
0,3000000000 0,000000044624333
0,3003333333 0,000000044673915
0,3006666667 0,000000044723498
0,3010000000 0,000000044773081
0,3013333333 0,000000044822663
0,3016666667 0,000000044872246
0,3020000000 0,000000044921828
0,3023333333 0,000000044971411
0,3026666667 0,000000045020993
0,3030000000 0,000000045070576
0,3033333333 0,000000045120159
0,3036666667 0,000000045169741
0,3040000000 0,000000045219324
0,3043333333 0,000000045268906
0,3046666667 0,000000045318489
0,3050000000 0,000000045368072
0,3053333333 0,000000045417654
0,3056666667 0,000000045467237
0,3060000000 0,000000045516819
0,3063333333 0,000000045566402
0,3066666667 0,000000045615985
0,3070000000 0,000000045665567
0,3073333333 0,000000045715150
0,3076666667 0,000000045764732
0,3080000000 0,000000045814315
0,3083333333 0,000000045863898
0,3086666667 0,000000045913480
0,3090000000 0,000000045963063
0,3093333333 0,000000046012645
0,3096666667 0,000000046062228
0,3100000000 0,000000046111811
0,3103333333 0,000000046161393
0,3106666667 0,000000046210976
0,3110000000 0,000000046260558
0,3113333333 0,000000046310141
0,3116666667 0,000000046359723
0,3120000000 0,000000046409306
0,3123333333 0,000000046458889
0,3126666667 0,000000046508471
0,3130000000 0,000000046558054
0,3133333333 0,000000046607636
0,3136666667 0,000000046657219
0,3140000000 0,000000046706802
0,3143333333 0,000000046756384
0,3146666667 0,000000046805967
0,3150000000 0,000000046855549
0,3153333333 0,000000046905132
0,3156666667 0,000000046954715
0,3160000000 0,000000047004297
0,3163333333 0,000000047053880
0,3166666667 0,000000047103462
0,3170000000 0,000000047153045
0,3173333333 0,000000047202628
0,3176666667 0,000000047252210
0,3180000000 0,000000047301793
0,3183333333 0,000000047351375
0,3186666667 0,000000047400958
0,3190000000 0,000000047450540
0,3193333333 0,000000047500123
0,3196666667 0,000000047549706
0,3200000000 0,000000047599288
0,3203333333 0,000000047648871
0,3206666667 0,000000047698453
0,3210000000 0,000000047748036
0,3213333333 0,000000047797619
0,3216666667 0,000000047847201
0,3220000000 0,000000047896784
0,3223333333 0,000000047946366
0,3226666667 0,000000047995949
0,3230000000 0,000000048045532
0,3233333333 0,000000048095114
0,3236666667 0,000000048144697
0,3240000000 0,000000048194279
0,3243333333 0,000000048243862
0,3246666667 0,000000048293445
0,3250000000 0,000000048343027
0,3253333333 0,000000048392610
0,3256666667 0,000000048442192
0,3260000000 0,000000048491775
0,3263333333 0,000000048541358
0,3266666667 0,000000048590940
0,3270000000 0,000000048640523
0,3273333333 0,000000048690105
0,3276666667 0,000000048739688
0,3280000000 0,000000048789270
0,3283333333 0,000000048838853
0,3286666667 0,000000048888436
0,3290000000 0,000000048938018
0,3293333333 0,000000048987601
0,3296666667 0,000000049037183
0,3300000000 0,000000049086766
0,3303333333 0,000000049136349
0,3306666667 0,000000049185931
0,3310000000 0,000000049235514
0,3313333333 0,000000049285096
0,3316666667 0,000000049334679
0,3320000000 0,000000049384262
0,3323333333 0,000000049433844
0,3326666667 0,000000049483427
0,3330000000 0,000000049533009
0,3333333333 0,000000049582592
0,3336666667 0,000000049632175
0,3340000000 0,000000049681757
0,3343333333 0,000000049731340
0,3346666667 0,000000049780922
0,3350000000 0,000000049830505
0,3353333333 0,000000049880087
0,3356666667 0,000000049929670
0,3360000000 0,000000049979253
0,3363333333 0,000000050028835
0,3366666667 0,000000050078418
0,3370000000 0,000000050128000
0,3373333333 0,000000050177583
0,3376666667 0,000000050227166
0,3380000000 0,000000050276748
0,3383333333 0,000000050326331
0,3386666667 0,000000050375913
0,3390000000 0,000000050425496
0,3393333333 0,000000050475079
0,3396666667 0,000000050524661
0,3400000000 0,000000050574244
0,3403333333 0,000000050623826
0,3406666667 0,000000050673409
0,3410000000 0,000000050722992
0,3413333333 0,000000050772574
0,3416666667 0,000000050822157
0,3420000000 0,000000050871739
0,3423333333 0,000000050921322
0,3426666667 0,000000050970904
0,3430000000 0,000000051020487
0,3433333333 0,000000051070070
0,3436666667 0,000000051119652
0,3440000000 0,000000051169235
0,3443333333 0,000000051218817
0,3446666667 0,000000051268400
0,3450000000 0,000000051317983
0,3453333333 0,000000051367565
0,3456666667 0,000000051417148
0,3460000000 0,000000051466730
0,3463333333 0,000000051516313
0,3466666667 0,000000051565896
0,3470000000 0,000000051615478
0,3473333333 0,000000051665061
0,3476666667 0,000000051714643
0,3480000000 0,000000051764226
0,3483333333 0,000000051813809
0,3486666667 0,000000051863391
0,3490000000 0,000000051912974
0,3493333333 0,000000051962556
0,3496666667 0,000000052012139
0,3500000000 0,000000052061721
0,3503333333 0,000000052111304
0,3506666667 0,000000052160887
0,3510000000 0,000000052210469
0,3513333333 0,000000052260052
0,3516666667 0,000000052309634
0,3520000000 0,000000052359217
0,3523333333 0,000000052408800
0,3526666667 0,000000052458382
0,3530000000 0,000000052507965
0,3533333333 0,000000052557547
0,3536666667 0,000000052607130
0,3540000000 0,000000052656713
0,3543333333 0,000000052706295
0,3546666667 0,000000052755878
0,3550000000 0,000000052805460
0,3553333333 0,000000052855043
0,3556666667 0,000000052904626
0,3560000000 0,000000052954208
0,3563333333 0,000000053003791
0,3566666667 0,000000053053373
0,3570000000 0,000000053102956
0,3573333333 0,000000053152539
0,3576666667 0,000000053202121
0,3580000000 0,000000053251704
0,3583333333 0,000000053301286
0,3586666667 0,000000053350869
0,3590000000 0,000000053400451
0,3593333333 0,000000053450034
0,3596666667 0,000000053499617
0,3600000000 0,000000053549199
0,3603333333 0,000000053598782
0,3606666667 0,000000053648364
0,3610000000 0,000000053697947
0,3613333333 0,000000053747530
0,3616666667 0,000000053797112
0,3620000000 0,000000053846695
0,3623333333 0,000000053896277
0,3626666667 0,000000053945860
0,3630000000 0,000000053995443
0,3633333333 0,000000054045025
0,3636666667 0,000000054094608
0,3640000000 0,000000054144190
0,3643333333 0,000000054193773
0,3646666667 0,000000054243356
0,3650000000 0,000000054292938
0,3653333333 0,000000054342521
0,3656666667 0,000000054392103
0,3660000000 0,000000054441686
0,3663333333 0,000000054491268
0,3666666667 0,000000054540851
0,3670000000 0,000000054590434
0,3673333333 0,000000054640016
0,3676666667 0,000000054689599
0,3680000000 0,000000054739181
0,3683333333 0,000000054788764
0,3686666667 0,000000054838347
0,3690000000 0,000000054887929
0,3693333333 0,000000054937512
0,3696666667 0,000000054987094
0,3700000000 0,000000055036677
0,3703333333 0,000000055086260
0,3706666667 0,000000055135842
0,3710000000 0,000000055185425
0,3713333333 0,000000055235007
0,3716666667 0,000000055284590
0,3720000000 0,000000055334173
0,3723333333 0,000000055383755
0,3726666667 0,000000055433338
0,3730000000 0,000000055482920
0,3733333333 0,000000055532503
0,3736666667 0,000000055582085
0,3740000000 0,000000055631668
0,3743333333 0,000000055681251
0,3746666667 0,000000055730833
0,3750000000 0,000000055780416
0,3753333333 0,000000055829998
0,3756666667 0,000000055879581
0,3760000000 0,000000055929164
0,3763333333 0,000000055978746
0,3766666667 0,000000056028329
0,3770000000 0,000000056077911
0,3773333333 0,000000056127494
0,3776666667 0,000000056177077
0,3780000000 0,000000056226659
0,3783333333 0,000000056276242
0,3786666667 0,000000056325824
0,3790000000 0,000000056375407
0,3793333333 0,000000056424990
0,3796666667 0,000000056474572
0,3800000000 0,000000056524155
0,3803333333 0,000000056573737
0,3806666667 0,000000056623320
0,3810000000 0,000000056672902
0,3813333333 0,000000056722485
0,3816666667 0,000000056772068
0,3820000000 0,000000056821650
0,3823333333 0,000000056871233
0,3826666667 0,000000056920815
0,3830000000 0,000000056970398
0,3833333333 0,000000057019981
0,3836666667 0,000000057069563
0,3840000000 0,000000057119146
0,3843333333 0,000000057168728
0,3846666667 0,000000057218311
0,3850000000 0,000000057267894
0,3853333333 0,000000057317476
0,3856666667 0,000000057367059
0,3860000000 0,000000057416641
0,3863333333 0,000000057466224
0,3866666667 0,000000057515807
0,3870000000 0,000000057565389
0,3873333333 0,000000057614972
0,3876666667 0,000000057664554
0,3880000000 0,000000057714137
0,3883333333 0,000000057763720
0,3886666667 0,000000057813302
0,3890000000 0,000000057862885
0,3893333333 0,000000057912467
0,3896666667 0,000000057962050
0,3900000000 0,000000058011632
0,3903333333 0,000000058061215
0,3906666667 0,000000058110798
0,3910000000 0,000000058160380
0,3913333333 0,000000058209963
0,3916666667 0,000000058259545
0,3920000000 0,000000058309128
0,3923333333 0,000000058358711
0,3926666667 0,000000058408293
0,3930000000 0,000000058457876
0,3933333333 0,000000058507458
0,3936666667 0,000000058557041
0,3940000000 0,000000058606624
0,3943333333 0,000000058656206
0,3946666667 0,000000058705789
0,3950000000 0,000000058755371
0,3953333333 0,000000058804954
0,3956666667 0,000000058854537
0,3960000000 0,000000058904119
0,3963333333 0,000000058953702
0,3966666667 0,000000059003284
0,3970000000 0,000000059052867
0,3973333333 0,000000059102449
0,3976666667 0,000000059152032
0,3980000000 0,000000059201615
0,3983333333 0,000000059251197
0,3986666667 0,000000059300780
0,3990000000 0,000000059350362
0,3993333333 0,000000059399945
0,3996666667 0,000000059449528
0,4000000000 0,000000059499110
0,4003333333 0,000000059548693
0,4006666667 0,000000059598275
0,4010000000 0,000000059647858
0,4013333333 0,000000059697441
0,4016666667 0,000000059747023
0,4020000000 0,000000059796606
0,4023333333 0,000000059846188
0,4026666667 0,000000059895771
0,4030000000 0,000000059945354
0,4033333333 0,000000059994936
0,4036666667 0,000000060044519
0,4040000000 0,000000060094101
0,4043333333 0,000000060143684
0,4046666667 0,000000060193266
0,4050000000 0,000000060242849
0,4053333333 0,000000060292432
0,4056666667 0,000000060342014
0,4060000000 0,000000060391597
0,4063333333 0,000000060441179
0,4066666667 0,000000060490762
0,4070000000 0,000000060540345
0,4073333333 0,000000060589927
0,4076666667 0,000000060639510
0,4080000000 0,000000060689092
0,4083333333 0,000000060738675
0,4086666667 0,000000060788258
0,4090000000 0,000000060837840
0,4093333333 0,000000060887423
0,4096666667 0,000000060937005
0,4100000000 0,000000060986588
0,4103333333 0,000000061036171
0,4106666667 0,000000061085753
0,4110000000 0,000000061135336
0,4113333333 0,000000061184918
0,4116666667 0,000000061234501
0,4120000000 0,000000061284083
0,4123333333 0,000000061333666
0,4126666667 0,000000061383249
0,4130000000 0,000000061432831
0,4133333333 0,000000061482414
0,4136666667 0,000000061531996
0,4140000000 0,000000061581579
0,4143333333 0,000000061631162
0,4146666667 0,000000061680744
0,4150000000 0,000000061730327
0,4153333333 0,000000061779909
0,4156666667 0,000000061829492
0,4160000000 0,000000061879075
0,4163333333 0,000000061928657
0,4166666667 0,000000061978240
0,4170000000 0,000000062027822
0,4173333333 0,000000062077405
0,4176666667 0,000000062126988
0,4180000000 0,000000062176570
0,4183333333 0,000000062226153
0,4186666667 0,000000062275735
0,4190000000 0,000000062325318
0,4193333333 0,000000062374900
0,4196666667 0,000000062424483
0,4200000000 0,000000062474066
0,4203333333 0,000000062523648
0,4206666667 0,000000062573231
0,4210000000 0,000000062622813
0,4213333333 0,000000062672396
0,4216666667 0,000000062721979
0,4220000000 0,000000062771561
0,4223333333 0,000000062821144
0,4226666667 0,000000062870726
0,4230000000 0,000000062920309
0,4233333333 0,000000062969892
0,4236666667 0,000000063019474
0,4240000000 0,000000063069057
0,4243333333 0,000000063118639
0,4246666667 0,000000063168222
0,4250000000 0,000000063217805
0,4253333333 0,000000063267387
0,4256666667 0,000000063316970
0,4260000000 0,000000063366552
0,4263333333 0,000000063416135
0,4266666667 0,000000063465717
0,4270000000 0,000000063515300
0,4273333333 0,000000063564883
0,4276666667 0,000000063614465
0,4280000000 0,000000063664048
0,4283333333 0,000000063713630
0,4286666667 0,000000063763213
0,4290000000 0,000000063812796
0,4293333333 0,000000063862378
0,4296666667 0,000000063911961
0,4300000000 0,000000063961543
0,4303333333 0,000000064011126
0,4306666667 0,000000064060709
0,4310000000 0,000000064110291
0,4313333333 0,000000064159874
0,4316666667 0,000000064209456
0,4320000000 0,000000064259039
0,4323333333 0,000000064308622
0,4326666667 0,000000064358204
0,4330000000 0,000000064407787
0,4333333333 0,000000064457369
0,4336666667 0,000000064506952
0,4340000000 0,000000064556535
0,4343333333 0,000000064606117
0,4346666667 0,000000064655700
0,4350000000 0,000000064705282
0,4353333333 0,000000064754865
0,4356666667 0,000000064804447
0,4360000000 0,000000064854030
0,4363333333 0,000000064903613
0,4366666667 0,000000064953195
0,4370000000 0,000000065002778
0,4373333333 0,000000065052360
0,4376666667 0,000000065101943
0,4380000000 0,000000065151526
0,4383333333 0,000000065201108
0,4386666667 0,000000065250691
0,4390000000 0,000000065300273
0,4393333333 0,000000065349856
0,4396666667 0,000000065399439
0,4400000000 0,000000065449021
0,4403333333 0,000000065498604
0,4406666667 0,000000065548186
0,4410000000 0,000000065597769
0,4413333333 0,000000065647352
0,4416666667 0,000000065696934
0,4420000000 0,000000065746517
0,4423333333 0,000000065796099
0,4426666667 0,000000065845682
0,4430000000 0,000000065895264
0,4433333333 0,000000065944847
0,4436666667 0,000000065994430
0,4440000000 0,000000066044012
0,4443333333 0,000000066093595
0,4446666667 0,000000066143177
0,4450000000 0,000000066192760
0,4453333333 0,000000066242343
0,4456666667 0,000000066291925
0,4460000000 0,000000066341508
0,4463333333 0,000000066391090
0,4466666667 0,000000066440673
0,4470000000 0,000000066490256
0,4473333333 0,000000066539838
0,4476666667 0,000000066589421
0,4480000000 0,000000066639003
0,4483333333 0,000000066688586
0,4486666667 0,000000066738169
0,4490000000 0,000000066787751
0,4493333333 0,000000066837334
0,4496666667 0,000000066886916
0,4500000000 0,000000066936499
0,4503333333 0,000000066986081
0,4506666667 0,000000067035664
0,4510000000 0,000000067085247
0,4513333333 0,000000067134829
0,4516666667 0,000000067184412
0,4520000000 0,000000067233994
0,4523333333 0,000000067283577
0,4526666667 0,000000067333160
0,4530000000 0,000000067382742
0,4533333333 0,000000067432325
0,4536666667 0,000000067481907
0,4540000000 0,000000067531490
0,4543333333 0,000000067581073
0,4546666667 0,000000067630655
0,4550000000 0,000000067680238
0,4553333333 0,000000067729820
0,4556666667 0,000000067779403
0,4560000000 0,000000067828986
0,4563333333 0,000000067878568
0,4566666667 0,000000067928151
0,4570000000 0,000000067977733
0,4573333333 0,000000068027316
0,4576666667 0,000000068076898
0,4580000000 0,000000068126481
0,4583333333 0,000000068176064
0,4586666667 0,000000068225646
0,4590000000 0,000000068275229
0,4593333333 0,000000068324811
0,4596666667 0,000000068374394
0,4600000000 0,000000068423977
0,4603333333 0,000000068473559
0,4606666667 0,000000068523142
0,4610000000 0,000000068572724
0,4613333333 0,000000068622307
0,4616666667 0,000000068671890
0,4620000000 0,000000068721472
0,4623333333 0,000000068771055
0,4626666667 0,000000068820637
0,4630000000 0,000000068870220
0,4633333333 0,000000068919803
0,4636666667 0,000000068969385
0,4640000000 0,000000069018968
0,4643333333 0,000000069068550
0,4646666667 0,000000069118133
0,4650000000 0,000000069167715
0,4653333333 0,000000069217298
0,4656666667 0,000000069266881
0,4660000000 0,000000069316463
0,4663333333 0,000000069366046
0,4666666667 0,000000069415628
0,4670000000 0,000000069465211
0,4673333333 0,000000069514794
0,4676666667 0,000000069564376
0,4680000000 0,000000069613959
0,4683333333 0,000000069663541
0,4686666667 0,000000069713124
0,4690000000 0,000000069762707
0,4693333333 0,000000069812289
0,4696666667 0,000000069861872
0,4700000000 0,000000069911454
0,4703333333 0,000000069961037
0,4706666667 0,000000070010620
0,4710000000 0,000000070060202
0,4713333333 0,000000070109785
0,4716666667 0,000000070159367
0,4720000000 0,000000070208950
0,4723333333 0,000000070258532
0,4726666667 0,000000070308115
0,4730000000 0,000000070357698
0,4733333333 0,000000070407280
0,4736666667 0,000000070456863
0,4740000000 0,000000070506445
0,4743333333 0,000000070556028
0,4746666667 0,000000070605611
0,4750000000 0,000000070655193
0,4753333333 0,000000070704776
0,4756666667 0,000000070754358
0,4760000000 0,000000070803941
0,4763333333 0,000000070853524
0,4766666667 0,000000070903106
0,4770000000 0,000000070952689
0,4773333333 0,000000071002271
0,4776666667 0,000000071051854
0,4780000000 0,000000071101437
0,4783333333 0,000000071151019
0,4786666667 0,000000071200602
0,4790000000 0,000000071250184
0,4793333333 0,000000071299767
0,4796666667 0,000000071349349
0,4800000000 0,000000071398932
0,4803333333 0,000000071448515
0,4806666667 0,000000071498097
0,4810000000 0,000000071547680
0,4813333333 0,000000071597262
0,4816666667 0,000000071646845
0,4820000000 0,000000071696428
0,4823333333 0,000000071746010
0,4826666667 0,000000071795593
0,4830000000 0,000000071845175
0,4833333333 0,000000071894758
0,4836666667 0,000000071944341
0,4840000000 0,000000071993923
0,4843333333 0,000000072043506
0,4846666667 0,000000072093088
0,4850000000 0,000000072142671
0,4853333333 0,000000072192254
0,4856666667 0,000000072241836
0,4860000000 0,000000072291419
0,4863333333 0,000000072341001
0,4866666667 0,000000072390584
0,4870000000 0,000000072440166
0,4873333333 0,000000072489749
0,4876666667 0,000000072539332
0,4880000000 0,000000072588914
0,4883333333 0,000000072638497
0,4886666667 0,000000072688079
0,4890000000 0,000000072737662
0,4893333333 0,000000072787245
0,4896666667 0,000000072836827
0,4900000000 0,000000072886410
0,4903333333 0,000000072935992
0,4906666667 0,000000072985575
0,4910000000 0,000000073035158
0,4913333333 0,000000073084740
0,4916666667 0,000000073134323
0,4920000000 0,000000073183905
0,4923333333 0,000000073233488
0,4926666667 0,000000073283071
0,4930000000 0,000000073332653
0,4933333333 0,000000073382236
0,4936666667 0,000000073431818
0,4940000000 0,000000073481401
0,4943333333 0,000000073530983
0,4946666667 0,000000073580566
0,4950000000 0,000000073630149
0,4953333333 0,000000073679731
0,4956666667 0,000000073729314
0,4960000000 0,000000073778896
0,4963333333 0,000000073828479
0,4966666667 0,000000073878062
0,4970000000 0,000000073927644
0,4973333333 0,000000073977227
0,4976666667 0,000000074026809
0,4980000000 0,000000074076392
0,4983333333 0,000000074125975
0,4986666667 0,000000074175557
0,4990000000 0,000000074225140
0,4993333333 0,000000074274722
0,4996666667 0,000000074324305
0,5000000000 0,000000074373888
0,5003333333 0,000000074423470
0,5006666667 0,000000074473053
0,5010000000 0,000000074522635
0,5013333333 0,000000074572218
0,5016666667 0,000000074621800
0,5020000000 0,000000074671383
0,5023333333 0,000000074720966
0,5026666667 0,000000074770548
0,5030000000 0,000000074820131
0,5033333333 0,000000074869713
0,5036666667 0,000000074919296
0,5040000000 0,000000074968879
0,5043333333 0,000000075018461
0,5046666667 0,000000075068044
0,5050000000 0,000000075117626
0,5053333333 0,000000075167209
0,5056666667 0,000000075216792
0,5060000000 0,000000075266374
0,5063333333 0,000000075315957
0,5066666667 0,000000075365539
0,5070000000 0,000000075415122
0,5073333333 0,000000075464705
0,5076666667 0,000000075514287
0,5080000000 0,000000075563870
0,5083333333 0,000000075613452
0,5086666667 0,000000075663035
0,5090000000 0,000000075712617
0,5093333333 0,000000075762200
0,5096666667 0,000000075811783
0,5100000000 0,000000075861365
0,5103333333 0,000000075910948
0,5106666667 0,000000075960530
0,5110000000 0,000000076010113
0,5113333333 0,000000076059696
0,5116666667 0,000000076109278
0,5120000000 0,000000076158861
0,5123333333 0,000000076208443
0,5126666667 0,000000076258026
0,5130000000 0,000000076307609
0,5133333333 0,000000076357191
0,5136666667 0,000000076406774
0,5140000000 0,000000076456356
0,5143333333 0,000000076505939
0,5146666667 0,000000076555522
0,5150000000 0,000000076605104
0,5153333333 0,000000076654687
0,5156666667 0,000000076704269
0,5160000000 0,000000076753852
0,5163333333 0,000000076803434
0,5166666667 0,000000076853017
0,5170000000 0,000000076902600
0,5173333333 0,000000076952182
0,5176666667 0,000000077001765
0,5180000000 0,000000077051347
0,5183333333 0,000000077100930
0,5186666667 0,000000077150513
0,5190000000 0,000000077200095
0,5193333333 0,000000077249678
0,5196666667 0,000000077299260
0,5200000000 0,000000077348843
0,5203333333 0,000000077398426
0,5206666667 0,000000077448008
0,5210000000 0,000000077497591
0,5213333333 0,000000077547173
0,5216666667 0,000000077596756
0,5220000000 0,000000077646338
0,5223333333 0,000000077695921
0,5226666667 0,000000077745504
0,5230000000 0,000000077795086
0,5233333333 0,000000077844669
0,5236666667 0,000000077894251
0,5240000000 0,000000077943834
0,5243333333 0,000000077993417
0,5246666667 0,000000078042999
0,5250000000 0,000000078092582
0,5253333333 0,000000078142164
0,5256666667 0,000000078191747
0,5260000000 0,000000078241330
0,5263333333 0,000000078290912
0,5266666667 0,000000078340495
0,5270000000 0,000000078390077
0,5273333333 0,000000078439660
0,5276666667 0,000000078489243
0,5280000000 0,000000078538825
0,5283333333 0,000000078588408
0,5286666667 0,000000078637990
0,5290000000 0,000000078687573
0,5293333333 0,000000078737155
0,5296666667 0,000000078786738
0,5300000000 0,000000078836321
0,5303333333 0,000000078885903
0,5306666667 0,000000078935486
0,5310000000 0,000000078985068
0,5313333333 0,000000079034651
0,5316666667 0,000000079084234
0,5320000000 0,000000079133816
0,5323333333 0,000000079183399
0,5326666667 0,000000079232981
0,5330000000 0,000000079282564
0,5333333333 0,000000079332147
0,5336666667 0,000000079381729
0,5340000000 0,000000079431312
0,5343333333 0,000000079480894
0,5346666667 0,000000079530477
0,5350000000 0,000000079580060
0,5353333333 0,000000079629642
0,5356666667 0,000000079679225
0,5360000000 0,000000079728807
0,5363333333 0,000000079778390
0,5366666667 0,000000079827972
0,5370000000 0,000000079877555
0,5373333333 0,000000079927138
0,5376666667 0,000000079976720
0,5380000000 0,000000080026303
0,5383333333 0,000000080075885
0,5386666667 0,000000080125468
0,5390000000 0,000000080175051
0,5393333333 0,000000080224633
0,5396666667 0,000000080274216
0,5400000000 0,000000080323798
0,5403333333 0,000000080373381
0,5406666667 0,000000080422964
0,5410000000 0,000000080472546
0,5413333333 0,000000080522129
0,5416666667 0,000000080571711
0,5420000000 0,000000080621294
0,5423333333 0,000000080670877
0,5426666667 0,000000080720459
0,5430000000 0,000000080770042
0,5433333333 0,000000080819624
0,5436666667 0,000000080869207
0,5440000000 0,000000080918789
0,5443333333 0,000000080968372
0,5446666667 0,000000081017955
0,5450000000 0,000000081067537
0,5453333333 0,000000081117120
0,5456666667 0,000000081166702
0,5460000000 0,000000081216285
0,5463333333 0,000000081265868
0,5466666667 0,000000081315450
0,5470000000 0,000000081365033
0,5473333333 0,000000081414615
0,5476666667 0,000000081464198
0,5480000000 0,000000081513781
0,5483333333 0,000000081563363
0,5486666667 0,000000081612946
0,5490000000 0,000000081662528
0,5493333333 0,000000081712111
0,5496666667 0,000000081761694
0,5500000000 0,000000081811276
0,5503333333 0,000000081860859
0,5506666667 0,000000081910441
0,5510000000 0,000000081960024
0,5513333333 0,000000082009606
0,5516666667 0,000000082059189
0,5520000000 0,000000082108772
0,5523333333 0,000000082158354
0,5526666667 0,000000082207937
0,5530000000 0,000000082257519
0,5533333333 0,000000082307102
0,5536666667 0,000000082356685
0,5540000000 0,000000082406267
0,5543333333 0,000000082455850
0,5546666667 0,000000082505432
0,5550000000 0,000000082555015
0,5553333333 0,000000082604598
0,5556666667 0,000000082654180
0,5560000000 0,000000082703763
0,5563333333 0,000000082753345
0,5566666667 0,000000082802928
0,5570000000 0,000000082852511
0,5573333333 0,000000082902093
0,5576666667 0,000000082951676
0,5580000000 0,000000083001258
0,5583333333 0,000000083050841
0,5586666667 0,000000083100423
0,5590000000 0,000000083150006
0,5593333333 0,000000083199589
0,5596666667 0,000000083249171
0,5600000000 0,000000083298754
0,5603333333 0,000000083348336
0,5606666667 0,000000083397919
0,5610000000 0,000000083447502
0,5613333333 0,000000083497084
0,5616666667 0,000000083546667
0,5620000000 0,000000083596249
0,5623333333 0,000000083645832
0,5626666667 0,000000083695415
0,5630000000 0,000000083744997
0,5633333333 0,000000083794580
0,5636666667 0,000000083844162
0,5640000000 0,000000083893745
0,5643333333 0,000000083943327
0,5646666667 0,000000083992910
0,5650000000 0,000000084042493
0,5653333333 0,000000084092075
0,5656666667 0,000000084141658
0,5660000000 0,000000084191240
0,5663333333 0,000000084240823
0,5666666667 0,000000084290406
0,5670000000 0,000000084339988
0,5673333333 0,000000084389571
0,5676666667 0,000000084439153
0,5680000000 0,000000084488736
0,5683333333 0,000000084538319
0,5686666667 0,000000084587901
0,5690000000 0,000000084637484
0,5693333333 0,000000084687066
0,5696666667 0,000000084736649
0,5700000000 0,000000084786232
0,5703333333 0,000000084835814
0,5706666667 0,000000084885397
0,5710000000 0,000000084934979
0,5713333333 0,000000084984562
0,5716666667 0,000000085034144
0,5720000000 0,000000085083727
0,5723333333 0,000000085133310
0,5726666667 0,000000085182892
0,5730000000 0,000000085232475
0,5733333333 0,000000085282057
0,5736666667 0,000000085331640
0,5740000000 0,000000085381223
0,5743333333 0,000000085430805
0,5746666667 0,000000085480388
0,5750000000 0,000000085529970
0,5753333333 0,000000085579553
0,5756666667 0,000000085629136
0,5760000000 0,000000085678718
0,5763333333 0,000000085728301
0,5766666667 0,000000085777883
0,5770000000 0,000000085827466
0,5773333333 0,000000085877049
0,5776666667 0,000000085926631
0,5780000000 0,000000085976214
0,5783333333 0,000000086025796
0,5786666667 0,000000086075379
0,5790000000 0,000000086124961
0,5793333333 0,000000086174544
0,5796666667 0,000000086224127
0,5800000000 0,000000086273709
0,5803333333 0,000000086323292
0,5806666667 0,000000086372874
0,5810000000 0,000000086422457
0,5813333333 0,000000086472040
0,5816666667 0,000000086521622
0,5820000000 0,000000086571205
0,5823333333 0,000000086620787
0,5826666667 0,000000086670370
0,5830000000 0,000000086719953
0,5833333333 0,000000086769535
0,5836666667 0,000000086819118
0,5840000000 0,000000086868700
0,5843333333 0,000000086918283
0,5846666667 0,000000086967866
0,5850000000 0,000000087017448
0,5853333333 0,000000087067031
0,5856666667 0,000000087116613
0,5860000000 0,000000087166196
0,5863333333 0,000000087215778
0,5866666667 0,000000087265361
0,5870000000 0,000000087314944
0,5873333333 0,000000087364526
0,5876666667 0,000000087414109
0,5880000000 0,000000087463691
0,5883333333 0,000000087513274
0,5886666667 0,000000087562857
0,5890000000 0,000000087612439
0,5893333333 0,000000087662022
0,5896666667 0,000000087711604
0,5900000000 0,000000087761187
0,5903333333 0,000000087810770
0,5906666667 0,000000087860352
0,5910000000 0,000000087909935
0,5913333333 0,000000087959517
0,5916666667 0,000000088009100
0,5920000000 0,000000088058682
0,5923333333 0,000000088108265
0,5926666667 0,000000088157848
0,5930000000 0,000000088207430
0,5933333333 0,000000088257013
0,5936666667 0,000000088306595
0,5940000000 0,000000088356178
0,5943333333 0,000000088405761
0,5946666667 0,000000088455343
0,5950000000 0,000000088504926
0,5953333333 0,000000088554508
0,5956666667 0,000000088604091
0,5960000000 0,000000088653674
0,5963333333 0,000000088703256
0,5966666667 0,000000088752839
0,5970000000 0,000000088802421
0,5973333333 0,000000088852004
0,5976666667 0,000000088901587
0,5980000000 0,000000088951169
0,5983333333 0,000000089000752
0,5986666667 0,000000089050334
0,5990000000 0,000000089099917
0,5993333333 0,000000089149499
0,5996666667 0,000000089199082
0,6000000000 0,000000089248665
0,6003333333 0,000000089298247
0,6006666667 0,000000089347830
0,6010000000 0,000000089397412
0,6013333333 0,000000089446995
0,6016666667 0,000000089496578
0,6020000000 0,000000089546160
0,6023333333 0,000000089595743
0,6026666667 0,000000089645325
0,6030000000 0,000000089694908
0,6033333333 0,000000089744491
0,6036666667 0,000000089794073
0,6040000000 0,000000089843656
0,6043333333 0,000000089893238
0,6046666667 0,000000089942821
0,6050000000 0,000000089992404
0,6053333333 0,000000090041986
0,6056666667 0,000000090091569
0,6060000000 0,000000090141151
0,6063333333 0,000000090190734
0,6066666667 0,000000090240316
0,6070000000 0,000000090289899
0,6073333333 0,000000090339482
0,6076666667 0,000000090389064
0,6080000000 0,000000090438647
0,6083333333 0,000000090488229
0,6086666667 0,000000090537812
0,6090000000 0,000000090587395
0,6093333333 0,000000090636977
0,6096666667 0,000000090686560
0,6100000000 0,000000090736142
0,6103333333 0,000000090785725
0,6106666667 0,000000090835308
0,6110000000 0,000000090884890
0,6113333333 0,000000090934473
0,6116666667 0,000000090984055
0,6120000000 0,000000091033638
0,6123333333 0,000000091083220
0,6126666667 0,000000091132803
0,6130000000 0,000000091182386
0,6133333333 0,000000091231968
0,6136666667 0,000000091281551
0,6140000000 0,000000091331133
0,6143333333 0,000000091380716
0,6146666667 0,000000091430299
0,6150000000 0,000000091479881
0,6153333333 0,000000091529464
0,6156666667 0,000000091579046
0,6160000000 0,000000091628629
0,6163333333 0,000000091678212
0,6166666667 0,000000091727794
0,6170000000 0,000000091777377
0,6173333333 0,000000091826959
0,6176666667 0,000000091876542
0,6180000000 0,000000091926125
0,6183333333 0,000000091975707
0,6186666667 0,000000092025290
0,6190000000 0,000000092074872
0,6193333333 0,000000092124455
0,6196666667 0,000000092174037
0,6200000000 0,000000092223620
0,6203333333 0,000000092273203
0,6206666667 0,000000092322785
0,6210000000 0,000000092372368
0,6213333333 0,000000092421950
0,6216666667 0,000000092471533
0,6220000000 0,000000092521116
0,6223333333 0,000000092570698
0,6226666667 0,000000092620281
0,6230000000 0,000000092669863
0,6233333333 0,000000092719446
0,6236666667 0,000000092769029
0,6240000000 0,000000092818611
0,6243333333 0,000000092868194
0,6246666667 0,000000092917776
0,6250000000 0,000000092967359
0,6253333333 0,000000093016942
0,6256666667 0,000000093066524
0,6260000000 0,000000093116107
0,6263333333 0,000000093165689
0,6266666667 0,000000093215272
0,6270000000 0,000000093264854
0,6273333333 0,000000093314437
0,6276666667 0,000000093364020
0,6280000000 0,000000093413602
0,6283333333 0,000000093463185
0,6286666667 0,000000093512767
0,6290000000 0,000000093562350
0,6293333333 0,000000093611933
0,6296666667 0,000000093661515
0,6300000000 0,000000093711098
0,6303333333 0,000000093760680
0,6306666667 0,000000093810263
0,6310000000 0,000000093859846
0,6313333333 0,000000093909428
0,6316666667 0,000000093959011
0,6320000000 0,000000094008593
0,6323333333 0,000000094058176
0,6326666667 0,000000094107758
0,6330000000 0,000000094157341
0,6333333333 0,000000094206924
0,6336666667 0,000000094256506
0,6340000000 0,000000094306089
0,6343333333 0,000000094355671
0,6346666667 0,000000094405254
0,6350000000 0,000000094454837
0,6353333333 0,000000094504419
0,6356666667 0,000000094554002
0,6360000000 0,000000094603584
0,6363333333 0,000000094653167
0,6366666667 0,000000094702750
0,6370000000 0,000000094752332
0,6373333333 0,000000094801915
0,6376666667 0,000000094851497
0,6380000000 0,000000094901080
0,6383333333 0,000000094950663
0,6386666667 0,000000095000245
0,6390000000 0,000000095049828
0,6393333333 0,000000095099410
0,6396666667 0,000000095148993
0,6400000000 0,000000095198575
0,6403333333 0,000000095248158
0,6406666667 0,000000095297741
0,6410000000 0,000000095347323
0,6413333333 0,000000095396906
0,6416666667 0,000000095446488
0,6420000000 0,000000095496071
0,6423333333 0,000000095545654
0,6426666667 0,000000095595236
0,6430000000 0,000000095644819
0,6433333333 0,000000095694401
0,6436666667 0,000000095743984
0,6440000000 0,000000095793567
0,6443333333 0,000000095843149
0,6446666667 0,000000095892732
0,6450000000 0,000000095942314
0,6453333333 0,000000095991897
0,6456666667 0,000000096041479
0,6460000000 0,000000096091062
0,6463333333 0,000000096140645
0,6466666667 0,000000096190227
0,6470000000 0,000000096239810
0,6473333333 0,000000096289392
0,6476666667 0,000000096338975
0,6480000000 0,000000096388558
0,6483333333 0,000000096438140
0,6486666667 0,000000096487723
0,6490000000 0,000000096537305
0,6493333333 0,000000096586888
0,6496666667 0,000000096636471
0,6500000000 0,000000096686053
0,6503333333 0,000000096735636
0,6506666667 0,000000096785218
0,6510000000 0,000000096834801
0,6513333333 0,000000096884384
0,6516666667 0,000000096933966
0,6520000000 0,000000096983549
0,6523333333 0,000000097033131
0,6526666667 0,000000097082714
0,6530000000 0,000000097132296
0,6533333333 0,000000097181879
0,6536666667 0,000000097231462
0,6540000000 0,000000097281044
0,6543333333 0,000000097330627
0,6546666667 0,000000097380209
0,6550000000 0,000000097429792
0,6553333333 0,000000097479375
0,6556666667 0,000000097528957
0,6560000000 0,000000097578540
0,6563333333 0,000000097628122
0,6566666667 0,000000097677705
0,6570000000 0,000000097727288
0,6573333333 0,000000097776870
0,6576666667 0,000000097826453
0,6580000000 0,000000097876035
0,6583333333 0,000000097925618
0,6586666667 0,000000097975200
0,6590000000 0,000000098024783
0,6593333333 0,000000098074366
0,6596666667 0,000000098123948
0,6600000000 0,000000098173531
0,6603333333 0,000000098223113
0,6606666667 0,000000098272696
0,6610000000 0,000000098322279
0,6613333333 0,000000098371861
0,6616666667 0,000000098421444
0,6620000000 0,000000098471026
0,6623333333 0,000000098520609
0,6626666667 0,000000098570192
0,6630000000 0,000000098619774
0,6633333333 0,000000098669357
0,6636666667 0,000000098718939
0,6640000000 0,000000098768522
0,6643333333 0,000000098818105
0,6646666667 0,000000098867687
0,6650000000 0,000000098917270
0,6653333333 0,000000098966852
0,6656666667 0,000000099016435
0,6660000000 0,000000099066017
0,6663333333 0,000000099115600
0,6666666667 0,000000099165183
0,6670000000 0,000000099214765
0,6673333333 0,000000099264348
0,6676666667 0,000000099313930
0,6680000000 0,000000099363513
0,6683333333 0,000000099413096
0,6686666667 0,000000099462678
0,6690000000 0,000000099512261
0,6693333333 0,000000099561843
0,6696666667 0,000000099611426
0,6700000000 0,000000099661009
0,6703333333 0,000000099710591
0,6706666667 0,000000099760174
0,6710000000 0,000000099809756
0,6713333333 0,000000099859339
0,6716666667 0,000000099908921
0,6720000000 0,000000099958504
0,6723333333 0,000000100008087
0,6726666667 0,000000100057669
0,6730000000 0,000000100107252
0,6733333333 0,000000100156834
0,6736666667 0,000000100206417
0,6740000000 0,000000100256000
0,6743333333 0,000000100305582
0,6746666667 0,000000100355165
0,6750000000 0,000000100404747
0,6753333333 0,000000100454330
0,6756666667 0,000000100503913
0,6760000000 0,000000100553495
0,6763333333 0,000000100603078
0,6766666667 0,000000100652660
0,6770000000 0,000000100702243
0,6773333333 0,000000100751826
0,6776666667 0,000000100801408
0,6780000000 0,000000100850991
0,6783333333 0,000000100900573
0,6786666667 0,000000100950156
0,6790000000 0,000000100999738
0,6793333333 0,000000101049321
0,6796666667 0,000000101098904
0,6800000000 0,000000101148486
0,6803333333 0,000000101198069
0,6806666667 0,000000101247651
0,6810000000 0,000000101297234
0,6813333333 0,000000101346817
0,6816666667 0,000000101396399
0,6820000000 0,000000101445982
0,6823333333 0,000000101495564
0,6826666667 0,000000101545147
0,6830000000 0,000000101594730
0,6833333333 0,000000101644312
0,6836666667 0,000000101693895
0,6840000000 0,000000101743477
0,6843333333 0,000000101793060
0,6846666667 0,000000101842642
0,6850000000 0,000000101892225
0,6853333333 0,000000101941808
0,6856666667 0,000000101991390
0,6860000000 0,000000102040973
0,6863333333 0,000000102090555
0,6866666667 0,000000102140138
0,6870000000 0,000000102189721
0,6873333333 0,000000102239303
0,6876666667 0,000000102288886
0,6880000000 0,000000102338468
0,6883333333 0,000000102388051
0,6886666667 0,000000102437634
0,6890000000 0,000000102487216
0,6893333333 0,000000102536799
0,6896666667 0,000000102586381
0,6900000000 0,000000102635964
0,6903333333 0,000000102685547
0,6906666667 0,000000102735129
0,6910000000 0,000000102784712
0,6913333333 0,000000102834294
0,6916666667 0,000000102883877
0,6920000000 0,000000102933459
0,6923333333 0,000000102983042
0,6926666667 0,000000103032625
0,6930000000 0,000000103082207
0,6933333333 0,000000103131790
0,6936666667 0,000000103181372
0,6940000000 0,000000103230955
0,6943333333 0,000000103280538
0,6946666667 0,000000103330120
0,6950000000 0,000000103379703
0,6953333333 0,000000103429285
0,6956666667 0,000000103478868
0,6960000000 0,000000103528451
0,6963333333 0,000000103578033
0,6966666667 0,000000103627616
0,6970000000 0,000000103677198
0,6973333333 0,000000103726781
0,6976666667 0,000000103776363
0,6980000000 0,000000103825946
0,6983333333 0,000000103875529
0,6986666667 0,000000103925111
0,6990000000 0,000000103974694
0,6993333333 0,000000104024276
0,6996666667 0,000000104073859
0,7000000000 0,000000104123442
0,7003333333 0,000000104173024
0,7006666667 0,000000104222607
0,7010000000 0,000000104272189
0,7013333333 0,000000104321772
0,7016666667 0,000000104371355
0,7020000000 0,000000104420937
0,7023333333 0,000000104470520
0,7026666667 0,000000104520102
0,7030000000 0,000000104569685
0,7033333333 0,000000104619268
0,7036666667 0,000000104668850
0,7040000000 0,000000104718433
0,7043333333 0,000000104768015
0,7046666667 0,000000104817598
0,7050000000 0,000000104867180
0,7053333333 0,000000104916763
0,7056666667 0,000000104966346
0,7060000000 0,000000105015928
0,7063333333 0,000000105065511
0,7066666667 0,000000105115093
0,7070000000 0,000000105164676
0,7073333333 0,000000105214259
0,7076666667 0,000000105263841
0,7080000000 0,000000105313424
0,7083333333 0,000000105363006
0,7086666667 0,000000105412589
0,7090000000 0,000000105462172
0,7093333333 0,000000105511754
0,7096666667 0,000000105561337
0,7100000000 0,000000105610919
0,7103333333 0,000000105660502
0,7106666667 0,000000105710084
0,7110000000 0,000000105759667
0,7113333333 0,000000105809250
0,7116666667 0,000000105858832
0,7120000000 0,000000105908415
0,7123333333 0,000000105957997
0,7126666667 0,000000106007580
0,7130000000 0,000000106057163
0,7133333333 0,000000106106745
0,7136666667 0,000000106156328
0,7140000000 0,000000106205910
0,7143333333 0,000000106255493
0,7146666667 0,000000106305076
0,7150000000 0,000000106354658
0,7153333333 0,000000106404241
0,7156666667 0,000000106453823
0,7160000000 0,000000106503406
0,7163333333 0,000000106552988
0,7166666667 0,000000106602571
0,7170000000 0,000000106652154
0,7173333333 0,000000106701736
0,7176666667 0,000000106751319
0,7180000000 0,000000106800901
0,7183333333 0,000000106850484
0,7186666667 0,000000106900067
0,7190000000 0,000000106949649
0,7193333333 0,000000106999232
0,7196666667 0,000000107048814
0,7200000000 0,000000107098397
0,7203333333 0,000000107147980
0,7206666667 0,000000107197562
0,7210000000 0,000000107247145
0,7213333333 0,000000107296727
0,7216666667 0,000000107346310
0,7220000000 0,000000107395893
0,7223333333 0,000000107445475
0,7226666667 0,000000107495058
0,7230000000 0,000000107544640
0,7233333333 0,000000107594223
0,7236666667 0,000000107643805
0,7240000000 0,000000107693388
0,7243333333 0,000000107742971
0,7246666667 0,000000107792553
0,7250000000 0,000000107842136
0,7253333333 0,000000107891718
0,7256666667 0,000000107941301
0,7260000000 0,000000107990884
0,7263333333 0,000000108040466
0,7266666667 0,000000108090049
0,7270000000 0,000000108139631
0,7273333333 0,000000108189214
0,7276666667 0,000000108238797
0,7280000000 0,000000108288379
0,7283333333 0,000000108337962
0,7286666667 0,000000108387544
0,7290000000 0,000000108437127
0,7293333333 0,000000108486709
0,7296666667 0,000000108536292
0,7300000000 0,000000108585875
0,7303333333 0,000000108635457
0,7306666667 0,000000108685040
0,7310000000 0,000000108734622
0,7313333333 0,000000108784205
0,7316666667 0,000000108833788
0,7320000000 0,000000108883370
0,7323333333 0,000000108932953
0,7326666667 0,000000108982535
0,7330000000 0,000000109032118
0,7333333333 0,000000109081701
0,7336666667 0,000000109131283
0,7340000000 0,000000109180866
0,7343333333 0,000000109230448
0,7346666667 0,000000109280031
0,7350000000 0,000000109329613
0,7353333333 0,000000109379196
0,7356666667 0,000000109428779
0,7360000000 0,000000109478361
0,7363333333 0,000000109527944
0,7366666667 0,000000109577526
0,7370000000 0,000000109627109
0,7373333333 0,000000109676692
0,7376666667 0,000000109726274
0,7380000000 0,000000109775857
0,7383333333 0,000000109825439
0,7386666667 0,000000109875022
0,7390000000 0,000000109924605
0,7393333333 0,000000109974187
0,7396666667 0,000000110023770
0,7400000000 0,000000110073352
0,7403333333 0,000000110122935
0,7406666667 0,000000110172518
0,7410000000 0,000000110222100
0,7413333333 0,000000110271683
0,7416666667 0,000000110321265
0,7420000000 0,000000110370848
0,7423333333 0,000000110420430
0,7426666667 0,000000110470013
0,7430000000 0,000000110519596
0,7433333333 0,000000110569178
0,7436666667 0,000000110618761
0,7440000000 0,000000110668343
0,7443333333 0,000000110717926
0,7446666667 0,000000110767509
0,7450000000 0,000000110817091
0,7453333333 0,000000110866674
0,7456666667 0,000000110916256
0,7460000000 0,000000110965839
0,7463333333 0,000000111015422
0,7466666667 0,000000111065004
0,7470000000 0,000000111114587
0,7473333333 0,000000111164169
0,7476666667 0,000000111213752
0,7480000000 0,000000111263334
0,7483333333 0,000000111312917
0,7486666667 0,000000111362500
0,7490000000 0,000000111412082
0,7493333333 0,000000111461665
0,7496666667 0,000000111511247
0,7500000000 0,000000111560830
0,7503333333 0,000000111610413
0,7506666667 0,000000111659995
0,7510000000 0,000000111709578
0,7513333333 0,000000111759160
0,7516666667 0,000000111808743
0,7520000000 0,000000111858326
0,7523333333 0,000000111907908
0,7526666667 0,000000111957491
0,7530000000 0,000000112007073
0,7533333333 0,000000112056656
0,7536666667 0,000000112106238
0,7540000000 0,000000112155821
0,7543333333 0,000000112205404
0,7546666667 0,000000112254986
0,7550000000 0,000000112304569
0,7553333333 0,000000112354151
0,7556666667 0,000000112403734
0,7560000000 0,000000112453317
0,7563333333 0,000000112502899
0,7566666667 0,000000112552482
0,7570000000 0,000000112602064
0,7573333333 0,000000112651647
0,7576666667 0,000000112701230
0,7580000000 0,000000112750812
0,7583333333 0,000000112800395
0,7586666667 0,000000112849977
0,7590000000 0,000000112899560
0,7593333333 0,000000112949142
0,7596666667 0,000000112998725
0,7600000000 0,000000113048308
0,7603333333 0,000000113097890
0,7606666667 0,000000113147473
0,7610000000 0,000000113197055
0,7613333333 0,000000113246638
0,7616666667 0,000000113296221
0,7620000000 0,000000113345803
0,7623333333 0,000000113395386
0,7626666667 0,000000113444968
0,7630000000 0,000000113494551
0,7633333333 0,000000113544134
0,7636666667 0,000000113593716
0,7640000000 0,000000113643299
0,7643333333 0,000000113692881
0,7646666667 0,000000113742464
0,7650000000 0,000000113792047
0,7653333333 0,000000113841629
0,7656666667 0,000000113891212
0,7660000000 0,000000113940794
0,7663333333 0,000000113990377
0,7666666667 0,000000114039959
0,7670000000 0,000000114089542
0,7673333333 0,000000114139125
0,7676666667 0,000000114188707
0,7680000000 0,000000114238290
0,7683333333 0,000000114287872
0,7686666667 0,000000114337455
0,7690000000 0,000000114387038
0,7693333333 0,000000114436620
0,7696666667 0,000000114486203
0,7700000000 0,000000114535785
0,7703333333 0,000000114585368
0,7706666667 0,000000114634951
0,7710000000 0,000000114684533
0,7713333333 0,000000114734116
0,7716666667 0,000000114783698
0,7720000000 0,000000114833281
0,7723333333 0,000000114882863
0,7726666667 0,000000114932446
0,7730000000 0,000000114982029
0,7733333333 0,000000115031611
0,7736666667 0,000000115081194
0,7740000000 0,000000115130776
0,7743333333 0,000000115180359
0,7746666667 0,000000115229942
0,7750000000 0,000000115279524
0,7753333333 0,000000115329107
0,7756666667 0,000000115378689
0,7760000000 0,000000115428272
0,7763333333 0,000000115477855
0,7766666667 0,000000115527437
0,7770000000 0,000000115577020
0,7773333333 0,000000115626602
0,7776666667 0,000000115676185
0,7780000000 0,000000115725767
0,7783333333 0,000000115775350
0,7786666667 0,000000115824933
0,7790000000 0,000000115874515
0,7793333333 0,000000115924098
0,7796666667 0,000000115973680
0,7800000000 0,000000116023263
0,7803333333 0,000000116072846
0,7806666667 0,000000116122428
0,7810000000 0,000000116172011
0,7813333333 0,000000116221593
0,7816666667 0,000000116271176
0,7820000000 0,000000116320759
0,7823333333 0,000000116370341
0,7826666667 0,000000116419924
0,7830000000 0,000000116469506
0,7833333333 0,000000116519089
0,7836666667 0,000000116568671
0,7840000000 0,000000116618254
0,7843333333 0,000000116667837
0,7846666667 0,000000116717419
0,7850000000 0,000000116767002
0,7853333333 0,000000116816584
0,7856666667 0,000000116866167
0,7860000000 0,000000116915750
0,7863333333 0,000000116965332
0,7866666667 0,000000117014915
0,7870000000 0,000000117064497
0,7873333333 0,000000117114080
0,7876666667 0,000000117163663
0,7880000000 0,000000117213245
0,7883333333 0,000000117262828
0,7886666667 0,000000117312410
0,7890000000 0,000000117361993
0,7893333333 0,000000117411575
0,7896666667 0,000000117461158
0,7900000000 0,000000117510741
0,7903333333 0,000000117560323
0,7906666667 0,000000117609906
0,7910000000 0,000000117659488
0,7913333333 0,000000117709071
0,7916666667 0,000000117758654
0,7920000000 0,000000117808236
0,7923333333 0,000000117857819
0,7926666667 0,000000117907401
0,7930000000 0,000000117956984
0,7933333333 0,000000118006567
0,7936666667 0,000000118056149
0,7940000000 0,000000118105732
0,7943333333 0,000000118155314
0,7946666667 0,000000118204897
0,7950000000 0,000000118254480
0,7953333333 0,000000118304062
0,7956666667 0,000000118353645
0,7960000000 0,000000118403227
0,7963333333 0,000000118452810
0,7966666667 0,000000118502392
0,7970000000 0,000000118551975
0,7973333333 0,000000118601558
0,7976666667 0,000000118651140
0,7980000000 0,000000118700723
0,7983333333 0,000000118750305
0,7986666667 0,000000118799888
0,7990000000 0,000000118849471
0,7993333333 0,000000118899053
0,7996666667 0,000000118948636
0,8000000000 0,000000118998218
0,8003333333 0,000000119047801
0,8006666667 0,000000119097384
0,8010000000 0,000000119146966
0,8013333333 0,000000119196549
0,8016666667 0,000000119246131
0,8020000000 0,000000119295714
0,8023333333 0,000000119345296
0,8026666667 0,000000119394879
0,8030000000 0,000000119444462
0,8033333333 0,000000119494044
0,8036666667 0,000000119543627
0,8040000000 0,000000119593209
0,8043333333 0,000000119642792
0,8046666667 0,000000119692375
0,8050000000 0,000000119741957
0,8053333333 0,000000119791540
0,8056666667 0,000000119841122
0,8060000000 0,000000119890705
0,8063333333 0,000000119940288
0,8066666667 0,000000119989870
0,8070000000 0,000000120039453
0,8073333333 0,000000120089035
0,8076666667 0,000000120138618
0,8080000000 0,000000120188200
0,8083333333 0,000000120237783
0,8086666667 0,000000120287366
0,8090000000 0,000000120336948
0,8093333333 0,000000120386531
0,8096666667 0,000000120436113
0,8100000000 0,000000120485696
0,8103333333 0,000000120535279
0,8106666667 0,000000120584861
0,8110000000 0,000000120634444
0,8113333333 0,000000120684026
0,8116666667 0,000000120733609
0,8120000000 0,000000120783192
0,8123333333 0,000000120832774
0,8126666667 0,000000120882357
0,8130000000 0,000000120931939
0,8133333333 0,000000120981522
0,8136666667 0,000000121031104
0,8140000000 0,000000121080687
0,8143333333 0,000000121130270
0,8146666667 0,000000121179852
0,8150000000 0,000000121229435
0,8153333333 0,000000121279017
0,8156666667 0,000000121328600
0,8160000000 0,000000121378183
0,8163333333 0,000000121427765
0,8166666667 0,000000121477348
0,8170000000 0,000000121526930
0,8173333333 0,000000121576513
0,8176666667 0,000000121626096
0,8180000000 0,000000121675678
0,8183333333 0,000000121725261
0,8186666667 0,000000121774843
0,8190000000 0,000000121824426
0,8193333333 0,000000121874008
0,8196666667 0,000000121923591
0,8200000000 0,000000121973174
0,8203333333 0,000000122022756
0,8206666667 0,000000122072339
0,8210000000 0,000000122121921
0,8213333333 0,000000122171504
0,8216666667 0,000000122221087
0,8220000000 0,000000122270669
0,8223333333 0,000000122320252
0,8226666667 0,000000122369834
0,8230000000 0,000000122419417
0,8233333333 0,000000122469000
0,8236666667 0,000000122518582
0,8240000000 0,000000122568165
0,8243333333 0,000000122617747
0,8246666667 0,000000122667330
0,8250000000 0,000000122716912
0,8253333333 0,000000122766495
0,8256666667 0,000000122816078
0,8260000000 0,000000122865660
0,8263333333 0,000000122915243
0,8266666667 0,000000122964825
0,8270000000 0,000000123014408
0,8273333333 0,000000123063991
0,8276666667 0,000000123113573
0,8280000000 0,000000123163156
0,8283333333 0,000000123212738
0,8286666667 0,000000123262321
0,8290000000 0,000000123311904
0,8293333333 0,000000123361486
0,8296666667 0,000000123411069
0,8300000000 0,000000123460651
0,8303333333 0,000000123510234
0,8306666667 0,000000123559816
0,8310000000 0,000000123609399
0,8313333333 0,000000123658982
0,8316666667 0,000000123708564
0,8320000000 0,000000123758147
0,8323333333 0,000000123807729
0,8326666667 0,000000123857312
0,8330000000 0,000000123906895
0,8333333333 0,000000123956477
0,8336666667 0,000000124006060
0,8340000000 0,000000124055642
0,8343333333 0,000000124105225
0,8346666667 0,000000124154808
0,8350000000 0,000000124204390
0,8353333333 0,000000124253973
0,8356666667 0,000000124303555
0,8360000000 0,000000124353138
0,8363333333 0,000000124402720
0,8366666667 0,000000124452303
0,8370000000 0,000000124501886
0,8373333333 0,000000124551468
0,8376666667 0,000000124601051
0,8380000000 0,000000124650633
0,8383333333 0,000000124700216
0,8386666667 0,000000124749799
0,8390000000 0,000000124799381
0,8393333333 0,000000124848964
0,8396666667 0,000000124898546
0,8400000000 0,000000124948129
0,8403333333 0,000000124997712
0,8406666667 0,000000125047294
0,8410000000 0,000000125096877
0,8413333333 0,000000125146459
0,8416666667 0,000000125196042
0,8420000000 0,000000125245624
0,8423333333 0,000000125295207
0,8426666667 0,000000125344790
0,8430000000 0,000000125394372
0,8433333333 0,000000125443955
0,8436666667 0,000000125493537
0,8440000000 0,000000125543120
0,8443333333 0,000000125592703
0,8446666667 0,000000125642285
0,8450000000 0,000000125691868
0,8453333333 0,000000125741450
0,8456666667 0,000000125791033
0,8460000000 0,000000125840616
0,8463333333 0,000000125890198
0,8466666667 0,000000125939781
0,8470000000 0,000000125989363
0,8473333333 0,000000126038946
0,8476666667 0,000000126088528
0,8480000000 0,000000126138111
0,8483333333 0,000000126187694
0,8486666667 0,000000126237276
0,8490000000 0,000000126286859
0,8493333333 0,000000126336441
0,8496666667 0,000000126386024
0,8500000000 0,000000126435607
0,8503333333 0,000000126485189
0,8506666667 0,000000126534772
0,8510000000 0,000000126584354
0,8513333333 0,000000126633937
0,8516666667 0,000000126683520
0,8520000000 0,000000126733102
0,8523333333 0,000000126782685
0,8526666667 0,000000126832267
0,8530000000 0,000000126881850
0,8533333333 0,000000126931432
0,8536666667 0,000000126981015
0,8540000000 0,000000127030598
0,8543333333 0,000000127080180
0,8546666667 0,000000127129763
0,8550000000 0,000000127179345
0,8553333333 0,000000127228928
0,8556666667 0,000000127278511
0,8560000000 0,000000127328093
0,8563333333 0,000000127377676
0,8566666667 0,000000127427258
0,8570000000 0,000000127476841
0,8573333333 0,000000127526424
0,8576666667 0,000000127576006
0,8580000000 0,000000127625589
0,8583333333 0,000000127675171
0,8586666667 0,000000127724754
0,8590000000 0,000000127774336
0,8593333333 0,000000127823919
0,8596666667 0,000000127873502
0,8600000000 0,000000127923084
0,8603333333 0,000000127972667
0,8606666667 0,000000128022249
0,8610000000 0,000000128071832
0,8613333333 0,000000128121415
0,8616666667 0,000000128170997
0,8620000000 0,000000128220580
0,8623333333 0,000000128270162
0,8626666667 0,000000128319745
0,8630000000 0,000000128369328
0,8633333333 0,000000128418910
0,8636666667 0,000000128468493
0,8640000000 0,000000128518075
0,8643333333 0,000000128567658
0,8646666667 0,000000128617240
0,8650000000 0,000000128666823
0,8653333333 0,000000128716406
0,8656666667 0,000000128765988
0,8660000000 0,000000128815571
0,8663333333 0,000000128865153
0,8666666667 0,000000128914736
0,8670000000 0,000000128964319
0,8673333333 0,000000129013901
0,8676666667 0,000000129063484
0,8680000000 0,000000129113066
0,8683333333 0,000000129162649
0,8686666667 0,000000129212232
0,8690000000 0,000000129261814
0,8693333333 0,000000129311397
0,8696666667 0,000000129360979
0,8700000000 0,000000129410562
0,8703333333 0,000000129460144
0,8706666667 0,000000129509727
0,8710000000 0,000000129559310
0,8713333333 0,000000129608892
0,8716666667 0,000000129658475
0,8720000000 0,000000129708057
0,8723333333 0,000000129757640
0,8726666667 0,000000129807223
0,8730000000 0,000000129856805
0,8733333333 0,000000129906388
0,8736666667 0,000000129955970
0,8740000000 0,000000130005553
0,8743333333 0,000000130055136
0,8746666667 0,000000130104718
0,8750000000 0,000000130154301
0,8753333333 0,000000130203883
0,8756666667 0,000000130253466
0,8760000000 0,000000130303048
0,8763333333 0,000000130352631
0,8766666667 0,000000130402214
0,8770000000 0,000000130451796
0,8773333333 0,000000130501379
0,8776666667 0,000000130550961
0,8780000000 0,000000130600544
0,8783333333 0,000000130650127
0,8786666667 0,000000130699709
0,8790000000 0,000000130749292
0,8793333333 0,000000130798874
0,8796666667 0,000000130848457
0,8800000000 0,000000130898040
0,8803333333 0,000000130947622
0,8806666667 0,000000130997205
0,8810000000 0,000000131046787
0,8813333333 0,000000131096370
0,8816666667 0,000000131145952
0,8820000000 0,000000131195535
0,8823333333 0,000000131245118
0,8826666667 0,000000131294700
0,8830000000 0,000000131344283
0,8833333333 0,000000131393865
0,8836666667 0,000000131443448
0,8840000000 0,000000131493031
0,8843333333 0,000000131542613
0,8846666667 0,000000131592196
0,8850000000 0,000000131641778
0,8853333333 0,000000131691361
0,8856666667 0,000000131740944
0,8860000000 0,000000131790526
0,8863333333 0,000000131840109
0,8866666667 0,000000131889691
0,8870000000 0,000000131939274
0,8873333333 0,000000131988856
0,8876666667 0,000000132038439
0,8880000000 0,000000132088022
0,8883333333 0,000000132137604
0,8886666667 0,000000132187187
0,8890000000 0,000000132236769
0,8893333333 0,000000132286352
0,8896666667 0,000000132335935
0,8900000000 0,000000132385517
0,8903333333 0,000000132435100
0,8906666667 0,000000132484682
0,8910000000 0,000000132534265
0,8913333333 0,000000132583848
0,8916666667 0,000000132633430
0,8920000000 0,000000132683013
0,8923333333 0,000000132732595
0,8926666667 0,000000132782178
0,8930000000 0,000000132831760
0,8933333333 0,000000132881343
0,8936666667 0,000000132930926
0,8940000000 0,000000132980508
0,8943333333 0,000000133030091
0,8946666667 0,000000133079673
0,8950000000 0,000000133129256
0,8953333333 0,000000133178839
0,8956666667 0,000000133228421
0,8960000000 0,000000133278004
0,8963333333 0,000000133327586
0,8966666667 0,000000133377169
0,8970000000 0,000000133426752
0,8973333333 0,000000133476334
0,8976666667 0,000000133525917
0,8980000000 0,000000133575499
0,8983333333 0,000000133625082
0,8986666667 0,000000133674664
0,8990000000 0,000000133724247
0,8993333333 0,000000133773830
0,8996666667 0,000000133823412
0,9000000000 0,000000133872995
0,9003333333 0,000000133922577
0,9006666667 0,000000133972160
0,9010000000 0,000000134021743
0,9013333333 0,000000134071325
0,9016666667 0,000000134120908
0,9020000000 0,000000134170490
0,9023333333 0,000000134220073
0,9026666667 0,000000134269655
0,9030000000 0,000000134319238
0,9033333333 0,000000134368821
0,9036666667 0,000000134418403
0,9040000000 0,000000134467986
0,9043333333 0,000000134517568
0,9046666667 0,000000134567151
0,9050000000 0,000000134616734
0,9053333333 0,000000134666316
0,9056666667 0,000000134715899
0,9060000000 0,000000134765481
0,9063333333 0,000000134815064
0,9066666667 0,000000134864647
0,9070000000 0,000000134914229
0,9073333333 0,000000134963812
0,9076666667 0,000000135013394
0,9080000000 0,000000135062977
0,9083333333 0,000000135112559
0,9086666667 0,000000135162142
0,9090000000 0,000000135211725
0,9093333333 0,000000135261307
0,9096666667 0,000000135310890
0,9100000000 0,000000135360472
0,9103333333 0,000000135410055
0,9106666667 0,000000135459638
0,9110000000 0,000000135509220
0,9113333333 0,000000135558803
0,9116666667 0,000000135608385
0,9120000000 0,000000135657968
0,9123333333 0,000000135707551
0,9126666667 0,000000135757133
0,9130000000 0,000000135806716
0,9133333333 0,000000135856298
0,9136666667 0,000000135905881
0,9140000000 0,000000135955463
0,9143333333 0,000000136005046
0,9146666667 0,000000136054629
0,9150000000 0,000000136104211
0,9153333333 0,000000136153794
0,9156666667 0,000000136203376
0,9160000000 0,000000136252959
0,9163333333 0,000000136302542
0,9166666667 0,000000136352124
0,9170000000 0,000000136401707
0,9173333333 0,000000136451289
0,9176666667 0,000000136500872
0,9180000000 0,000000136550455
0,9183333333 0,000000136600037
0,9186666667 0,000000136649620
0,9190000000 0,000000136699202
0,9193333333 0,000000136748785
0,9196666667 0,000000136798367
0,9200000000 0,000000136847950
0,9203333333 0,000000136897533
0,9206666667 0,000000136947115
0,9210000000 0,000000136996698
0,9213333333 0,000000137046280
0,9216666667 0,000000137095863
0,9220000000 0,000000137145446
0,9223333333 0,000000137195028
0,9226666667 0,000000137244611
0,9230000000 0,000000137294193
0,9233333333 0,000000137343776
0,9236666667 0,000000137393359
0,9240000000 0,000000137442941
0,9243333333 0,000000137492524
0,9246666667 0,000000137542106
0,9250000000 0,000000137591689
0,9253333333 0,000000137641271
0,9256666667 0,000000137690854
0,9260000000 0,000000137740437
0,9263333333 0,000000137790019
0,9266666667 0,000000137839602
0,9270000000 0,000000137889184
0,9273333333 0,000000137938767
0,9276666667 0,000000137988350
0,9280000000 0,000000138037932
0,9283333333 0,000000138087515
0,9286666667 0,000000138137097
0,9290000000 0,000000138186680
0,9293333333 0,000000138236263
0,9296666667 0,000000138285845
0,9300000000 0,000000138335428
0,9303333333 0,000000138385010
0,9306666667 0,000000138434593
0,9310000000 0,000000138484175
0,9313333333 0,000000138533758
0,9316666667 0,000000138583341
0,9320000000 0,000000138632923
0,9323333333 0,000000138682506
0,9326666667 0,000000138732088
0,9330000000 0,000000138781671
0,9333333333 0,000000138831254
0,9336666667 0,000000138880836
0,9340000000 0,000000138930419
0,9343333333 0,000000138980001
0,9346666667 0,000000139029584
0,9350000000 0,000000139079166
0,9353333333 0,000000139128749
0,9356666667 0,000000139178332
0,9360000000 0,000000139227914
0,9363333333 0,000000139277497
0,9366666667 0,000000139327079
0,9370000000 0,000000139376662
0,9373333333 0,000000139426245
0,9376666667 0,000000139475827
0,9380000000 0,000000139525410
0,9383333333 0,000000139574992
0,9386666667 0,000000139624575
0,9390000000 0,000000139674158
0,9393333333 0,000000139723740
0,9396666667 0,000000139773323
0,9400000000 0,000000139822905
0,9403333333 0,000000139872488
0,9406666667 0,000000139922070
0,9410000000 0,000000139971653
0,9413333333 0,000000140021236
0,9416666667 0,000000140070818
0,9420000000 0,000000140120401
0,9423333333 0,000000140169983
0,9426666667 0,000000140219566
0,9430000000 0,000000140269149
0,9433333333 0,000000140318731
0,9436666667 0,000000140368314
0,9440000000 0,000000140417896
0,9443333333 0,000000140467479
0,9446666667 0,000000140517062
0,9450000000 0,000000140566644
0,9453333333 0,000000140616227
0,9456666667 0,000000140665809
0,9460000000 0,000000140715392
0,9463333333 0,000000140764974
0,9466666667 0,000000140814557
0,9470000000 0,000000140864140
0,9473333333 0,000000140913722
0,9476666667 0,000000140963305
0,9480000000 0,000000141012887
0,9483333333 0,000000141062470
0,9486666667 0,000000141112053
0,9490000000 0,000000141161635
0,9493333333 0,000000141211218
0,9496666667 0,000000141260800
0,9500000000 0,000000141310383
0,9503333333 0,000000141359966
0,9506666667 0,000000141409548
0,9510000000 0,000000141459131
0,9513333333 0,000000141508713
0,9516666667 0,000000141558296
0,9520000000 0,000000141607878
0,9523333333 0,000000141657461
0,9526666667 0,000000141707044
0,9530000000 0,000000141756626
0,9533333333 0,000000141806209
0,9536666667 0,000000141855791
0,9540000000 0,000000141905374
0,9543333333 0,000000141954957
0,9546666667 0,000000142004539
0,9550000000 0,000000142054122
0,9553333333 0,000000142103704
0,9556666667 0,000000142153287
0,9560000000 0,000000142202869
0,9563333333 0,000000142252452
0,9566666667 0,000000142302035
0,9570000000 0,000000142351617
0,9573333333 0,000000142401200
0,9576666667 0,000000142450782
0,9580000000 0,000000142500365
0,9583333333 0,000000142549948
0,9586666667 0,000000142599530
0,9590000000 0,000000142649113
0,9593333333 0,000000142698695
0,9596666667 0,000000142748278
0,9600000000 0,000000142797861
0,9603333333 0,000000142847443
0,9606666667 0,000000142897026
0,9610000000 0,000000142946608
0,9613333333 0,000000142996191
0,9616666667 0,000000143045773
0,9620000000 0,000000143095356
0,9623333333 0,000000143144939
0,9626666667 0,000000143194521
0,9630000000 0,000000143244104
0,9633333333 0,000000143293686
0,9636666667 0,000000143343269
0,9640000000 0,000000143392852
0,9643333333 0,000000143442434
0,9646666667 0,000000143492017
0,9650000000 0,000000143541599
0,9653333333 0,000000143591182
0,9656666667 0,000000143640765
0,9660000000 0,000000143690347
0,9663333333 0,000000143739930
0,9666666667 0,000000143789512
0,9670000000 0,000000143839095
0,9673333333 0,000000143888677
0,9676666667 0,000000143938260
0,9680000000 0,000000143987843
0,9683333333 0,000000144037425
0,9686666667 0,000000144087008
0,9690000000 0,000000144136590
0,9693333333 0,000000144186173
0,9696666667 0,000000144235756
0,9700000000 0,000000144285338
0,9703333333 0,000000144334921
0,9706666667 0,000000144384503
0,9710000000 0,000000144434086
0,9713333333 0,000000144483668
0,9716666667 0,000000144533251
0,9720000000 0,000000144582834
0,9723333333 0,000000144632416
0,9726666667 0,000000144681999
0,9730000000 0,000000144731581
0,9733333333 0,000000144781164
0,9736666667 0,000000144830747
0,9740000000 0,000000144880329
0,9743333333 0,000000144929912
0,9746666667 0,000000144979494
0,9750000000 0,000000145029077
0,9753333333 0,000000145078660
0,9756666667 0,000000145128242
0,9760000000 0,000000145177825
0,9763333333 0,000000145227407
0,9766666667 0,000000145276990
0,9770000000 0,000000145326572
0,9773333333 0,000000145376155
0,9776666667 0,000000145425738
0,9780000000 0,000000145475320
0,9783333333 0,000000145524903
0,9786666667 0,000000145574485
0,9790000000 0,000000145624068
0,9793333333 0,000000145673651
0,9796666667 0,000000145723233
0,9800000000 0,000000145772816
0,9803333333 0,000000145822398
0,9806666667 0,000000145871981
0,9810000000 0,000000145921564
0,9813333333 0,000000145971146
0,9816666667 0,000000146020729
0,9820000000 0,000000146070311
0,9823333333 0,000000146119894
0,9826666667 0,000000146169476
0,9830000000 0,000000146219059
0,9833333333 0,000000146268642
0,9836666667 0,000000146318224
0,9840000000 0,000000146367807
0,9843333333 0,000000146417389
0,9846666667 0,000000146466972
0,9850000000 0,000000146516555
0,9853333333 0,000000146566137
0,9856666667 0,000000146615720
0,9860000000 0,000000146665302
0,9863333333 0,000000146714885
0,9866666667 0,000000146764467
0,9870000000 0,000000146814050
0,9873333333 0,000000146863633
0,9876666667 0,000000146913215
0,9880000000 0,000000146962798
0,9883333333 0,000000147012380
0,9886666667 0,000000147061963
0,9890000000 0,000000147111546
0,9893333333 0,000000147161128
0,9896666667 0,000000147210711
0,9900000000 0,000000147260293
0,9903333333 0,000000147309876
0,9906666667 0,000000147359459
0,9910000000 0,000000147409041
0,9913333333 0,000000147458624
0,9916666667 0,000000147508206
0,9920000000 0,000000147557789
0,9923333333 0,000000147607371
0,9926666667 0,000000147656954
0,9930000000 0,000000147706537
0,9933333333 0,000000147756119
0,9936666667 0,000000147805702
0,9940000000 0,000000147855284
0,9943333333 0,000000147904867
0,9946666667 0,000000147954450
0,9950000000 0,000000148004032
0,9953333333 0,000000148053615
0,9956666667 0,000000148103197
0,9960000000 0,000000148152780
0,9963333333 0,000000148202363
0,9966666667 0,000000148251945
0,9970000000 0,000000148301528
0,9973333333 0,000000148351110
0,9976666667 0,000000148400693
0,9980000000 0,000000148450275
0,9983333333 0,000000148499858
0,9986666667 0,000000148549441
0,9990000000 0,000000148599023
0,9993333333 0,000000148648606
0,9996666667 0,000000148698188
