0,0000000000 0,000000050035963
0,0003333333 0,000000049946947
0,0006666667 0,000000049858138
0,0010000000 0,000000049769472
0,0013333333 0,000000049680950
0,0016666667 0,000000049592574
0,0020000000 0,000000049504342
0,0023333333 0,000000049416255
0,0026666667 0,000000049328314
0,0030000000 0,000000049240519
0,0033333333 0,000000049152870
0,0036666667 0,000000049065367
0,0040000000 0,000000048978012
0,0043333333 0,000000048890804
0,0046666667 0,000000048803743
0,0050000000 0,000000048716830
0,0053333333 0,000000048630066
0,0056666667 0,000000048543450
0,0060000000 0,000000048456982
0,0063333333 0,000000048370664
0,0066666667 0,000000048284495
0,0070000000 0,000000048198476
0,0073333333 0,000000048112607
0,0076666667 0,000000048026888
0,0080000000 0,000000047941320
0,0083333333 0,000000047855903
0,0086666667 0,000000047770637
0,0090000000 0,000000047685523
0,0093333333 0,000000047600560
0,0096666667 0,000000047515749
0,0100000000 0,000000047431091
0,0103333333 0,000000047346586
0,0106666667 0,000000047262233
0,0110000000 0,000000047178034
0,0113333333 0,000000047093988
0,0116666667 0,000000047010096
0,0120000000 0,000000046926358
0,0123333333 0,000000046842775
0,0126666667 0,000000046759346
0,0130000000 0,000000046676072
0,0133333333 0,000000046592953
0,0136666667 0,000000046509990
0,0140000000 0,000000046427182
0,0143333333 0,000000046344530
0,0146666667 0,000000046262034
0,0150000000 0,000000046179695
0,0153333333 0,000000046097513
0,0156666667 0,000000046015487
0,0160000000 0,000000045933619
0,0163333333 0,000000045851908
0,0166666667 0,000000045770354
0,0170000000 0,000000045688959
0,0173333333 0,000000045607722
0,0176666667 0,000000045526643
0,0180000000 0,000000045445723
0,0183333333 0,000000045364962
0,0186666667 0,000000045284359
0,0190000000 0,000000045203916
0,0193333333 0,000000045123633
0,0196666667 0,000000045043509
0,0200000000 0,000000044963546
0,0203333333 0,000000044883742
0,0206666667 0,000000044804099
0,0210000000 0,000000044724616
0,0213333333 0,000000044645294
0,0216666667 0,000000044566133
0,0220000000 0,000000044487134
0,0223333333 0,000000044408295
0,0226666667 0,000000044329619
0,0230000000 0,000000044251104
0,0233333333 0,000000044172750
0,0236666667 0,000000044094560
0,0240000000 0,000000044016531
0,0243333333 0,000000043938665
0,0246666667 0,000000043860961
0,0250000000 0,000000043783420
0,0253333333 0,000000043706043
0,0256666667 0,000000043628828
0,0260000000 0,000000043551777
0,0263333333 0,000000043474889
0,0266666667 0,000000043398165
0,0270000000 0,000000043321605
0,0273333333 0,000000043245208
0,0276666667 0,000000043168976
0,0280000000 0,000000043092908
0,0283333333 0,000000043017004
0,0286666667 0,000000042941264
0,0290000000 0,000000042865690
0,0293333333 0,000000042790280
0,0296666667 0,000000042715035
0,0300000000 0,000000042639955
0,0303333333 0,000000042565040
0,0306666667 0,000000042490290
0,0310000000 0,000000042415706
0,0313333333 0,000000042341287
0,0316666667 0,000000042267033
0,0320000000 0,000000042192946
0,0323333333 0,000000042119024
0,0326666667 0,000000042045268
0,0330000000 0,000000041971678
0,0333333333 0,000000041898254
0,0336666667 0,000000041824996
0,0340000000 0,000000041751904
0,0343333333 0,000000041678979
0,0346666667 0,000000041606220
0,0350000000 0,000000041533627
0,0353333333 0,000000041461201
0,0356666667 0,000000041388942
0,0360000000 0,000000041316849
0,0363333333 0,000000041244923
0,0366666667 0,000000041173163
0,0370000000 0,000000041101571
0,0373333333 0,000000041030145
0,0376666667 0,000000040958886
0,0380000000 0,000000040887794
0,0383333333 0,000000040816869
0,0386666667 0,000000040746111
0,0390000000 0,000000040675521
0,0393333333 0,000000040605097
0,0396666667 0,000000040534840
0,0400000000 0,000000040464750
0,0403333333 0,000000040394828
0,0406666667 0,000000040325072
0,0410000000 0,000000040255484
0,0413333333 0,000000040186063
0,0416666667 0,000000040116809
0,0420000000 0,000000040047722
0,0423333333 0,000000039978803
0,0426666667 0,000000039910050
0,0430000000 0,000000039841465
0,0433333333 0,000000039773047
0,0436666667 0,000000039704795
0,0440000000 0,000000039636711
0,0443333333 0,000000039568794
0,0446666667 0,000000039501044
0,0450000000 0,000000039433461
0,0453333333 0,000000039366045
0,0456666667 0,000000039298796
0,0460000000 0,000000039231714
0,0463333333 0,000000039164798
0,0466666667 0,000000039098049
0,0470000000 0,000000039031467
0,0473333333 0,000000038965052
0,0476666667 0,000000038898803
0,0480000000 0,000000038832721
0,0483333333 0,000000038766805
0,0486666667 0,000000038701056
0,0490000000 0,000000038635472
0,0493333333 0,000000038570056
0,0496666667 0,000000038504805
0,0500000000 0,000000038439720
0,0503333333 0,000000038374802
0,0506666667 0,000000038310049
0,0510000000 0,000000038245462
0,0513333333 0,000000038181040
0,0516666667 0,000000038116785
0,0520000000 0,000000038052695
0,0523333333 0,000000037988770
0,0526666667 0,000000037925010
0,0530000000 0,000000037861416
0,0533333333 0,000000037797986
0,0536666667 0,000000037734722
0,0540000000 0,000000037671622
0,0543333333 0,000000037608687
0,0546666667 0,000000037545917
0,0550000000 0,000000037483311
0,0553333333 0,000000037420869
0,0556666667 0,000000037358591
0,0560000000 0,000000037296477
0,0563333333 0,000000037234527
0,0566666667 0,000000037172741
0,0570000000 0,000000037111118
0,0573333333 0,000000037049659
0,0576666667 0,000000036988363
0,0580000000 0,000000036927229
0,0583333333 0,000000036866259
0,0586666667 0,000000036805452
0,0590000000 0,000000036744806
0,0593333333 0,000000036684324
0,0596666667 0,000000036624003
0,0600000000 0,000000036563844
0,0603333333 0,000000036503848
0,0606666667 0,000000036444013
0,0610000000 0,000000036384339
0,0613333333 0,000000036324826
0,0616666667 0,000000036265475
0,0620000000 0,000000036206284
0,0623333333 0,000000036147254
0,0626666667 0,000000036088384
0,0630000000 0,000000036029675
0,0633333333 0,000000035971126
0,0636666667 0,000000035912736
0,0640000000 0,000000035854506
0,0643333333 0,000000035796435
0,0646666667 0,000000035738524
0,0650000000 0,000000035680771
0,0653333333 0,000000035623177
0,0656666667 0,000000035565741
0,0660000000 0,000000035508464
0,0663333333 0,000000035451345
0,0666666667 0,000000035394383
0,0670000000 0,000000035337579
0,0673333333 0,000000035280932
0,0676666667 0,000000035224442
0,0680000000 0,000000035168109
0,0683333333 0,000000035111933
0,0686666667 0,000000035055913
0,0690000000 0,000000035000048
0,0693333333 0,000000034944340
0,0696666667 0,000000034888787
0,0700000000 0,000000034833389
0,0703333333 0,000000034778146
0,0706666667 0,000000034723058
0,0710000000 0,000000034668124
0,0713333333 0,000000034613344
0,0716666667 0,000000034558719
0,0720000000 0,000000034504246
0,0723333333 0,000000034449927
0,0726666667 0,000000034395762
0,0730000000 0,000000034341749
0,0733333333 0,000000034287888
0,0736666667 0,000000034234179
0,0740000000 0,000000034180623
0,0743333333 0,000000034127218
0,0746666667 0,000000034073964
0,0750000000 0,000000034020862
0,0753333333 0,000000033967910
0,0756666667 0,000000033915108
0,0760000000 0,000000033862457
0,0763333333 0,000000033809955
0,0766666667 0,000000033757603
0,0770000000 0,000000033705400
0,0773333333 0,000000033653346
0,0776666667 0,000000033601440
0,0780000000 0,000000033549683
0,0783333333 0,000000033498073
0,0786666667 0,000000033446612
0,0790000000 0,000000033395297
0,0793333333 0,000000033344130
0,0796666667 0,000000033293109
0,0800000000 0,000000033242234
0,0803333333 0,000000033191506
0,0806666667 0,000000033140923
0,0810000000 0,000000033090486
0,0813333333 0,000000033040193
0,0816666667 0,000000032990045
0,0820000000 0,000000032940042
0,0823333333 0,000000032890183
0,0826666667 0,000000032840467
0,0830000000 0,000000032790895
0,0833333333 0,000000032741465
0,0836666667 0,000000032692179
0,0840000000 0,000000032643035
0,0843333333 0,000000032594032
0,0846666667 0,000000032545172
0,0850000000 0,000000032496452
0,0853333333 0,000000032447874
0,0856666667 0,000000032399436
0,0860000000 0,000000032351138
0,0863333333 0,000000032302981
0,0866666667 0,000000032254963
0,0870000000 0,000000032207084
0,0873333333 0,000000032159344
0,0876666667 0,000000032111742
0,0880000000 0,000000032064279
0,0883333333 0,000000032016953
0,0886666667 0,000000031969765
0,0890000000 0,000000031922714
0,0893333333 0,000000031875799
0,0896666667 0,000000031829021
0,0900000000 0,000000031782379
0,0903333333 0,000000031735873
0,0906666667 0,000000031689502
0,0910000000 0,000000031643265
0,0913333333 0,000000031597163
0,0916666667 0,000000031551196
0,0920000000 0,000000031505362
0,0923333333 0,000000031459662
0,0926666667 0,000000031414094
0,0930000000 0,000000031368660
0,0933333333 0,000000031323357
0,0936666667 0,000000031278187
0,0940000000 0,000000031233148
0,0943333333 0,000000031188240
0,0946666667 0,000000031143464
0,0950000000 0,000000031098817
0,0953333333 0,000000031054301
0,0956666667 0,000000031009915
0,0960000000 0,000000030965658
0,0963333333 0,000000030921529
0,0966666667 0,000000030877530
0,0970000000 0,000000030833659
0,0973333333 0,000000030789915
0,0976666667 0,000000030746299
0,0980000000 0,000000030702810
0,0983333333 0,000000030659448
0,0986666667 0,000000030616212
0,0990000000 0,000000030573102
0,0993333333 0,000000030530118
0,0996666667 0,000000030487259
0,1000000000 0,000000030444524
0,1003333333 0,000000030401914
0,1006666667 0,000000030359429
0,1010000000 0,000000030317066
0,1013333333 0,000000030274828
0,1016666667 0,000000030232712
0,1020000000 0,000000030190718
0,1023333333 0,000000030148847
0,1026666667 0,000000030107098
0,1030000000 0,000000030065470
0,1033333333 0,000000030023963
0,1036666667 0,000000029982577
0,1040000000 0,000000029941310
0,1043333333 0,000000029900164
0,1046666667 0,000000029859138
0,1050000000 0,000000029818230
0,1053333333 0,000000029777441
0,1056666667 0,000000029736771
0,1060000000 0,000000029696218
0,1063333333 0,000000029655783
0,1066666667 0,000000029615466
0,1070000000 0,000000029575265
0,1073333333 0,000000029535181
0,1076666667 0,000000029495212
0,1080000000 0,000000029455360
0,1083333333 0,000000029415623
0,1086666667 0,000000029376000
0,1090000000 0,000000029336493
0,1093333333 0,000000029297099
0,1096666667 0,000000029257819
0,1100000000 0,000000029218653
0,1103333333 0,000000029179600
0,1106666667 0,000000029140659
0,1110000000 0,000000029101831
0,1113333333 0,000000029063114
0,1116666667 0,000000029024510
0,1120000000 0,000000028986016
0,1123333333 0,000000028947633
0,1126666667 0,000000028909361
0,1130000000 0,000000028871198
0,1133333333 0,000000028833145
0,1136666667 0,000000028795202
0,1140000000 0,000000028757367
0,1143333333 0,000000028719641
0,1146666667 0,000000028682023
0,1150000000 0,000000028644513
0,1153333333 0,000000028607110
0,1156666667 0,000000028569815
0,1160000000 0,000000028532626
0,1163333333 0,000000028495543
0,1166666667 0,000000028458566
0,1170000000 0,000000028421695
0,1173333333 0,000000028384929
0,1176666667 0,000000028348268
0,1180000000 0,000000028311711
0,1183333333 0,000000028275259
0,1186666667 0,000000028238910
0,1190000000 0,000000028202664
0,1193333333 0,000000028166522
0,1196666667 0,000000028130482
0,1200000000 0,000000028094544
0,1203333333 0,000000028058708
0,1206666667 0,000000028022974
0,1210000000 0,000000027987340
0,1213333333 0,000000027951808
0,1216666667 0,000000027916376
0,1220000000 0,000000027881044
0,1223333333 0,000000027845812
0,1226666667 0,000000027810679
0,1230000000 0,000000027775646
0,1233333333 0,000000027740710
0,1236666667 0,000000027705874
0,1240000000 0,000000027671135
0,1243333333 0,000000027636493
0,1246666667 0,000000027601949
0,1250000000 0,000000027567502
0,1253333333 0,000000027533151
0,1256666667 0,000000027498896
0,1260000000 0,000000027464737
0,1263333333 0,000000027430674
0,1266666667 0,000000027396705
0,1270000000 0,000000027362832
0,1273333333 0,000000027329052
0,1276666667 0,000000027295367
0,1280000000 0,000000027261776
0,1283333333 0,000000027228278
0,1286666667 0,000000027194872
0,1290000000 0,000000027161560
0,1293333333 0,000000027128340
0,1296666667 0,000000027095211
0,1300000000 0,000000027062175
0,1303333333 0,000000027029229
0,1306666667 0,000000026996375
0,1310000000 0,000000026963611
0,1313333333 0,000000026930938
0,1316666667 0,000000026898354
0,1320000000 0,000000026865860
0,1323333333 0,000000026833455
0,1326666667 0,000000026801139
0,1330000000 0,000000026768912
0,1333333333 0,000000026736773
0,1336666667 0,000000026704722
0,1340000000 0,000000026672758
0,1343333333 0,000000026640882
0,1346666667 0,000000026609092
0,1350000000 0,000000026577389
0,1353333333 0,000000026545772
0,1356666667 0,000000026514242
0,1360000000 0,000000026482797
0,1363333333 0,000000026451437
0,1366666667 0,000000026420162
0,1370000000 0,000000026388971
0,1373333333 0,000000026357865
0,1376666667 0,000000026326843
0,1380000000 0,000000026295905
0,1383333333 0,000000026265050
0,1386666667 0,000000026234278
0,1390000000 0,000000026203589
0,1393333333 0,000000026172982
0,1396666667 0,000000026142457
0,1400000000 0,000000026112013
0,1403333333 0,000000026081652
0,1406666667 0,000000026051371
0,1410000000 0,000000026021171
0,1413333333 0,000000025991052
0,1416666667 0,000000025961013
0,1420000000 0,000000025931053
0,1423333333 0,000000025901174
0,1426666667 0,000000025871373
0,1430000000 0,000000025841651
0,1433333333 0,000000025812009
0,1436666667 0,000000025782444
0,1440000000 0,000000025752957
0,1443333333 0,000000025723548
0,1446666667 0,000000025694217
0,1450000000 0,000000025664963
0,1453333333 0,000000025635785
0,1456666667 0,000000025606684
0,1460000000 0,000000025577659
0,1463333333 0,000000025548711
0,1466666667 0,000000025519837
0,1470000000 0,000000025491039
0,1473333333 0,000000025462317
0,1476666667 0,000000025433668
0,1480000000 0,000000025405095
0,1483333333 0,000000025376595
0,1486666667 0,000000025348170
0,1490000000 0,000000025319818
0,1493333333 0,000000025291539
0,1496666667 0,000000025263333
0,1500000000 0,000000025235200
0,1503333333 0,000000025207140
0,1506666667 0,000000025179151
0,1510000000 0,000000025151235
0,1513333333 0,000000025123390
0,1516666667 0,000000025095616
0,1520000000 0,000000025067913
0,1523333333 0,000000025040281
0,1526666667 0,000000025012720
0,1530000000 0,000000024985228
0,1533333333 0,000000024957807
0,1536666667 0,000000024930455
0,1540000000 0,000000024903173
0,1543333333 0,000000024875960
0,1546666667 0,000000024848815
0,1550000000 0,000000024821739
0,1553333333 0,000000024794731
0,1556666667 0,000000024767792
0,1560000000 0,000000024740920
0,1563333333 0,000000024714115
0,1566666667 0,000000024687378
0,1570000000 0,000000024660708
0,1573333333 0,000000024634104
0,1576666667 0,000000024607567
0,1580000000 0,000000024581096
0,1583333333 0,000000024554690
0,1586666667 0,000000024528351
0,1590000000 0,000000024502076
0,1593333333 0,000000024475867
0,1596666667 0,000000024449723
0,1600000000 0,000000024423643
0,1603333333 0,000000024397628
0,1606666667 0,000000024371676
0,1610000000 0,000000024345789
0,1613333333 0,000000024319965
0,1616666667 0,000000024294204
0,1620000000 0,000000024268507
0,1623333333 0,000000024242872
0,1626666667 0,000000024217300
0,1630000000 0,000000024191790
0,1633333333 0,000000024166342
0,1636666667 0,000000024140956
0,1640000000 0,000000024115632
0,1643333333 0,000000024090369
0,1646666667 0,000000024065167
0,1650000000 0,000000024040025
0,1653333333 0,000000024014945
0,1656666667 0,000000023989925
0,1660000000 0,000000023964965
0,1663333333 0,000000023940065
0,1666666667 0,000000023915224
0,1670000000 0,000000023890443
0,1673333333 0,000000023865721
0,1676666667 0,000000023841058
0,1680000000 0,000000023816454
0,1683333333 0,000000023791908
0,1686666667 0,000000023767421
0,1690000000 0,000000023742991
0,1693333333 0,000000023718620
0,1696666667 0,000000023694306
0,1700000000 0,000000023670049
0,1703333333 0,000000023645849
0,1706666667 0,000000023621706
0,1710000000 0,000000023597620
0,1713333333 0,000000023573590
0,1716666667 0,000000023549617
0,1720000000 0,000000023525699
0,1723333333 0,000000023501837
0,1726666667 0,000000023478031
0,1730000000 0,000000023454280
0,1733333333 0,000000023430584
0,1736666667 0,000000023406943
0,1740000000 0,000000023383357
0,1743333333 0,000000023359825
0,1746666667 0,000000023336347
0,1750000000 0,000000023312923
0,1753333333 0,000000023289553
0,1756666667 0,000000023266237
0,1760000000 0,000000023242974
0,1763333333 0,000000023219764
0,1766666667 0,000000023196608
0,1770000000 0,000000023173504
0,1773333333 0,000000023150452
0,1776666667 0,000000023127453
0,1780000000 0,000000023104506
0,1783333333 0,000000023081611
0,1786666667 0,000000023058767
0,1790000000 0,000000023035975
0,1793333333 0,000000023013234
0,1796666667 0,000000022990545
0,1800000000 0,000000022967906
0,1803333333 0,000000022945318
0,1806666667 0,000000022922781
0,1810000000 0,000000022900293
0,1813333333 0,000000022877856
0,1816666667 0,000000022855469
0,1820000000 0,000000022833132
0,1823333333 0,000000022810844
0,1826666667 0,000000022788605
0,1830000000 0,000000022766415
0,1833333333 0,000000022744275
0,1836666667 0,000000022722183
0,1840000000 0,000000022700139
0,1843333333 0,000000022678144
0,1846666667 0,000000022656197
0,1850000000 0,000000022634299
0,1853333333 0,000000022612447
0,1856666667 0,000000022590644
0,1860000000 0,000000022568888
0,1863333333 0,000000022547179
0,1866666667 0,000000022525517
0,1870000000 0,000000022503902
0,1873333333 0,000000022482333
0,1876666667 0,000000022460811
0,1880000000 0,000000022439336
0,1883333333 0,000000022417906
0,1886666667 0,000000022396523
0,1890000000 0,000000022375185
0,1893333333 0,000000022353893
0,1896666667 0,000000022332646
0,1900000000 0,000000022311444
0,1903333333 0,000000022290288
0,1906666667 0,000000022269176
0,1910000000 0,000000022248109
0,1913333333 0,000000022227086
0,1916666667 0,000000022206108
0,1920000000 0,000000022185174
0,1923333333 0,000000022164284
0,1926666667 0,000000022143438
0,1930000000 0,000000022122636
0,1933333333 0,000000022101876
0,1936666667 0,000000022081161
0,1940000000 0,000000022060488
0,1943333333 0,000000022039859
0,1946666667 0,000000022019272
0,1950000000 0,000000021998728
0,1953333333 0,000000021978226
0,1956666667 0,000000021957767
0,1960000000 0,000000021937349
0,1963333333 0,000000021916974
0,1966666667 0,000000021896641
0,1970000000 0,000000021876349
0,1973333333 0,000000021856099
0,1976666667 0,000000021835890
0,1980000000 0,000000021815722
0,1983333333 0,000000021795595
0,1986666667 0,000000021775510
0,1990000000 0,000000021755464
0,1993333333 0,000000021735460
0,1996666667 0,000000021715496
0,2000000000 0,000000021695572
0,2003333333 0,000000021675688
0,2006666667 0,000000021655844
0,2010000000 0,000000021636039
0,2013333333 0,000000021616275
0,2016666667 0,000000021596550
0,2020000000 0,000000021576864
0,2023333333 0,000000021557217
0,2026666667 0,000000021537609
0,2030000000 0,000000021518041
0,2033333333 0,000000021498510
0,2036666667 0,000000021479019
0,2040000000 0,000000021459566
0,2043333333 0,000000021440151
0,2046666667 0,000000021420774
0,2050000000 0,000000021401435
0,2053333333 0,000000021382134
0,2056666667 0,000000021362871
0,2060000000 0,000000021343645
0,2063333333 0,000000021324457
0,2066666667 0,000000021305305
0,2070000000 0,000000021286191
0,2073333333 0,000000021267114
0,2076666667 0,000000021248074
0,2080000000 0,000000021229070
0,2083333333 0,000000021210103
0,2086666667 0,000000021191173
0,2090000000 0,000000021172278
0,2093333333 0,000000021153420
0,2096666667 0,000000021134598
0,2100000000 0,000000021115811
0,2103333333 0,000000021097061
0,2106666667 0,000000021078345
0,2110000000 0,000000021059666
0,2113333333 0,000000021041021
0,2116666667 0,000000021022412
0,2120000000 0,000000021003838
0,2123333333 0,000000020985299
0,2126666667 0,000000020966794
0,2130000000 0,000000020948324
0,2133333333 0,000000020929889
0,2136666667 0,000000020911488
0,2140000000 0,000000020893121
0,2143333333 0,000000020874789
0,2146666667 0,000000020856490
0,2150000000 0,000000020838225
0,2153333333 0,000000020819995
0,2156666667 0,000000020801797
0,2160000000 0,000000020783633
0,2163333333 0,000000020765503
0,2166666667 0,000000020747405
0,2170000000 0,000000020729341
0,2173333333 0,000000020711310
0,2176666667 0,000000020693312
0,2180000000 0,000000020675346
0,2183333333 0,000000020657413
0,2186666667 0,000000020639513
0,2190000000 0,000000020621645
0,2193333333 0,000000020603809
0,2196666667 0,000000020586005
0,2200000000 0,000000020568233
0,2203333333 0,000000020550493
0,2206666667 0,000000020532785
0,2210000000 0,000000020515109
0,2213333333 0,000000020497464
0,2216666667 0,000000020479851
0,2220000000 0,000000020462268
0,2223333333 0,000000020444717
0,2226666667 0,000000020427197
0,2230000000 0,000000020409709
0,2233333333 0,000000020392250
0,2236666667 0,000000020374823
0,2240000000 0,000000020357426
0,2243333333 0,000000020340060
0,2246666667 0,000000020322724
0,2250000000 0,000000020305418
0,2253333333 0,000000020288143
0,2256666667 0,000000020270897
0,2260000000 0,000000020253682
0,2263333333 0,000000020236496
0,2266666667 0,000000020219340
0,2270000000 0,000000020202214
0,2273333333 0,000000020185117
0,2276666667 0,000000020168049
0,2280000000 0,000000020151011
0,2283333333 0,000000020134002
0,2286666667 0,000000020117022
0,2290000000 0,000000020100071
0,2293333333 0,000000020083149
0,2296666667 0,000000020066256
0,2300000000 0,000000020049391
0,2303333333 0,000000020032555
0,2306666667 0,000000020015747
0,2310000000 0,000000019998967
0,2313333333 0,000000019982216
0,2316666667 0,000000019965493
0,2320000000 0,000000019948798
0,2323333333 0,000000019932130
0,2326666667 0,000000019915491
0,2330000000 0,000000019898879
0,2333333333 0,000000019882295
0,2336666667 0,000000019865739
0,2340000000 0,000000019849210
0,2343333333 0,000000019832708
0,2346666667 0,000000019816233
0,2350000000 0,000000019799786
0,2353333333 0,000000019783365
0,2356666667 0,000000019766971
0,2360000000 0,000000019750605
0,2363333333 0,000000019734265
0,2366666667 0,000000019717951
0,2370000000 0,000000019701664
0,2373333333 0,000000019685404
0,2376666667 0,000000019669170
0,2380000000 0,000000019652962
0,2383333333 0,000000019636780
0,2386666667 0,000000019620625
0,2390000000 0,000000019604495
0,2393333333 0,000000019588391
0,2396666667 0,000000019572313
0,2400000000 0,000000019556261
0,2403333333 0,000000019540234
0,2406666667 0,000000019524232
0,2410000000 0,000000019508257
0,2413333333 0,000000019492306
0,2416666667 0,000000019476381
0,2420000000 0,000000019460481
0,2423333333 0,000000019444605
0,2426666667 0,000000019428755
0,2430000000 0,000000019412930
0,2433333333 0,000000019397129
0,2436666667 0,000000019381353
0,2440000000 0,000000019365602
0,2443333333 0,000000019349876
0,2446666667 0,000000019334173
0,2450000000 0,000000019318495
0,2453333333 0,000000019302842
0,2456666667 0,000000019287212
0,2460000000 0,000000019271607
0,2463333333 0,000000019256025
0,2466666667 0,000000019240468
0,2470000000 0,000000019224934
0,2473333333 0,000000019209424
0,2476666667 0,000000019193938
0,2480000000 0,000000019178475
0,2483333333 0,000000019163036
0,2486666667 0,000000019147620
0,2490000000 0,000000019132227
0,2493333333 0,000000019116858
0,2496666667 0,000000019101512
0,2500000000 0,000000019086189
0,2503333333 0,000000019070889
0,2506666667 0,000000019055612
0,2510000000 0,000000019040358
0,2513333333 0,000000019025127
0,2516666667 0,000000019009918
0,2520000000 0,000000018994732
0,2523333333 0,000000018979568
0,2526666667 0,000000018964427
0,2530000000 0,000000018949308
0,2533333333 0,000000018934212
0,2536666667 0,000000018919137
0,2540000000 0,000000018904085
0,2543333333 0,000000018889055
0,2546666667 0,000000018874047
0,2550000000 0,000000018859061
0,2553333333 0,000000018844096
0,2556666667 0,000000018829154
0,2560000000 0,000000018814233
0,2563333333 0,000000018799333
0,2566666667 0,000000018784456
0,2570000000 0,000000018769599
0,2573333333 0,000000018754764
0,2576666667 0,000000018739951
0,2580000000 0,000000018725158
0,2583333333 0,000000018710387
0,2586666667 0,000000018695637
0,2590000000 0,000000018680908
0,2593333333 0,000000018666199
0,2596666667 0,000000018651512
0,2600000000 0,000000018636845
0,2603333333 0,000000018622200
0,2606666667 0,000000018607574
0,2610000000 0,000000018592970
0,2613333333 0,000000018578386
0,2616666667 0,000000018563822
0,2620000000 0,000000018549279
0,2623333333 0,000000018534756
0,2626666667 0,000000018520253
0,2630000000 0,000000018505771
0,2633333333 0,000000018491308
0,2636666667 0,000000018476866
0,2640000000 0,000000018462444
0,2643333333 0,000000018448041
0,2646666667 0,000000018433658
0,2650000000 0,000000018419295
0,2653333333 0,000000018404952
0,2656666667 0,000000018390629
0,2660000000 0,000000018376325
0,2663333333 0,000000018362040
0,2666666667 0,000000018347775
0,2670000000 0,000000018333529
0,2673333333 0,000000018319303
0,2676666667 0,000000018305095
0,2680000000 0,000000018290907
0,2683333333 0,000000018276738
0,2686666667 0,000000018262588
0,2690000000 0,000000018248457
0,2693333333 0,000000018234345
0,2696666667 0,000000018220252
0,2700000000 0,000000018206178
0,2703333333 0,000000018192122
0,2706666667 0,000000018178085
0,2710000000 0,000000018164067
0,2713333333 0,000000018150067
0,2716666667 0,000000018136085
0,2720000000 0,000000018122122
0,2723333333 0,000000018108178
0,2726666667 0,000000018094251
0,2730000000 0,000000018080343
0,2733333333 0,000000018066453
0,2736666667 0,000000018052581
0,2740000000 0,000000018038728
0,2743333333 0,000000018024892
0,2746666667 0,000000018011074
0,2750000000 0,000000017997274
0,2753333333 0,000000017983492
0,2756666667 0,000000017969727
0,2760000000 0,000000017955980
0,2763333333 0,000000017942251
0,2766666667 0,000000017928540
0,2770000000 0,000000017914846
0,2773333333 0,000000017901169
0,2776666667 0,000000017887510
0,2780000000 0,000000017873868
0,2783333333 0,000000017860243
0,2786666667 0,000000017846636
0,2790000000 0,000000017833046
0,2793333333 0,000000017819473
0,2796666667 0,000000017805917
0,2800000000 0,000000017792378
0,2803333333 0,000000017778856
0,2806666667 0,000000017765351
0,2810000000 0,000000017751863
0,2813333333 0,000000017738391
0,2816666667 0,000000017724936
0,2820000000 0,000000017711498
0,2823333333 0,000000017698077
0,2826666667 0,000000017684672
0,2830000000 0,000000017671284
0,2833333333 0,000000017657912
0,2836666667 0,000000017644556
0,2840000000 0,000000017631217
0,2843333333 0,000000017617894
0,2846666667 0,000000017604587
0,2850000000 0,000000017591297
0,2853333333 0,000000017578023
0,2856666667 0,000000017564765
0,2860000000 0,000000017551522
0,2863333333 0,000000017538296
0,2866666667 0,000000017525086
0,2870000000 0,000000017511892
0,2873333333 0,000000017498713
0,2876666667 0,000000017485550
0,2880000000 0,000000017472403
0,2883333333 0,000000017459272
0,2886666667 0,000000017446156
0,2890000000 0,000000017433056
0,2893333333 0,000000017419972
0,2896666667 0,000000017406903
0,2900000000 0,000000017393849
0,2903333333 0,000000017380811
0,2906666667 0,000000017367788
0,2910000000 0,000000017354780
0,2913333333 0,000000017341788
0,2916666667 0,000000017328811
0,2920000000 0,000000017315848
0,2923333333 0,000000017302901
0,2926666667 0,000000017289969
0,2930000000 0,000000017277053
0,2933333333 0,000000017264151
0,2936666667 0,000000017251263
0,2940000000 0,000000017238391
0,2943333333 0,000000017225534
0,2946666667 0,000000017212691
0,2950000000 0,000000017199863
0,2953333333 0,000000017187050
0,2956666667 0,000000017174251
0,2960000000 0,000000017161467
0,2963333333 0,000000017148697
0,2966666667 0,000000017135942
0,2970000000 0,000000017123201
0,2973333333 0,000000017110475
0,2976666667 0,000000017097763
0,2980000000 0,000000017085066
0,2983333333 0,000000017072382
0,2986666667 0,000000017059713
0,2990000000 0,000000017047058
0,2993333333 0,000000017034417
0,2996666667 0,000000017021790
0,3000000000 0,000000017009178
0,3003333333 0,000000016996579
0,3006666667 0,000000016983994
0,3010000000 0,000000016971423
0,3013333333 0,000000016958866
0,3016666667 0,000000016946323
0,3020000000 0,000000016933793
0,3023333333 0,000000016921278
0,3026666667 0,000000016908776
0,3030000000 0,000000016896287
0,3033333333 0,000000016883812
0,3036666667 0,000000016871351
0,3040000000 0,000000016858903
0,3043333333 0,000000016846469
0,3046666667 0,000000016834048
0,3050000000 0,000000016821641
0,3053333333 0,000000016809247
0,3056666667 0,000000016796866
0,3060000000 0,000000016784499
0,3063333333 0,000000016772145
0,3066666667 0,000000016759804
0,3070000000 0,000000016747476
0,3073333333 0,000000016735161
0,3076666667 0,000000016722859
0,3080000000 0,000000016710571
0,3083333333 0,000000016698295
0,3086666667 0,000000016686032
0,3090000000 0,000000016673782
0,3093333333 0,000000016661545
0,3096666667 0,000000016649321
0,3100000000 0,000000016637110
0,3103333333 0,000000016624912
0,3106666667 0,000000016612726
0,3110000000 0,000000016600553
0,3113333333 0,000000016588392
0,3116666667 0,000000016576244
0,3120000000 0,000000016564109
0,3123333333 0,000000016551986
0,3126666667 0,000000016539876
0,3130000000 0,000000016527778
0,3133333333 0,000000016515692
0,3136666667 0,000000016503619
0,3140000000 0,000000016491558
0,3143333333 0,000000016479510
0,3146666667 0,000000016467474
0,3150000000 0,000000016455450
0,3153333333 0,000000016443438
0,3156666667 0,000000016431438
0,3160000000 0,000000016419451
0,3163333333 0,000000016407475
0,3166666667 0,000000016395512
0,3170000000 0,000000016383560
0,3173333333 0,000000016371621
0,3176666667 0,000000016359694
0,3180000000 0,000000016347778
0,3183333333 0,000000016335874
0,3186666667 0,000000016323982
0,3190000000 0,000000016312102
0,3193333333 0,000000016300234
0,3196666667 0,000000016288377
0,3200000000 0,000000016276532
0,3203333333 0,000000016264699
0,3206666667 0,000000016252877
0,3210000000 0,000000016241067
0,3213333333 0,000000016229269
0,3216666667 0,000000016217482
0,3220000000 0,000000016205706
0,3223333333 0,000000016193942
0,3226666667 0,000000016182189
0,3230000000 0,000000016170448
0,3233333333 0,000000016158718
0,3236666667 0,000000016147000
0,3240000000 0,000000016135292
0,3243333333 0,000000016123596
0,3246666667 0,000000016111911
0,3250000000 0,000000016100238
0,3253333333 0,000000016088575
0,3256666667 0,000000016076924
0,3260000000 0,000000016065283
0,3263333333 0,000000016053654
0,3266666667 0,000000016042036
0,3270000000 0,000000016030428
0,3273333333 0,000000016018832
0,3276666667 0,000000016007246
0,3280000000 0,000000015995672
0,3283333333 0,000000015984108
0,3286666667 0,000000015972555
0,3290000000 0,000000015961013
0,3293333333 0,000000015949482
0,3296666667 0,000000015937961
0,3300000000 0,000000015926452
0,3303333333 0,000000015914952
0,3306666667 0,000000015903464
0,3310000000 0,000000015891986
0,3313333333 0,000000015880518
0,3316666667 0,000000015869062
0,3320000000 0,000000015857615
0,3323333333 0,000000015846180
0,3326666667 0,000000015834754
0,3330000000 0,000000015823339
0,3333333333 0,000000015811935
0,3336666667 0,000000015800540
0,3340000000 0,000000015789157
0,3343333333 0,000000015777783
0,3346666667 0,000000015766420
0,3350000000 0,000000015755067
0,3353333333 0,000000015743724
0,3356666667 0,000000015732391
0,3360000000 0,000000015721069
0,3363333333 0,000000015709757
0,3366666667 0,000000015698454
0,3370000000 0,000000015687162
0,3373333333 0,000000015675880
0,3376666667 0,000000015664608
0,3380000000 0,000000015653346
0,3383333333 0,000000015642094
0,3386666667 0,000000015630852
0,3390000000 0,000000015619619
0,3393333333 0,000000015608397
0,3396666667 0,000000015597184
0,3400000000 0,000000015585982
0,3403333333 0,000000015574789
0,3406666667 0,000000015563605
0,3410000000 0,000000015552432
0,3413333333 0,000000015541268
0,3416666667 0,000000015530114
0,3420000000 0,000000015518970
0,3423333333 0,000000015507835
0,3426666667 0,000000015496709
0,3430000000 0,000000015485594
0,3433333333 0,000000015474488
0,3436666667 0,000000015463391
0,3440000000 0,000000015452304
0,3443333333 0,000000015441226
0,3446666667 0,000000015430158
0,3450000000 0,000000015419099
0,3453333333 0,000000015408050
0,3456666667 0,000000015397010
0,3460000000 0,000000015385979
0,3463333333 0,000000015374958
0,3466666667 0,000000015363946
0,3470000000 0,000000015352943
0,3473333333 0,000000015341949
0,3476666667 0,000000015330965
0,3480000000 0,000000015319989
0,3483333333 0,000000015309023
0,3486666667 0,000000015298066
0,3490000000 0,000000015287118
0,3493333333 0,000000015276180
0,3496666667 0,000000015265250
0,3500000000 0,000000015254329
0,3503333333 0,000000015243417
0,3506666667 0,000000015232515
0,3510000000 0,000000015221621
0,3513333333 0,000000015210736
0,3516666667 0,000000015199860
0,3520000000 0,000000015188993
0,3523333333 0,000000015178134
0,3526666667 0,000000015167285
0,3530000000 0,000000015156444
0,3533333333 0,000000015145613
0,3536666667 0,000000015134789
0,3540000000 0,000000015123975
0,3543333333 0,000000015113169
0,3546666667 0,000000015102372
0,3550000000 0,000000015091584
0,3553333333 0,000000015080804
0,3556666667 0,000000015070033
0,3560000000 0,000000015059271
0,3563333333 0,000000015048517
0,3566666667 0,000000015037772
0,3570000000 0,000000015027035
0,3573333333 0,000000015016306
0,3576666667 0,000000015005587
0,3580000000 0,000000014994875
0,3583333333 0,000000014984172
0,3586666667 0,000000014973477
0,3590000000 0,000000014962791
0,3593333333 0,000000014952113
0,3596666667 0,000000014941444
0,3600000000 0,000000014930783
0,3603333333 0,000000014920130
0,3606666667 0,000000014909485
0,3610000000 0,000000014898849
0,3613333333 0,000000014888220
0,3616666667 0,000000014877600
0,3620000000 0,000000014866989
0,3623333333 0,000000014856385
0,3626666667 0,000000014845789
0,3630000000 0,000000014835202
0,3633333333 0,000000014824623
0,3636666667 0,000000014814051
0,3640000000 0,000000014803488
0,3643333333 0,000000014792933
0,3646666667 0,000000014782386
0,3650000000 0,000000014771847
0,3653333333 0,000000014761316
0,3656666667 0,000000014750792
0,3660000000 0,000000014740277
0,3663333333 0,000000014729769
0,3666666667 0,000000014719270
0,3670000000 0,000000014708778
0,3673333333 0,000000014698294
0,3676666667 0,000000014687818
0,3680000000 0,000000014677350
0,3683333333 0,000000014666889
0,3686666667 0,000000014656437
0,3690000000 0,000000014645992
0,3693333333 0,000000014635554
0,3696666667 0,000000014625125
0,3700000000 0,000000014614703
0,3703333333 0,000000014604289
0,3706666667 0,000000014593882
0,3710000000 0,000000014583483
0,3713333333 0,000000014573091
0,3716666667 0,000000014562708
0,3720000000 0,000000014552331
0,3723333333 0,000000014541962
0,3726666667 0,000000014531601
0,3730000000 0,000000014521247
0,3733333333 0,000000014510901
0,3736666667 0,000000014500562
0,3740000000 0,000000014490231
0,3743333333 0,000000014479907
0,3746666667 0,000000014469590
0,3750000000 0,000000014459281
0,3753333333 0,000000014448979
0,3756666667 0,000000014438684
0,3760000000 0,000000014428397
0,3763333333 0,000000014418117
0,3766666667 0,000000014407844
0,3770000000 0,000000014397579
0,3773333333 0,000000014387321
0,3776666667 0,000000014377070
0,3780000000 0,000000014366826
0,3783333333 0,000000014356589
0,3786666667 0,000000014346360
0,3790000000 0,000000014336138
0,3793333333 0,000000014325923
0,3796666667 0,000000014315715
0,3800000000 0,000000014305514
0,3803333333 0,000000014295320
0,3806666667 0,000000014285133
0,3810000000 0,000000014274953
0,3813333333 0,000000014264781
0,3816666667 0,000000014254615
0,3820000000 0,000000014244456
0,3823333333 0,000000014234304
0,3826666667 0,000000014224159
0,3830000000 0,000000014214022
0,3833333333 0,000000014203891
0,3836666667 0,000000014193766
0,3840000000 0,000000014183649
0,3843333333 0,000000014173539
0,3846666667 0,000000014163435
0,3850000000 0,000000014153339
0,3853333333 0,000000014143249
0,3856666667 0,000000014133166
0,3860000000 0,000000014123089
0,3863333333 0,000000014113020
0,3866666667 0,000000014102957
0,3870000000 0,000000014092901
0,3873333333 0,000000014082851
0,3876666667 0,000000014072809
0,3880000000 0,000000014062772
0,3883333333 0,000000014052743
0,3886666667 0,000000014042720
0,3890000000 0,000000014032704
0,3893333333 0,000000014022695
0,3896666667 0,000000014012692
0,3900000000 0,000000014002695
0,3903333333 0,000000013992705
0,3906666667 0,000000013982722
0,3910000000 0,000000013972745
0,3913333333 0,000000013962775
0,3916666667 0,000000013952811
0,3920000000 0,000000013942854
0,3923333333 0,000000013932903
0,3926666667 0,000000013922958
0,3930000000 0,000000013913020
0,3933333333 0,000000013903089
0,3936666667 0,000000013893164
0,3940000000 0,000000013883245
0,3943333333 0,000000013873332
0,3946666667 0,000000013863426
0,3950000000 0,000000013853526
0,3953333333 0,000000013843633
0,3956666667 0,000000013833745
0,3960000000 0,000000013823864
0,3963333333 0,000000013813990
0,3966666667 0,000000013804121
0,3970000000 0,000000013794259
0,3973333333 0,000000013784403
0,3976666667 0,000000013774553
0,3980000000 0,000000013764710
0,3983333333 0,000000013754872
0,3986666667 0,000000013745041
0,3990000000 0,000000013735216
0,3993333333 0,000000013725397
0,3996666667 0,000000013715584
0,4000000000 0,000000013705777
0,4003333333 0,000000013695976
0,4006666667 0,000000013686182
0,4010000000 0,000000013676393
0,4013333333 0,000000013666610
0,4016666667 0,000000013656834
0,4020000000 0,000000013647063
0,4023333333 0,000000013637299
0,4026666667 0,000000013627540
0,4030000000 0,000000013617787
0,4033333333 0,000000013608041
0,4036666667 0,000000013598300
0,4040000000 0,000000013588565
0,4043333333 0,000000013578836
0,4046666667 0,000000013569113
0,4050000000 0,000000013559396
0,4053333333 0,000000013549684
0,4056666667 0,000000013539979
0,4060000000 0,000000013530279
0,4063333333 0,000000013520585
0,4066666667 0,000000013510897
0,4070000000 0,000000013501215
0,4073333333 0,000000013491538
0,4076666667 0,000000013481868
0,4080000000 0,000000013472203
0,4083333333 0,000000013462543
0,4086666667 0,000000013452890
0,4090000000 0,000000013443242
0,4093333333 0,000000013433600
0,4096666667 0,000000013423964
0,4100000000 0,000000013414333
0,4103333333 0,000000013404708
0,4106666667 0,000000013395088
0,4110000000 0,000000013385474
0,4113333333 0,000000013375866
0,4116666667 0,000000013366263
0,4120000000 0,000000013356666
0,4123333333 0,000000013347074
0,4126666667 0,000000013337488
0,4130000000 0,000000013327908
0,4133333333 0,000000013318333
0,4136666667 0,000000013308764
0,4140000000 0,000000013299200
0,4143333333 0,000000013289641
0,4146666667 0,000000013280088
0,4150000000 0,000000013270541
0,4153333333 0,000000013260999
0,4156666667 0,000000013251462
0,4160000000 0,000000013241931
0,4163333333 0,000000013232405
0,4166666667 0,000000013222885
0,4170000000 0,000000013213370
0,4173333333 0,000000013203860
0,4176666667 0,000000013194356
0,4180000000 0,000000013184857
0,4183333333 0,000000013175364
0,4186666667 0,000000013165875
0,4190000000 0,000000013156392
0,4193333333 0,000000013146915
0,4196666667 0,000000013137442
0,4200000000 0,000000013127975
0,4203333333 0,000000013118513
0,4206666667 0,000000013109057
0,4210000000 0,000000013099605
0,4213333333 0,000000013090159
0,4216666667 0,000000013080718
0,4220000000 0,000000013071283
0,4223333333 0,000000013061852
0,4226666667 0,000000013052427
0,4230000000 0,000000013043006
0,4233333333 0,000000013033591
0,4236666667 0,000000013024181
0,4240000000 0,000000013014777
0,4243333333 0,000000013005377
0,4246666667 0,000000012995982
0,4250000000 0,000000012986593
0,4253333333 0,000000012977208
0,4256666667 0,000000012967829
0,4260000000 0,000000012958455
0,4263333333 0,000000012949085
0,4266666667 0,000000012939721
0,4270000000 0,000000012930362
0,4273333333 0,000000012921008
0,4276666667 0,000000012911658
0,4280000000 0,000000012902314
0,4283333333 0,000000012892975
0,4286666667 0,000000012883640
0,4290000000 0,000000012874311
0,4293333333 0,000000012864987
0,4296666667 0,000000012855667
0,4300000000 0,000000012846352
0,4303333333 0,000000012837043
0,4306666667 0,000000012827738
0,4310000000 0,000000012818438
0,4313333333 0,000000012809143
0,4316666667 0,000000012799853
0,4320000000 0,000000012790567
0,4323333333 0,000000012781287
0,4326666667 0,000000012772011
0,4330000000 0,000000012762740
0,4333333333 0,000000012753474
0,4336666667 0,000000012744213
0,4340000000 0,000000012734956
0,4343333333 0,000000012725704
0,4346666667 0,000000012716457
0,4350000000 0,000000012707215
0,4353333333 0,000000012697977
0,4356666667 0,000000012688745
0,4360000000 0,000000012679516
0,4363333333 0,000000012670293
0,4366666667 0,000000012661074
0,4370000000 0,000000012651860
0,4373333333 0,000000012642651
0,4376666667 0,000000012633446
0,4380000000 0,000000012624246
0,4383333333 0,000000012615051
0,4386666667 0,000000012605860
0,4390000000 0,000000012596674
0,4393333333 0,000000012587492
0,4396666667 0,000000012578315
0,4400000000 0,000000012569143
0,4403333333 0,000000012559975
0,4406666667 0,000000012550812
0,4410000000 0,000000012541653
0,4413333333 0,000000012532499
0,4416666667 0,000000012523349
0,4420000000 0,000000012514204
0,4423333333 0,000000012505064
0,4426666667 0,000000012495928
0,4430000000 0,000000012486796
0,4433333333 0,000000012477669
0,4436666667 0,000000012468546
0,4440000000 0,000000012459428
0,4443333333 0,000000012450315
0,4446666667 0,000000012441205
0,4450000000 0,000000012432101
0,4453333333 0,000000012423000
0,4456666667 0,000000012413904
0,4460000000 0,000000012404813
0,4463333333 0,000000012395725
0,4466666667 0,000000012386643
0,4470000000 0,000000012377564
0,4473333333 0,000000012368490
0,4476666667 0,000000012359420
0,4480000000 0,000000012350355
0,4483333333 0,000000012341294
0,4486666667 0,000000012332237
0,4490000000 0,000000012323185
0,4493333333 0,000000012314137
0,4496666667 0,000000012305093
0,4500000000 0,000000012296054
0,4503333333 0,000000012287018
0,4506666667 0,000000012277987
0,4510000000 0,000000012268961
0,4513333333 0,000000012259938
0,4516666667 0,000000012250920
0,4520000000 0,000000012241906
0,4523333333 0,000000012232896
0,4526666667 0,000000012223891
0,4530000000 0,000000012214889
0,4533333333 0,000000012205892
0,4536666667 0,000000012196899
0,4540000000 0,000000012187911
0,4543333333 0,000000012178926
0,4546666667 0,000000012169946
0,4550000000 0,000000012160969
0,4553333333 0,000000012151997
0,4556666667 0,000000012143029
0,4560000000 0,000000012134065
0,4563333333 0,000000012125105
0,4566666667 0,000000012116150
0,4570000000 0,000000012107198
0,4573333333 0,000000012098250
0,4576666667 0,000000012089307
0,4580000000 0,000000012080368
0,4583333333 0,000000012071432
0,4586666667 0,000000012062501
0,4590000000 0,000000012053574
0,4593333333 0,000000012044651
0,4596666667 0,000000012035731
0,4600000000 0,000000012026816
0,4603333333 0,000000012017905
0,4606666667 0,000000012008998
0,4610000000 0,000000012000095
0,4613333333 0,000000011991195
0,4616666667 0,000000011982300
0,4620000000 0,000000011973409
0,4623333333 0,000000011964522
0,4626666667 0,000000011955638
0,4630000000 0,000000011946759
0,4633333333 0,000000011937883
0,4636666667 0,000000011929012
0,4640000000 0,000000011920144
0,4643333333 0,000000011911280
0,4646666667 0,000000011902420
0,4650000000 0,000000011893564
0,4653333333 0,000000011884712
0,4656666667 0,000000011875864
0,4660000000 0,000000011867019
0,4663333333 0,000000011858179
0,4666666667 0,000000011849342
0,4670000000 0,000000011840509
0,4673333333 0,000000011831680
0,4676666667 0,000000011822855
0,4680000000 0,000000011814034
0,4683333333 0,000000011805216
0,4686666667 0,000000011796402
0,4690000000 0,000000011787592
0,4693333333 0,000000011778786
0,4696666667 0,000000011769984
0,4700000000 0,000000011761185
0,4703333333 0,000000011752390
0,4706666667 0,000000011743599
0,4710000000 0,000000011734811
0,4713333333 0,000000011726027
0,4716666667 0,000000011717247
0,4720000000 0,000000011708471
0,4723333333 0,000000011699699
0,4726666667 0,000000011690930
0,4730000000 0,000000011682164
0,4733333333 0,000000011673403
0,4736666667 0,000000011664645
0,4740000000 0,000000011655891
0,4743333333 0,000000011647140
0,4746666667 0,000000011638393
0,4750000000 0,000000011629650
0,4753333333 0,000000011620911
0,4756666667 0,000000011612175
0,4760000000 0,000000011603442
0,4763333333 0,000000011594714
0,4766666667 0,000000011585988
0,4770000000 0,000000011577267
0,4773333333 0,000000011568549
0,4776666667 0,000000011559835
0,4780000000 0,000000011551124
0,4783333333 0,000000011542417
0,4786666667 0,000000011533713
0,4790000000 0,000000011525013
0,4793333333 0,000000011516316
0,4796666667 0,000000011507623
0,4800000000 0,000000011498934
0,4803333333 0,000000011490248
0,4806666667 0,000000011481566
0,4810000000 0,000000011472887
0,4813333333 0,000000011464211
0,4816666667 0,000000011455539
0,4820000000 0,000000011446871
0,4823333333 0,000000011438206
0,4826666667 0,000000011429544
0,4830000000 0,000000011420886
0,4833333333 0,000000011412232
0,4836666667 0,000000011403581
0,4840000000 0,000000011394933
0,4843333333 0,000000011386289
0,4846666667 0,000000011377648
0,4850000000 0,000000011369011
0,4853333333 0,000000011360377
0,4856666667 0,000000011351746
0,4860000000 0,000000011343119
0,4863333333 0,000000011334495
0,4866666667 0,000000011325875
0,4870000000 0,000000011317258
0,4873333333 0,000000011308644
0,4876666667 0,000000011300034
0,4880000000 0,000000011291427
0,4883333333 0,000000011282824
0,4886666667 0,000000011274224
0,4890000000 0,000000011265627
0,4893333333 0,000000011257033
0,4896666667 0,000000011248443
0,4900000000 0,000000011239856
0,4903333333 0,000000011231273
0,4906666667 0,000000011222692
0,4910000000 0,000000011214115
0,4913333333 0,000000011205542
0,4916666667 0,000000011196971
0,4920000000 0,000000011188404
0,4923333333 0,000000011179840
0,4926666667 0,000000011171280
0,4930000000 0,000000011162723
0,4933333333 0,000000011154169
0,4936666667 0,000000011145618
0,4940000000 0,000000011137070
0,4943333333 0,000000011128526
0,4946666667 0,000000011119985
0,4950000000 0,000000011111447
0,4953333333 0,000000011102912
0,4956666667 0,000000011094381
0,4960000000 0,000000011085852
0,4963333333 0,000000011077327
0,4966666667 0,000000011068806
0,4970000000 0,000000011060287
0,4973333333 0,000000011051771
0,4976666667 0,000000011043259
0,4980000000 0,000000011034750
0,4983333333 0,000000011026244
0,4986666667 0,000000011017741
0,4990000000 0,000000011009241
0,4993333333 0,000000011000744
0,4996666667 0,000000010992251
0,5000000000 0,000000010983760
0,5003333333 0,000000010975273
0,5006666667 0,000000010966789
0,5010000000 0,000000010958308
0,5013333333 0,000000010949830
0,5016666667 0,000000010941355
0,5020000000 0,000000010932883
0,5023333333 0,000000010924415
0,5026666667 0,000000010915949
0,5030000000 0,000000010907487
0,5033333333 0,000000010899027
0,5036666667 0,000000010890571
0,5040000000 0,000000010882117
0,5043333333 0,000000010873667
0,5046666667 0,000000010865220
0,5050000000 0,000000010856775
0,5053333333 0,000000010848334
0,5056666667 0,000000010839896
0,5060000000 0,000000010831461
0,5063333333 0,000000010823028
0,5066666667 0,000000010814599
0,5070000000 0,000000010806173
0,5073333333 0,000000010797750
0,5076666667 0,000000010789329
0,5080000000 0,000000010780912
0,5083333333 0,000000010772498
0,5086666667 0,000000010764086
0,5090000000 0,000000010755678
0,5093333333 0,000000010747273
0,5096666667 0,000000010738870
0,5100000000 0,000000010730471
0,5103333333 0,000000010722074
0,5106666667 0,000000010713680
0,5110000000 0,000000010705290
0,5113333333 0,000000010696902
0,5116666667 0,000000010688517
0,5120000000 0,000000010680135
0,5123333333 0,000000010671756
0,5126666667 0,000000010663380
0,5130000000 0,000000010655006
0,5133333333 0,000000010646636
0,5136666667 0,000000010638268
0,5140000000 0,000000010629904
0,5143333333 0,000000010621542
0,5146666667 0,000000010613183
0,5150000000 0,000000010604827
0,5153333333 0,000000010596473
0,5156666667 0,000000010588123
0,5160000000 0,000000010579775
0,5163333333 0,000000010571431
0,5166666667 0,000000010563089
0,5170000000 0,000000010554750
0,5173333333 0,000000010546414
0,5176666667 0,000000010538080
0,5180000000 0,000000010529749
0,5183333333 0,000000010521422
0,5186666667 0,000000010513097
0,5190000000 0,000000010504774
0,5193333333 0,000000010496455
0,5196666667 0,000000010488138
0,5200000000 0,000000010479824
0,5203333333 0,000000010471513
0,5206666667 0,000000010463205
0,5210000000 0,000000010454899
0,5213333333 0,000000010446596
0,5216666667 0,000000010438296
0,5220000000 0,000000010429999
0,5223333333 0,000000010421704
0,5226666667 0,000000010413412
0,5230000000 0,000000010405123
0,5233333333 0,000000010396836
0,5236666667 0,000000010388553
0,5240000000 0,000000010380272
0,5243333333 0,000000010371993
0,5246666667 0,000000010363718
0,5250000000 0,000000010355445
0,5253333333 0,000000010347175
0,5256666667 0,000000010338907
0,5260000000 0,000000010330642
0,5263333333 0,000000010322380
0,5266666667 0,000000010314120
0,5270000000 0,000000010305863
0,5273333333 0,000000010297609
0,5276666667 0,000000010289358
0,5280000000 0,000000010281109
0,5283333333 0,000000010272863
0,5286666667 0,000000010264619
0,5290000000 0,000000010256378
0,5293333333 0,000000010248140
0,5296666667 0,000000010239904
0,5300000000 0,000000010231671
0,5303333333 0,000000010223440
0,5306666667 0,000000010215212
0,5310000000 0,000000010206987
0,5313333333 0,000000010198764
0,5316666667 0,000000010190544
0,5320000000 0,000000010182327
0,5323333333 0,000000010174112
0,5326666667 0,000000010165899
0,5330000000 0,000000010157690
0,5333333333 0,000000010149483
0,5336666667 0,000000010141278
0,5340000000 0,000000010133076
0,5343333333 0,000000010124876
0,5346666667 0,000000010116679
0,5350000000 0,000000010108485
0,5353333333 0,000000010100293
0,5356666667 0,000000010092104
0,5360000000 0,000000010083917
0,5363333333 0,000000010075733
0,5366666667 0,000000010067551
0,5370000000 0,000000010059372
0,5373333333 0,000000010051195
0,5376666667 0,000000010043021
0,5380000000 0,000000010034849
0,5383333333 0,000000010026680
0,5386666667 0,000000010018513
0,5390000000 0,000000010010349
0,5393333333 0,000000010002187
0,5396666667 0,000000009994028
0,5400000000 0,000000009985871
0,5403333333 0,000000009977717
0,5406666667 0,000000009969565
0,5410000000 0,000000009961415
0,5413333333 0,000000009953268
0,5416666667 0,000000009945124
0,5420000000 0,000000009936982
0,5423333333 0,000000009928842
0,5426666667 0,000000009920705
0,5430000000 0,000000009912570
0,5433333333 0,000000009904438
0,5436666667 0,000000009896308
0,5440000000 0,000000009888181
0,5443333333 0,000000009880056
0,5446666667 0,000000009871933
0,5450000000 0,000000009863813
0,5453333333 0,000000009855695
0,5456666667 0,000000009847580
0,5460000000 0,000000009839467
0,5463333333 0,000000009831356
0,5466666667 0,000000009823248
0,5470000000 0,000000009815142
0,5473333333 0,000000009807038
0,5476666667 0,000000009798937
0,5480000000 0,000000009790839
0,5483333333 0,000000009782742
0,5486666667 0,000000009774648
0,5490000000 0,000000009766557
0,5493333333 0,000000009758467
0,5496666667 0,000000009750380
0,5500000000 0,000000009742296
0,5503333333 0,000000009734213
0,5506666667 0,000000009726133
0,5510000000 0,000000009718056
0,5513333333 0,000000009709981
0,5516666667 0,000000009701908
0,5520000000 0,000000009693837
0,5523333333 0,000000009685769
0,5526666667 0,000000009677702
0,5530000000 0,000000009669639
0,5533333333 0,000000009661577
0,5536666667 0,000000009653518
0,5540000000 0,000000009645461
0,5543333333 0,000000009637407
0,5546666667 0,000000009629354
0,5550000000 0,000000009621304
0,5553333333 0,000000009613257
0,5556666667 0,000000009605211
0,5560000000 0,000000009597168
0,5563333333 0,000000009589127
0,5566666667 0,000000009581088
0,5570000000 0,000000009573052
0,5573333333 0,000000009565018
0,5576666667 0,000000009556986
0,5580000000 0,000000009548956
0,5583333333 0,000000009540929
0,5586666667 0,000000009532904
0,5590000000 0,000000009524881
0,5593333333 0,000000009516860
0,5596666667 0,000000009508841
0,5600000000 0,000000009500825
0,5603333333 0,000000009492811
0,5606666667 0,000000009484799
0,5610000000 0,000000009476789
0,5613333333 0,000000009468782
0,5616666667 0,000000009460777
0,5620000000 0,000000009452774
0,5623333333 0,000000009444773
0,5626666667 0,000000009436774
0,5630000000 0,000000009428777
0,5633333333 0,000000009420783
0,5636666667 0,000000009412791
0,5640000000 0,000000009404801
0,5643333333 0,000000009396813
0,5646666667 0,000000009388827
0,5650000000 0,000000009380844
0,5653333333 0,000000009372863
0,5656666667 0,000000009364883
0,5660000000 0,000000009356906
0,5663333333 0,000000009348931
0,5666666667 0,000000009340959
0,5670000000 0,000000009332988
0,5673333333 0,000000009325020
0,5676666667 0,000000009317053
0,5680000000 0,000000009309089
0,5683333333 0,000000009301127
0,5686666667 0,000000009293167
0,5690000000 0,000000009285209
0,5693333333 0,000000009277253
0,5696666667 0,000000009269299
0,5700000000 0,000000009261348
0,5703333333 0,000000009253398
0,5706666667 0,000000009245451
0,5710000000 0,000000009237506
0,5713333333 0,000000009229562
0,5716666667 0,000000009221621
0,5720000000 0,000000009213682
0,5723333333 0,000000009205745
0,5726666667 0,000000009197810
0,5730000000 0,000000009189878
0,5733333333 0,000000009181947
0,5736666667 0,000000009174018
0,5740000000 0,000000009166092
0,5743333333 0,000000009158167
0,5746666667 0,000000009150244
0,5750000000 0,000000009142324
0,5753333333 0,000000009134405
0,5756666667 0,000000009126489
0,5760000000 0,000000009118575
0,5763333333 0,000000009110662
0,5766666667 0,000000009102752
0,5770000000 0,000000009094844
0,5773333333 0,000000009086938
0,5776666667 0,000000009079033
0,5780000000 0,000000009071131
0,5783333333 0,000000009063231
0,5786666667 0,000000009055333
0,5790000000 0,000000009047437
0,5793333333 0,000000009039542
0,5796666667 0,000000009031650
0,5800000000 0,000000009023760
0,5803333333 0,000000009015872
0,5806666667 0,000000009007986
0,5810000000 0,000000009000101
0,5813333333 0,000000008992219
0,5816666667 0,000000008984339
0,5820000000 0,000000008976461
0,5823333333 0,000000008968584
0,5826666667 0,000000008960710
0,5830000000 0,000000008952837
0,5833333333 0,000000008944967
0,5836666667 0,000000008937099
0,5840000000 0,000000008929232
0,5843333333 0,000000008921368
0,5846666667 0,000000008913505
0,5850000000 0,000000008905644
0,5853333333 0,000000008897785
0,5856666667 0,000000008889929
0,5860000000 0,000000008882074
0,5863333333 0,000000008874221
0,5866666667 0,000000008866370
0,5870000000 0,000000008858521
0,5873333333 0,000000008850674
0,5876666667 0,000000008842828
0,5880000000 0,000000008834985
0,5883333333 0,000000008827144
0,5886666667 0,000000008819304
0,5890000000 0,000000008811467
0,5893333333 0,000000008803631
0,5896666667 0,000000008795797
0,5900000000 0,000000008787965
0,5903333333 0,000000008780135
0,5906666667 0,000000008772307
0,5910000000 0,000000008764481
0,5913333333 0,000000008756656
0,5916666667 0,000000008748834
0,5920000000 0,000000008741013
0,5923333333 0,000000008733194
0,5926666667 0,000000008725378
0,5930000000 0,000000008717563
0,5933333333 0,000000008709749
0,5936666667 0,000000008701938
0,5940000000 0,000000008694129
0,5943333333 0,000000008686321
0,5946666667 0,000000008678515
0,5950000000 0,000000008670712
0,5953333333 0,000000008662909
0,5956666667 0,000000008655109
0,5960000000 0,000000008647311
0,5963333333 0,000000008639514
0,5966666667 0,000000008631720
0,5970000000 0,000000008623927
0,5973333333 0,000000008616136
0,5976666667 0,000000008608347
0,5980000000 0,000000008600559
0,5983333333 0,000000008592774
0,5986666667 0,000000008584990
0,5990000000 0,000000008577208
0,5993333333 0,000000008569428
0,5996666667 0,000000008561649
0,6000000000 0,000000008553873
0,6003333333 0,000000008546098
0,6006666667 0,000000008538325
0,6010000000 0,000000008530554
0,6013333333 0,000000008522785
0,6016666667 0,000000008515017
0,6020000000 0,000000008507251
0,6023333333 0,000000008499487
0,6026666667 0,000000008491725
0,6030000000 0,000000008483965
0,6033333333 0,000000008476206
0,6036666667 0,000000008468449
0,6040000000 0,000000008460694
0,6043333333 0,000000008452940
0,6046666667 0,000000008445189
0,6050000000 0,000000008437439
0,6053333333 0,000000008429691
0,6056666667 0,000000008421944
0,6060000000 0,000000008414200
0,6063333333 0,000000008406457
0,6066666667 0,000000008398716
0,6070000000 0,000000008390976
0,6073333333 0,000000008383238
0,6076666667 0,000000008375503
0,6080000000 0,000000008367768
0,6083333333 0,000000008360036
0,6086666667 0,000000008352305
0,6090000000 0,000000008344576
0,6093333333 0,000000008336849
0,6096666667 0,000000008329123
0,6100000000 0,000000008321399
0,6103333333 0,000000008313677
0,6106666667 0,000000008305957
0,6110000000 0,000000008298238
0,6113333333 0,000000008290521
0,6116666667 0,000000008282805
0,6120000000 0,000000008275092
0,6123333333 0,000000008267380
0,6126666667 0,000000008259669
0,6130000000 0,000000008251961
0,6133333333 0,000000008244254
0,6136666667 0,000000008236549
0,6140000000 0,000000008228845
0,6143333333 0,000000008221143
0,6146666667 0,000000008213443
0,6150000000 0,000000008205744
0,6153333333 0,000000008198048
0,6156666667 0,000000008190352
0,6160000000 0,000000008182659
0,6163333333 0,000000008174967
0,6166666667 0,000000008167277
0,6170000000 0,000000008159588
0,6173333333 0,000000008151901
0,6176666667 0,000000008144216
0,6180000000 0,000000008136532
0,6183333333 0,000000008128851
0,6186666667 0,000000008121170
0,6190000000 0,000000008113492
0,6193333333 0,000000008105814
0,6196666667 0,000000008098139
0,6200000000 0,000000008090465
0,6203333333 0,000000008082793
0,6206666667 0,000000008075123
0,6210000000 0,000000008067454
0,6213333333 0,000000008059786
0,6216666667 0,000000008052121
0,6220000000 0,000000008044457
0,6223333333 0,000000008036794
0,6226666667 0,000000008029133
0,6230000000 0,000000008021474
0,6233333333 0,000000008013817
0,6236666667 0,000000008006161
0,6240000000 0,000000007998506
0,6243333333 0,000000007990853
0,6246666667 0,000000007983202
0,6250000000 0,000000007975553
0,6253333333 0,000000007967905
0,6256666667 0,000000007960258
0,6260000000 0,000000007952613
0,6263333333 0,000000007944970
0,6266666667 0,000000007937328
0,6270000000 0,000000007929688
0,6273333333 0,000000007922050
0,6276666667 0,000000007914413
0,6280000000 0,000000007906777
0,6283333333 0,000000007899143
0,6286666667 0,000000007891511
0,6290000000 0,000000007883880
0,6293333333 0,000000007876251
0,6296666667 0,000000007868624
0,6300000000 0,000000007860998
0,6303333333 0,000000007853373
0,6306666667 0,000000007845750
0,6310000000 0,000000007838129
0,6313333333 0,000000007830509
0,6316666667 0,000000007822891
0,6320000000 0,000000007815274
0,6323333333 0,000000007807659
0,6326666667 0,000000007800045
0,6330000000 0,000000007792433
0,6333333333 0,000000007784822
0,6336666667 0,000000007777213
0,6340000000 0,000000007769605
0,6343333333 0,000000007761999
0,6346666667 0,000000007754395
0,6350000000 0,000000007746792
0,6353333333 0,000000007739190
0,6356666667 0,000000007731590
0,6360000000 0,000000007723992
0,6363333333 0,000000007716395
0,6366666667 0,000000007708799
0,6370000000 0,000000007701205
0,6373333333 0,000000007693613
0,6376666667 0,000000007686022
0,6380000000 0,000000007678432
0,6383333333 0,000000007670844
0,6386666667 0,000000007663258
0,6390000000 0,000000007655673
0,6393333333 0,000000007648089
0,6396666667 0,000000007640507
0,6400000000 0,000000007632927
0,6403333333 0,000000007625348
0,6406666667 0,000000007617770
0,6410000000 0,000000007610194
0,6413333333 0,000000007602619
0,6416666667 0,000000007595046
0,6420000000 0,000000007587475
0,6423333333 0,000000007579904
0,6426666667 0,000000007572336
0,6430000000 0,000000007564768
0,6433333333 0,000000007557203
0,6436666667 0,000000007549638
0,6440000000 0,000000007542075
0,6443333333 0,000000007534514
0,6446666667 0,000000007526954
0,6450000000 0,000000007519395
0,6453333333 0,000000007511838
0,6456666667 0,000000007504282
0,6460000000 0,000000007496728
0,6463333333 0,000000007489175
0,6466666667 0,000000007481624
0,6470000000 0,000000007474074
0,6473333333 0,000000007466525
0,6476666667 0,000000007458978
0,6480000000 0,000000007451433
0,6483333333 0,000000007443888
0,6486666667 0,000000007436346
0,6490000000 0,000000007428804
0,6493333333 0,000000007421264
0,6496666667 0,000000007413726
0,6500000000 0,000000007406189
0,6503333333 0,000000007398653
0,6506666667 0,000000007391119
0,6510000000 0,000000007383586
0,6513333333 0,000000007376054
0,6516666667 0,000000007368524
0,6520000000 0,000000007360995
0,6523333333 0,000000007353468
0,6526666667 0,000000007345942
0,6530000000 0,000000007338418
0,6533333333 0,000000007330895
0,6536666667 0,000000007323373
0,6540000000 0,000000007315853
0,6543333333 0,000000007308334
0,6546666667 0,000000007300816
0,6550000000 0,000000007293300
0,6553333333 0,000000007285785
0,6556666667 0,000000007278272
0,6560000000 0,000000007270760
0,6563333333 0,000000007263249
0,6566666667 0,000000007255740
0,6570000000 0,000000007248232
0,6573333333 0,000000007240725
0,6576666667 0,000000007233220
0,6580000000 0,000000007225716
0,6583333333 0,000000007218214
0,6586666667 0,000000007210713
0,6590000000 0,000000007203213
0,6593333333 0,000000007195715
0,6596666667 0,000000007188218
0,6600000000 0,000000007180722
0,6603333333 0,000000007173228
0,6606666667 0,000000007165735
0,6610000000 0,000000007158243
0,6613333333 0,000000007150753
0,6616666667 0,000000007143264
0,6620000000 0,000000007135776
0,6623333333 0,000000007128290
0,6626666667 0,000000007120805
0,6630000000 0,000000007113321
0,6633333333 0,000000007105839
0,6636666667 0,000000007098358
0,6640000000 0,000000007090879
0,6643333333 0,000000007083400
0,6646666667 0,000000007075923
0,6650000000 0,000000007068448
0,6653333333 0,000000007060973
0,6656666667 0,000000007053500
0,6660000000 0,000000007046029
0,6663333333 0,000000007038558
0,6666666667 0,000000007031089
0,6670000000 0,000000007023621
0,6673333333 0,000000007016155
0,6676666667 0,000000007008690
0,6680000000 0,000000007001226
0,6683333333 0,000000006993763
0,6686666667 0,000000006986302
0,6690000000 0,000000006978842
0,6693333333 0,000000006971383
0,6696666667 0,000000006963926
0,6700000000 0,000000006956470
0,6703333333 0,000000006949015
0,6706666667 0,000000006941562
0,6710000000 0,000000006934110
0,6713333333 0,000000006926659
0,6716666667 0,000000006919209
0,6720000000 0,000000006911761
0,6723333333 0,000000006904314
0,6726666667 0,000000006896868
0,6730000000 0,000000006889423
0,6733333333 0,000000006881980
0,6736666667 0,000000006874538
0,6740000000 0,000000006867097
0,6743333333 0,000000006859658
0,6746666667 0,000000006852220
0,6750000000 0,000000006844783
0,6753333333 0,000000006837347
0,6756666667 0,000000006829913
0,6760000000 0,000000006822479
0,6763333333 0,000000006815047
0,6766666667 0,000000006807617
0,6770000000 0,000000006800187
0,6773333333 0,000000006792759
0,6776666667 0,000000006785332
0,6780000000 0,000000006777907
0,6783333333 0,000000006770482
0,6786666667 0,000000006763059
0,6790000000 0,000000006755637
0,6793333333 0,000000006748217
0,6796666667 0,000000006740797
0,6800000000 0,000000006733379
0,6803333333 0,000000006725962
0,6806666667 0,000000006718546
0,6810000000 0,000000006711132
0,6813333333 0,000000006703718
0,6816666667 0,000000006696306
0,6820000000 0,000000006688896
0,6823333333 0,000000006681486
0,6826666667 0,000000006674078
0,6830000000 0,000000006666670
0,6833333333 0,000000006659264
0,6836666667 0,000000006651860
0,6840000000 0,000000006644456
0,6843333333 0,000000006637054
0,6846666667 0,000000006629653
0,6850000000 0,000000006622253
0,6853333333 0,000000006614854
0,6856666667 0,000000006607457
0,6860000000 0,000000006600060
0,6863333333 0,000000006592665
0,6866666667 0,000000006585271
0,6870000000 0,000000006577879
0,6873333333 0,000000006570487
0,6876666667 0,000000006563097
0,6880000000 0,000000006555708
0,6883333333 0,000000006548320
0,6886666667 0,000000006540933
0,6890000000 0,000000006533548
0,6893333333 0,000000006526163
0,6896666667 0,000000006518780
0,6900000000 0,000000006511398
0,6903333333 0,000000006504017
0,6906666667 0,000000006496638
0,6910000000 0,000000006489259
0,6913333333 0,000000006481882
0,6916666667 0,000000006474506
0,6920000000 0,000000006467131
0,6923333333 0,000000006459757
0,6926666667 0,000000006452385
0,6930000000 0,000000006445013
0,6933333333 0,000000006437643
0,6936666667 0,000000006430274
0,6940000000 0,000000006422906
0,6943333333 0,000000006415539
0,6946666667 0,000000006408174
0,6950000000 0,000000006400809
0,6953333333 0,000000006393446
0,6956666667 0,000000006386084
0,6960000000 0,000000006378723
0,6963333333 0,000000006371363
0,6966666667 0,000000006364004
0,6970000000 0,000000006356647
0,6973333333 0,000000006349290
0,6976666667 0,000000006341935
0,6980000000 0,000000006334581
0,6983333333 0,000000006327228
0,6986666667 0,000000006319876
0,6990000000 0,000000006312526
0,6993333333 0,000000006305176
0,6996666667 0,000000006297828
0,7000000000 0,000000006290480
0,7003333333 0,000000006283134
0,7006666667 0,000000006275789
0,7010000000 0,000000006268445
0,7013333333 0,000000006261102
0,7016666667 0,000000006253761
0,7020000000 0,000000006246420
0,7023333333 0,000000006239081
0,7026666667 0,000000006231743
0,7030000000 0,000000006224405
0,7033333333 0,000000006217069
0,7036666667 0,000000006209734
0,7040000000 0,000000006202401
0,7043333333 0,000000006195068
0,7046666667 0,000000006187736
0,7050000000 0,000000006180406
0,7053333333 0,000000006173076
0,7056666667 0,000000006165748
0,7060000000 0,000000006158421
0,7063333333 0,000000006151095
0,7066666667 0,000000006143770
0,7070000000 0,000000006136446
0,7073333333 0,000000006129123
0,7076666667 0,000000006121802
0,7080000000 0,000000006114481
0,7083333333 0,000000006107161
0,7086666667 0,000000006099843
0,7090000000 0,000000006092526
0,7093333333 0,000000006085210
0,7096666667 0,000000006077894
0,7100000000 0,000000006070580
0,7103333333 0,000000006063267
0,7106666667 0,000000006055955
0,7110000000 0,000000006048645
0,7113333333 0,000000006041335
0,7116666667 0,000000006034026
0,7120000000 0,000000006026719
0,7123333333 0,000000006019412
0,7126666667 0,000000006012107
0,7130000000 0,000000006004802
0,7133333333 0,000000005997499
0,7136666667 0,000000005990197
0,7140000000 0,000000005982896
0,7143333333 0,000000005975596
0,7146666667 0,000000005968297
0,7150000000 0,000000005960999
0,7153333333 0,000000005953702
0,7156666667 0,000000005946406
0,7160000000 0,000000005939111
0,7163333333 0,000000005931818
0,7166666667 0,000000005924525
0,7170000000 0,000000005917233
0,7173333333 0,000000005909943
0,7176666667 0,000000005902653
0,7180000000 0,000000005895365
0,7183333333 0,000000005888077
0,7186666667 0,000000005880791
0,7190000000 0,000000005873506
0,7193333333 0,000000005866221
0,7196666667 0,000000005858938
0,7200000000 0,000000005851656
0,7203333333 0,000000005844375
0,7206666667 0,000000005837095
0,7210000000 0,000000005829816
0,7213333333 0,000000005822538
0,7216666667 0,000000005815261
0,7220000000 0,000000005807985
0,7223333333 0,000000005800710
0,7226666667 0,000000005793436
0,7230000000 0,000000005786163
0,7233333333 0,000000005778891
0,7236666667 0,000000005771620
0,7240000000 0,000000005764350
0,7243333333 0,000000005757082
0,7246666667 0,000000005749814
0,7250000000 0,000000005742547
0,7253333333 0,000000005735281
0,7256666667 0,000000005728017
0,7260000000 0,000000005720753
0,7263333333 0,000000005713490
0,7266666667 0,000000005706229
0,7270000000 0,000000005698968
0,7273333333 0,000000005691708
0,7276666667 0,000000005684450
0,7280000000 0,000000005677192
0,7283333333 0,000000005669935
0,7286666667 0,000000005662680
0,7290000000 0,000000005655425
0,7293333333 0,000000005648171
0,7296666667 0,000000005640919
0,7300000000 0,000000005633667
0,7303333333 0,000000005626417
0,7306666667 0,000000005619167
0,7310000000 0,000000005611918
0,7313333333 0,000000005604671
0,7316666667 0,000000005597424
0,7320000000 0,000000005590178
0,7323333333 0,000000005582934
0,7326666667 0,000000005575690
0,7330000000 0,000000005568447
0,7333333333 0,000000005561206
0,7336666667 0,000000005553965
0,7340000000 0,000000005546725
0,7343333333 0,000000005539486
0,7346666667 0,000000005532249
0,7350000000 0,000000005525012
0,7353333333 0,000000005517776
0,7356666667 0,000000005510541
0,7360000000 0,000000005503307
0,7363333333 0,000000005496074
0,7366666667 0,000000005488842
0,7370000000 0,000000005481612
0,7373333333 0,000000005474382
0,7376666667 0,000000005467153
0,7380000000 0,000000005459924
0,7383333333 0,000000005452697
0,7386666667 0,000000005445471
0,7390000000 0,000000005438246
0,7393333333 0,000000005431022
0,7396666667 0,000000005423799
0,7400000000 0,000000005416576
0,7403333333 0,000000005409355
0,7406666667 0,000000005402135
0,7410000000 0,000000005394915
0,7413333333 0,000000005387697
0,7416666667 0,000000005380479
0,7420000000 0,000000005373263
0,7423333333 0,000000005366047
0,7426666667 0,000000005358833
0,7430000000 0,000000005351619
0,7433333333 0,000000005344406
0,7436666667 0,000000005337194
0,7440000000 0,000000005329983
0,7443333333 0,000000005322773
0,7446666667 0,000000005315564
0,7450000000 0,000000005308356
0,7453333333 0,000000005301149
0,7456666667 0,000000005293943
0,7460000000 0,000000005286738
0,7463333333 0,000000005279534
0,7466666667 0,000000005272330
0,7470000000 0,000000005265128
0,7473333333 0,000000005257926
0,7476666667 0,000000005250726
0,7480000000 0,000000005243526
0,7483333333 0,000000005236327
0,7486666667 0,000000005229130
0,7490000000 0,000000005221933
0,7493333333 0,000000005214737
0,7496666667 0,000000005207542
0,7500000000 0,000000005200348
0,7503333333 0,000000005193154
0,7506666667 0,000000005185962
0,7510000000 0,000000005178771
0,7513333333 0,000000005171580
0,7516666667 0,000000005164391
0,7520000000 0,000000005157202
0,7523333333 0,000000005150015
0,7526666667 0,000000005142828
0,7530000000 0,000000005135642
0,7533333333 0,000000005128457
0,7536666667 0,000000005121273
0,7540000000 0,000000005114090
0,7543333333 0,000000005106908
0,7546666667 0,000000005099726
0,7550000000 0,000000005092546
0,7553333333 0,000000005085366
0,7556666667 0,000000005078188
0,7560000000 0,000000005071010
0,7563333333 0,000000005063833
0,7566666667 0,000000005056657
0,7570000000 0,000000005049482
0,7573333333 0,000000005042308
0,7576666667 0,000000005035135
0,7580000000 0,000000005027963
0,7583333333 0,000000005020791
0,7586666667 0,000000005013621
0,7590000000 0,000000005006451
0,7593333333 0,000000004999282
0,7596666667 0,000000004992114
0,7600000000 0,000000004984947
0,7603333333 0,000000004977781
0,7606666667 0,000000004970616
0,7610000000 0,000000004963451
0,7613333333 0,000000004956288
0,7616666667 0,000000004949125
0,7620000000 0,000000004941964
0,7623333333 0,000000004934803
0,7626666667 0,000000004927643
0,7630000000 0,000000004920484
0,7633333333 0,000000004913326
0,7636666667 0,000000004906168
0,7640000000 0,000000004899012
0,7643333333 0,000000004891856
0,7646666667 0,000000004884701
0,7650000000 0,000000004877548
0,7653333333 0,000000004870395
0,7656666667 0,000000004863242
0,7660000000 0,000000004856091
0,7663333333 0,000000004848941
0,7666666667 0,000000004841791
0,7670000000 0,000000004834643
0,7673333333 0,000000004827495
0,7676666667 0,000000004820348
0,7680000000 0,000000004813202
0,7683333333 0,000000004806056
0,7686666667 0,000000004798912
0,7690000000 0,000000004791769
0,7693333333 0,000000004784626
0,7696666667 0,000000004777484
0,7700000000 0,000000004770343
0,7703333333 0,000000004763203
0,7706666667 0,000000004756064
0,7710000000 0,000000004748925
0,7713333333 0,000000004741788
0,7716666667 0,000000004734651
0,7720000000 0,000000004727515
0,7723333333 0,000000004720380
0,7726666667 0,000000004713246
0,7730000000 0,000000004706112
0,7733333333 0,000000004698980
0,7736666667 0,000000004691848
0,7740000000 0,000000004684717
0,7743333333 0,000000004677587
0,7746666667 0,000000004670458
0,7750000000 0,000000004663330
0,7753333333 0,000000004656203
0,7756666667 0,000000004649076
0,7760000000 0,000000004641950
0,7763333333 0,000000004634825
0,7766666667 0,000000004627701
0,7770000000 0,000000004620578
0,7773333333 0,000000004613455
0,7776666667 0,000000004606333
0,7780000000 0,000000004599213
0,7783333333 0,000000004592093
0,7786666667 0,000000004584973
0,7790000000 0,000000004577855
0,7793333333 0,000000004570737
0,7796666667 0,000000004563621
0,7800000000 0,000000004556505
0,7803333333 0,000000004549390
0,7806666667 0,000000004542275
0,7810000000 0,000000004535162
0,7813333333 0,000000004528049
0,7816666667 0,000000004520938
0,7820000000 0,000000004513827
0,7823333333 0,000000004506716
0,7826666667 0,000000004499607
0,7830000000 0,000000004492498
0,7833333333 0,000000004485391
0,7836666667 0,000000004478284
0,7840000000 0,000000004471177
0,7843333333 0,000000004464072
0,7846666667 0,000000004456968
0,7850000000 0,000000004449864
0,7853333333 0,000000004442761
0,7856666667 0,000000004435659
0,7860000000 0,000000004428557
0,7863333333 0,000000004421457
0,7866666667 0,000000004414357
0,7870000000 0,000000004407258
0,7873333333 0,000000004400160
0,7876666667 0,000000004393063
0,7880000000 0,000000004385966
0,7883333333 0,000000004378871
0,7886666667 0,000000004371776
0,7890000000 0,000000004364681
0,7893333333 0,000000004357588
0,7896666667 0,000000004350496
0,7900000000 0,000000004343404
0,7903333333 0,000000004336313
0,7906666667 0,000000004329223
0,7910000000 0,000000004322133
0,7913333333 0,000000004315044
0,7916666667 0,000000004307957
0,7920000000 0,000000004300870
0,7923333333 0,000000004293783
0,7926666667 0,000000004286698
0,7930000000 0,000000004279613
0,7933333333 0,000000004272529
0,7936666667 0,000000004265446
0,7940000000 0,000000004258364
0,7943333333 0,000000004251282
0,7946666667 0,000000004244201
0,7950000000 0,000000004237121
0,7953333333 0,000000004230042
0,7956666667 0,000000004222963
0,7960000000 0,000000004215885
0,7963333333 0,000000004208808
0,7966666667 0,000000004201732
0,7970000000 0,000000004194657
0,7973333333 0,000000004187582
0,7976666667 0,000000004180508
0,7980000000 0,000000004173435
0,7983333333 0,000000004166363
0,7986666667 0,000000004159291
0,7990000000 0,000000004152220
0,7993333333 0,000000004145150
0,7996666667 0,000000004138081
0,8000000000 0,000000004131012
0,8003333333 0,000000004123945
0,8006666667 0,000000004116878
0,8010000000 0,000000004109811
0,8013333333 0,000000004102746
0,8016666667 0,000000004095681
0,8020000000 0,000000004088617
0,8023333333 0,000000004081554
0,8026666667 0,000000004074491
0,8030000000 0,000000004067430
0,8033333333 0,000000004060369
0,8036666667 0,000000004053308
0,8040000000 0,000000004046249
0,8043333333 0,000000004039190
0,8046666667 0,000000004032132
0,8050000000 0,000000004025075
0,8053333333 0,000000004018018
0,8056666667 0,000000004010963
0,8060000000 0,000000004003908
0,8063333333 0,000000003996853
0,8066666667 0,000000003989800
0,8070000000 0,000000003982747
0,8073333333 0,000000003975695
0,8076666667 0,000000003968644
0,8080000000 0,000000003961593
0,8083333333 0,000000003954543
0,8086666667 0,000000003947494
0,8090000000 0,000000003940446
0,8093333333 0,000000003933398
0,8096666667 0,000000003926351
0,8100000000 0,000000003919305
0,8103333333 0,000000003912260
0,8106666667 0,000000003905215
0,8110000000 0,000000003898171
0,8113333333 0,000000003891128
0,8116666667 0,000000003884085
0,8120000000 0,000000003877043
0,8123333333 0,000000003870002
0,8126666667 0,000000003862962
0,8130000000 0,000000003855922
0,8133333333 0,000000003848884
0,8136666667 0,000000003841845
0,8140000000 0,000000003834808
0,8143333333 0,000000003827771
0,8146666667 0,000000003820735
0,8150000000 0,000000003813700
0,8153333333 0,000000003806665
0,8156666667 0,000000003799632
0,8160000000 0,000000003792598
0,8163333333 0,000000003785566
0,8166666667 0,000000003778534
0,8170000000 0,000000003771503
0,8173333333 0,000000003764473
0,8176666667 0,000000003757444
0,8180000000 0,000000003750415
0,8183333333 0,000000003743387
0,8186666667 0,000000003736359
0,8190000000 0,000000003729333
0,8193333333 0,000000003722307
0,8196666667 0,000000003715281
0,8200000000 0,000000003708257
0,8203333333 0,000000003701233
0,8206666667 0,000000003694210
0,8210000000 0,000000003687187
0,8213333333 0,000000003680166
0,8216666667 0,000000003673144
0,8220000000 0,000000003666124
0,8223333333 0,000000003659105
0,8226666667 0,000000003652086
0,8230000000 0,000000003645067
0,8233333333 0,000000003638050
0,8236666667 0,000000003631033
0,8240000000 0,000000003624017
0,8243333333 0,000000003617001
0,8246666667 0,000000003609987
0,8250000000 0,000000003602972
0,8253333333 0,000000003595959
0,8256666667 0,000000003588946
0,8260000000 0,000000003581934
0,8263333333 0,000000003574923
0,8266666667 0,000000003567913
0,8270000000 0,000000003560903
0,8273333333 0,000000003553893
0,8276666667 0,000000003546885
0,8280000000 0,000000003539877
0,8283333333 0,000000003532870
0,8286666667 0,000000003525863
0,8290000000 0,000000003518858
0,8293333333 0,000000003511852
0,8296666667 0,000000003504848
0,8300000000 0,000000003497844
0,8303333333 0,000000003490841
0,8306666667 0,000000003483839
0,8310000000 0,000000003476837
0,8313333333 0,000000003469836
0,8316666667 0,000000003462836
0,8320000000 0,000000003455836
0,8323333333 0,000000003448837
0,8326666667 0,000000003441839
0,8330000000 0,000000003434841
0,8333333333 0,000000003427844
0,8336666667 0,000000003420848
0,8340000000 0,000000003413852
0,8343333333 0,000000003406857
0,8346666667 0,000000003399863
0,8350000000 0,000000003392869
0,8353333333 0,000000003385876
0,8356666667 0,000000003378884
0,8360000000 0,000000003371893
0,8363333333 0,000000003364902
0,8366666667 0,000000003357911
0,8370000000 0,000000003350922
0,8373333333 0,000000003343933
0,8376666667 0,000000003336945
0,8380000000 0,000000003329957
0,8383333333 0,000000003322970
0,8386666667 0,000000003315984
0,8390000000 0,000000003308998
0,8393333333 0,000000003302013
0,8396666667 0,000000003295029
0,8400000000 0,000000003288045
0,8403333333 0,000000003281062
0,8406666667 0,000000003274080
0,8410000000 0,000000003267098
0,8413333333 0,000000003260117
0,8416666667 0,000000003253137
0,8420000000 0,000000003246157
0,8423333333 0,000000003239178
0,8426666667 0,000000003232200
0,8430000000 0,000000003225222
0,8433333333 0,000000003218245
0,8436666667 0,000000003211268
0,8440000000 0,000000003204293
0,8443333333 0,000000003197317
0,8446666667 0,000000003190343
0,8450000000 0,000000003183369
0,8453333333 0,000000003176396
0,8456666667 0,000000003169423
0,8460000000 0,000000003162451
0,8463333333 0,000000003155480
0,8466666667 0,000000003148509
0,8470000000 0,000000003141539
0,8473333333 0,000000003134570
0,8476666667 0,000000003127601
0,8480000000 0,000000003120633
0,8483333333 0,000000003113666
0,8486666667 0,000000003106699
0,8490000000 0,000000003099733
0,8493333333 0,000000003092767
0,8496666667 0,000000003085803
0,8500000000 0,000000003078838
0,8503333333 0,000000003071875
0,8506666667 0,000000003064912
0,8510000000 0,000000003057949
0,8513333333 0,000000003050988
0,8516666667 0,000000003044027
0,8520000000 0,000000003037066
0,8523333333 0,000000003030106
0,8526666667 0,000000003023147
0,8530000000 0,000000003016189
0,8533333333 0,000000003009231
0,8536666667 0,000000003002274
0,8540000000 0,000000002995317
0,8543333333 0,000000002988361
0,8546666667 0,000000002981405
0,8550000000 0,000000002974451
0,8553333333 0,000000002967496
0,8556666667 0,000000002960543
0,8560000000 0,000000002953590
0,8563333333 0,000000002946638
0,8566666667 0,000000002939686
0,8570000000 0,000000002932735
0,8573333333 0,000000002925785
0,8576666667 0,000000002918835
0,8580000000 0,000000002911886
0,8583333333 0,000000002904937
0,8586666667 0,000000002897989
0,8590000000 0,000000002891042
0,8593333333 0,000000002884095
0,8596666667 0,000000002877149
0,8600000000 0,000000002870203
0,8603333333 0,000000002863259
0,8606666667 0,000000002856314
0,8610000000 0,000000002849371
0,8613333333 0,000000002842428
0,8616666667 0,000000002835485
0,8620000000 0,000000002828543
0,8623333333 0,000000002821602
0,8626666667 0,000000002814662
0,8630000000 0,000000002807722
0,8633333333 0,000000002800782
0,8636666667 0,000000002793843
0,8640000000 0,000000002786905
0,8643333333 0,000000002779968
0,8646666667 0,000000002773031
0,8650000000 0,000000002766094
0,8653333333 0,000000002759159
0,8656666667 0,000000002752224
0,8660000000 0,000000002745289
0,8663333333 0,000000002738355
0,8666666667 0,000000002731422
0,8670000000 0,000000002724489
0,8673333333 0,000000002717557
0,8676666667 0,000000002710625
0,8680000000 0,000000002703694
0,8683333333 0,000000002696764
0,8686666667 0,000000002689834
0,8690000000 0,000000002682905
0,8693333333 0,000000002675977
0,8696666667 0,000000002669049
0,8700000000 0,000000002662121
0,8703333333 0,000000002655194
0,8706666667 0,000000002648268
0,8710000000 0,000000002641343
0,8713333333 0,000000002634418
0,8716666667 0,000000002627493
0,8720000000 0,000000002620569
0,8723333333 0,000000002613646
0,8726666667 0,000000002606724
0,8730000000 0,000000002599802
0,8733333333 0,000000002592880
0,8736666667 0,000000002585959
0,8740000000 0,000000002579039
0,8743333333 0,000000002572119
0,8746666667 0,000000002565200
0,8750000000 0,000000002558282
0,8753333333 0,000000002551364
0,8756666667 0,000000002544446
0,8760000000 0,000000002537529
0,8763333333 0,000000002530613
0,8766666667 0,000000002523698
0,8770000000 0,000000002516783
0,8773333333 0,000000002509868
0,8776666667 0,000000002502954
0,8780000000 0,000000002496041
0,8783333333 0,000000002489128
0,8786666667 0,000000002482216
0,8790000000 0,000000002475305
0,8793333333 0,000000002468394
0,8796666667 0,000000002461483
0,8800000000 0,000000002454573
0,8803333333 0,000000002447664
0,8806666667 0,000000002440755
0,8810000000 0,000000002433847
0,8813333333 0,000000002426940
0,8816666667 0,000000002420033
0,8820000000 0,000000002413126
0,8823333333 0,000000002406220
0,8826666667 0,000000002399315
0,8830000000 0,000000002392410
0,8833333333 0,000000002385506
0,8836666667 0,000000002378603
0,8840000000 0,000000002371700
0,8843333333 0,000000002364797
0,8846666667 0,000000002357895
0,8850000000 0,000000002350994
0,8853333333 0,000000002344093
0,8856666667 0,000000002337193
0,8860000000 0,000000002330294
0,8863333333 0,000000002323395
0,8866666667 0,000000002316496
0,8870000000 0,000000002309598
0,8873333333 0,000000002302701
0,8876666667 0,000000002295804
0,8880000000 0,000000002288908
0,8883333333 0,000000002282012
0,8886666667 0,000000002275117
0,8890000000 0,000000002268222
0,8893333333 0,000000002261328
0,8896666667 0,000000002254435
0,8900000000 0,000000002247542
0,8903333333 0,000000002240650
0,8906666667 0,000000002233758
0,8910000000 0,000000002226867
0,8913333333 0,000000002219976
0,8916666667 0,000000002213086
0,8920000000 0,000000002206196
0,8923333333 0,000000002199307
0,8926666667 0,000000002192419
0,8930000000 0,000000002185531
0,8933333333 0,000000002178644
0,8936666667 0,000000002171757
0,8940000000 0,000000002164870
0,8943333333 0,000000002157985
0,8946666667 0,000000002151100
0,8950000000 0,000000002144215
0,8953333333 0,000000002137331
0,8956666667 0,000000002130447
0,8960000000 0,000000002123564
0,8963333333 0,000000002116682
0,8966666667 0,000000002109800
0,8970000000 0,000000002102919
0,8973333333 0,000000002096038
0,8976666667 0,000000002089158
0,8980000000 0,000000002082278
0,8983333333 0,000000002075399
0,8986666667 0,000000002068520
0,8990000000 0,000000002061642
0,8993333333 0,000000002054764
0,8996666667 0,000000002047887
0,9000000000 0,000000002041011
0,9003333333 0,000000002034135
0,9006666667 0,000000002027259
0,9010000000 0,000000002020385
0,9013333333 0,000000002013510
0,9016666667 0,000000002006636
0,9020000000 0,000000001999763
0,9023333333 0,000000001992890
0,9026666667 0,000000001986018
0,9030000000 0,000000001979147
0,9033333333 0,000000001972275
0,9036666667 0,000000001965405
0,9040000000 0,000000001958535
0,9043333333 0,000000001951665
0,9046666667 0,000000001944796
0,9050000000 0,000000001937928
0,9053333333 0,000000001931060
0,9056666667 0,000000001924192
0,9060000000 0,000000001917325
0,9063333333 0,000000001910459
0,9066666667 0,000000001903593
0,9070000000 0,000000001896728
0,9073333333 0,000000001889863
0,9076666667 0,000000001882999
0,9080000000 0,000000001876135
0,9083333333 0,000000001869272
0,9086666667 0,000000001862409
0,9090000000 0,000000001855547
0,9093333333 0,000000001848685
0,9096666667 0,000000001841824
0,9100000000 0,000000001834964
0,9103333333 0,000000001828104
0,9106666667 0,000000001821244
0,9110000000 0,000000001814385
0,9113333333 0,000000001807526
0,9116666667 0,000000001800668
0,9120000000 0,000000001793811
0,9123333333 0,000000001786954
0,9126666667 0,000000001780097
0,9130000000 0,000000001773241
0,9133333333 0,000000001766386
0,9136666667 0,000000001759531
0,9140000000 0,000000001752677
0,9143333333 0,000000001745823
0,9146666667 0,000000001738970
0,9150000000 0,000000001732117
0,9153333333 0,000000001725264
0,9156666667 0,000000001718412
0,9160000000 0,000000001711561
0,9163333333 0,000000001704710
0,9166666667 0,000000001697860
0,9170000000 0,000000001691010
0,9173333333 0,000000001684161
0,9176666667 0,000000001677312
0,9180000000 0,000000001670464
0,9183333333 0,000000001663616
0,9186666667 0,000000001656769
0,9190000000 0,000000001649922
0,9193333333 0,000000001643076
0,9196666667 0,000000001636230
0,9200000000 0,000000001629385
0,9203333333 0,000000001622540
0,9206666667 0,000000001615696
0,9210000000 0,000000001608852
0,9213333333 0,000000001602009
0,9216666667 0,000000001595166
0,9220000000 0,000000001588324
0,9223333333 0,000000001581483
0,9226666667 0,000000001574641
0,9230000000 0,000000001567801
0,9233333333 0,000000001560960
0,9236666667 0,000000001554121
0,9240000000 0,000000001547282
0,9243333333 0,000000001540443
0,9246666667 0,000000001533605
0,9250000000 0,000000001526767
0,9253333333 0,000000001519930
0,9256666667 0,000000001513093
0,9260000000 0,000000001506257
0,9263333333 0,000000001499421
0,9266666667 0,000000001492586
0,9270000000 0,000000001485751
0,9273333333 0,000000001478917
0,9276666667 0,000000001472083
0,9280000000 0,000000001465250
0,9283333333 0,000000001458417
0,9286666667 0,000000001451585
0,9290000000 0,000000001444753
0,9293333333 0,000000001437922
0,9296666667 0,000000001431091
0,9300000000 0,000000001424261
0,9303333333 0,000000001417431
0,9306666667 0,000000001410601
0,9310000000 0,000000001403773
0,9313333333 0,000000001396944
0,9316666667 0,000000001390116
0,9320000000 0,000000001383289
0,9323333333 0,000000001376462
0,9326666667 0,000000001369636
0,9330000000 0,000000001362810
0,9333333333 0,000000001355984
0,9336666667 0,000000001349159
0,9340000000 0,000000001342335
0,9343333333 0,000000001335511
0,9346666667 0,000000001328687
0,9350000000 0,000000001321864
0,9353333333 0,000000001315042
0,9356666667 0,000000001308220
0,9360000000 0,000000001301398
0,9363333333 0,000000001294577
0,9366666667 0,000000001287756
0,9370000000 0,000000001280936
0,9373333333 0,000000001274116
0,9376666667 0,000000001267297
0,9380000000 0,000000001260478
0,9383333333 0,000000001253660
0,9386666667 0,000000001246842
0,9390000000 0,000000001240025
0,9393333333 0,000000001233208
0,9396666667 0,000000001226392
0,9400000000 0,000000001219576
0,9403333333 0,000000001212761
0,9406666667 0,000000001205946
0,9410000000 0,000000001199131
0,9413333333 0,000000001192317
0,9416666667 0,000000001185504
0,9420000000 0,000000001178691
0,9423333333 0,000000001171878
0,9426666667 0,000000001165066
0,9430000000 0,000000001158255
0,9433333333 0,000000001151443
0,9436666667 0,000000001144633
0,9440000000 0,000000001137823
0,9443333333 0,000000001131013
0,9446666667 0,000000001124204
0,9450000000 0,000000001117395
0,9453333333 0,000000001110586
0,9456666667 0,000000001103779
0,9460000000 0,000000001096971
0,9463333333 0,000000001090164
0,9466666667 0,000000001083358
0,9470000000 0,000000001076552
0,9473333333 0,000000001069746
0,9476666667 0,000000001062941
0,9480000000 0,000000001056136
0,9483333333 0,000000001049332
0,9486666667 0,000000001042529
0,9490000000 0,000000001035725
0,9493333333 0,000000001028923
0,9496666667 0,000000001022120
0,9500000000 0,000000001015318
0,9503333333 0,000000001008517
0,9506666667 0,000000001001716
0,9510000000 0,000000000994916
0,9513333333 0,000000000988116
0,9516666667 0,000000000981316
0,9520000000 0,000000000974517
0,9523333333 0,000000000967718
0,9526666667 0,000000000960920
0,9530000000 0,000000000954122
0,9533333333 0,000000000947325
0,9536666667 0,000000000940528
0,9540000000 0,000000000933732
0,9543333333 0,000000000926936
0,9546666667 0,000000000920141
0,9550000000 0,000000000913346
0,9553333333 0,000000000906551
0,9556666667 0,000000000899757
0,9560000000 0,000000000892963
0,9563333333 0,000000000886170
0,9566666667 0,000000000879377
0,9570000000 0,000000000872585
0,9573333333 0,000000000865793
0,9576666667 0,000000000859002
0,9580000000 0,000000000852211
0,9583333333 0,000000000845420
0,9586666667 0,000000000838630
0,9590000000 0,000000000831841
0,9593333333 0,000000000825052
0,9596666667 0,000000000818263
0,9600000000 0,000000000811475
0,9603333333 0,000000000804687
0,9606666667 0,000000000797899
0,9610000000 0,000000000791113
0,9613333333 0,000000000784326
0,9616666667 0,000000000777540
0,9620000000 0,000000000770754
0,9623333333 0,000000000763969
0,9626666667 0,000000000757185
0,9630000000 0,000000000750400
0,9633333333 0,000000000743617
0,9636666667 0,000000000736833
0,9640000000 0,000000000730050
0,9643333333 0,000000000723268
0,9646666667 0,000000000716486
0,9650000000 0,000000000709704
0,9653333333 0,000000000702923
0,9656666667 0,000000000696142
0,9660000000 0,000000000689362
0,9663333333 0,000000000682582
0,9666666667 0,000000000675803
0,9670000000 0,000000000669024
0,9673333333 0,000000000662245
0,9676666667 0,000000000655467
0,9680000000 0,000000000648689
0,9683333333 0,000000000641912
0,9686666667 0,000000000635135
0,9690000000 0,000000000628359
0,9693333333 0,000000000621583
0,9696666667 0,000000000614808
0,9700000000 0,000000000608032
0,9703333333 0,000000000601258
0,9706666667 0,000000000594484
0,9710000000 0,000000000587710
0,9713333333 0,000000000580937
0,9716666667 0,000000000574164
0,9720000000 0,000000000567391
0,9723333333 0,000000000560619
0,9726666667 0,000000000553848
0,9730000000 0,000000000547076
0,9733333333 0,000000000540306
0,9736666667 0,000000000533535
0,9740000000 0,000000000526765
0,9743333333 0,000000000519996
0,9746666667 0,000000000513227
0,9750000000 0,000000000506458
0,9753333333 0,000000000499690
0,9756666667 0,000000000492922
0,9760000000 0,000000000486155
0,9763333333 0,000000000479388
0,9766666667 0,000000000472622
0,9770000000 0,000000000465856
0,9773333333 0,000000000459090
0,9776666667 0,000000000452325
0,9780000000 0,000000000445560
0,9783333333 0,000000000438796
0,9786666667 0,000000000432032
0,9790000000 0,000000000425268
0,9793333333 0,000000000418505
0,9796666667 0,000000000411742
0,9800000000 0,000000000404980
0,9803333333 0,000000000398218
0,9806666667 0,000000000391457
0,9810000000 0,000000000384696
0,9813333333 0,000000000377935
0,9816666667 0,000000000371175
0,9820000000 0,000000000364415
0,9823333333 0,000000000357656
0,9826666667 0,000000000350897
0,9830000000 0,000000000344139
0,9833333333 0,000000000337381
0,9836666667 0,000000000330623
0,9840000000 0,000000000323866
0,9843333333 0,000000000317109
0,9846666667 0,000000000310353
0,9850000000 0,000000000303597
0,9853333333 0,000000000296841
0,9856666667 0,000000000290086
0,9860000000 0,000000000283331
0,9863333333 0,000000000276577
0,9866666667 0,000000000269823
0,9870000000 0,000000000263069
0,9873333333 0,000000000256316
0,9876666667 0,000000000249564
0,9880000000 0,000000000242811
0,9883333333 0,000000000236059
0,9886666667 0,000000000229308
0,9890000000 0,000000000222557
0,9893333333 0,000000000215806
0,9896666667 0,000000000209056
0,9900000000 0,000000000202306
0,9903333333 0,000000000195557
0,9906666667 0,000000000188808
0,9910000000 0,000000000182059
0,9913333333 0,000000000175311
0,9916666667 0,000000000168563
0,9920000000 0,000000000161816
0,9923333333 0,000000000155069
0,9926666667 0,000000000148323
0,9930000000 0,000000000141576
0,9933333333 0,000000000134831
0,9936666667 0,000000000128085
0,9940000000 0,000000000121340
0,9943333333 0,000000000114596
0,9946666667 0,000000000107852
0,9950000000 0,000000000101108
0,9953333333 0,000000000094365
0,9956666667 0,000000000087622
0,9960000000 0,000000000080879
0,9963333333 0,000000000074137
0,9966666667 0,000000000067395
0,9970000000 0,000000000060654
0,9973333333 0,000000000053913
0,9976666667 0,000000000047173
0,9980000000 0,000000000040433
0,9983333333 0,000000000033693
0,9986666667 0,000000000026954
0,9990000000 0,000000000020215
0,9993333333 0,000000000013476
0,9996666667 0,000000000006738
