0,0000000000 0,681221337022150
0,0003333333 0,680644506595396
0,0006666667 0,680070485937170
0,0010000000 0,679498425740459
0,0013333333 0,678928328196661
0,0016666667 0,678360200079692
0,0020000000 0,677794045412624
0,0023333333 0,677229868524199
0,0026666667 0,676667674028937
0,0030000000 0,676107465706908
0,0033333333 0,675549249519514
0,0036666667 0,674993028380285
0,0040000000 0,674438807498399
0,0043333333 0,673886590773736
0,0046666667 0,673336382744700
0,0050000000 0,672788187081553
0,0053333333 0,672242009653987
0,0056666667 0,671697853937823
0,0060000000 0,671155723386472
0,0063333333 0,670615623170683
0,0066666667 0,670077557401156
0,0070000000 0,669541529869663
0,0073333333 0,669007544850248
0,0076666667 0,668475605897405
0,0080000000 0,667945718383562
0,0083333333 0,667417885737461
0,0086666667 0,666892111480374
0,0090000000 0,666368401040232
0,0093333333 0,665846756155063
0,0096666667 0,665327182657082
0,0100000000 0,664809684004641
0,0103333333 0,664294263877561
0,0106666667 0,663780926617790
0,0110000000 0,663269675320952
0,0113333333 0,662760514001756
0,0116666667 0,662253446724212
0,0120000000 0,661748476966813
0,0123333333 0,661245609039921
0,0126666667 0,660744845870770
0,0130000000 0,660246191862852
0,0133333333 0,659749649992220
0,0136666667 0,659255223686186
0,0140000000 0,658762916840739
0,0143333333 0,658272733357700
0,0146666667 0,657784676234508
0,0150000000 0,657298749637303
0,0153333333 0,656814955693505
0,0156666667 0,656333298413512
0,0160000000 0,655853781406022
0,0163333333 0,655376408325357
0,0166666667 0,654901181843440
0,0170000000 0,654428104867042
0,0173333333 0,653957181736384
0,0176666667 0,653488414987358
0,0180000000 0,653021807154762
0,0183333333 0,652557362883961
0,0186666667 0,652095083439181
0,0190000000 0,651634973517246
0,0193333333 0,651177034980577
0,0196666667 0,650721271165005
0,0200000000 0,650267684777087
0,0203333333 0,649816279500207
0,0206666667 0,649367057221150
0,0210000000 0,648920020986545
0,0213333333 0,648475174050323
0,0216666667 0,648032518237245
0,0220000000 0,647592057458037
0,0223333333 0,647153793193566
0,0226666667 0,646717729045299
0,0230000000 0,646283866459294
0,0233333333 0,645852209154939
0,0236666667 0,645422758791741
0,0240000000 0,644995518152036
0,0243333333 0,644570489004411
0,0246666667 0,644147675270984
0,0250000000 0,643727077314392
0,0253333333 0,643308699107115
0,0256666667 0,642892542376173
0,0260000000 0,642478608480554
0,0263333333 0,642066900573854
0,0266666667 0,641657420344113
0,0270000000 0,641250169492349
0,0273333333 0,640845150828297
0,0276666667 0,640442365715238
0,0280000000 0,640041816734918
0,0283333333 0,639643505033898
0,0286666667 0,639247432613503
0,0290000000 0,638853602186470
0,0293333333 0,638462014679521
0,0296666667 0,638072671850924
0,0300000000 0,637685575086168
0,0303333333 0,637300726682063
0,0306666667 0,636918127950141
0,0310000000 0,636537780136434
0,0313333333 0,636159685198289
0,0316666667 0,635783844470806
0,0320000000 0,635410259353917
0,0323333333 0,635038931444773
0,0326666667 0,634669860648275
0,0330000000 0,634303050121451
0,0333333333 0,633938499728787
0,0336666667 0,633576211749370
0,0340000000 0,633216186234750
0,0343333333 0,632858425030813
0,0346666667 0,632502929043941
0,0350000000 0,632149698736683
0,0353333333 0,631798735451833
0,0356666667 0,631450040070504
0,0360000000 0,631103613598374
0,0363333333 0,630759456376404
0,0366666667 0,630417569297143
0,0370000000 0,630077953461794
0,0373333333 0,629740609250821
0,0376666667 0,629405536927069
0,0380000000 0,629072737789125
0,0383333333 0,628742211627734
0,0386666667 0,628413959024574
0,0390000000 0,628087980803941
0,0393333333 0,627764277419713
0,0396666667 0,627442848294807
0,0400000000 0,627123694628138
0,0403333333 0,626806816407206
0,0406666667 0,626492213279989
0,0410000000 0,626179885733025
0,0413333333 0,625869834109758
0,0416666667 0,625562058275154
0,0420000000 0,625256557923547
0,0423333333 0,624953333320363
0,0426666667 0,624652384147055
0,0430000000 0,624353710855078
0,0433333333 0,624057312225629
0,0436666667 0,623763188747447
0,0440000000 0,623471339657769
0,0443333333 0,623181765121682
0,0446666667 0,622894464060890
0,0450000000 0,622609436644602
0,0453333333 0,622326681973158
0,0456666667 0,622046199763453
0,0460000000 0,621767989389817
0,0463333333 0,621492049629906
0,0466666667 0,621218381113693
0,0470000000 0,620946981884273
0,0473333333 0,620677851729123
0,0476666667 0,620410989349211
0,0480000000 0,620146394580791
0,0483333333 0,619884065693089
0,0486666667 0,619624002336246
0,0490000000 0,619366203474568
0,0493333333 0,619110667747541
0,0496666667 0,618857394019037
0,0500000000 0,618606381314955
0,0503333333 0,618357628382712
0,0506666667 0,618111133865362
0,0510000000 0,617866896841984
0,0513333333 0,617624915440498
0,0516666667 0,617385188941588
0,0520000000 0,617147714791040
0,0523333333 0,616912492791079
0,0526666667 0,616679520964488
0,0530000000 0,616448797325708
0,0533333333 0,616220320391179
0,0536666667 0,615994089023221
0,0540000000 0,615770100943204
0,0543333333 0,615548354897925
0,0546666667 0,615328848549578
0,0550000000 0,615111580509867
0,0553333333 0,614896548698834
0,0556666667 0,614683751030788
0,0560000000 0,614473185935092
0,0563333333 0,614264850725822
0,0566666667 0,614058743947547
0,0570000000 0,613854863851155
0,0573333333 0,613653207528699
0,0576666667 0,613453772623908
0,0580000000 0,613256558108877
0,0583333333 0,613061560323928
0,0586666667 0,612868777953201
0,0590000000 0,612678207957696
0,0593333333 0,612489848429263
0,0596666667 0,612303696598361
0,0600000000 0,612119750504246
0,0603333333 0,611938006810891
0,0606666667 0,611758463879543
0,0610000000 0,611581117979094
0,0613333333 0,611405967524782
0,0616666667 0,611233009824034
0,0620000000 0,611062241378499
0,0623333333 0,610893660044247
0,0626666667 0,610727262278428
0,0630000000 0,610563046458219
0,0633333333 0,610401008828199
0,0636666667 0,610241146366802
0,0640000000 0,610083456515760
0,0643333333 0,609927936544378
0,0646666667 0,609774582908440
0,0650000000 0,609623392527151
0,0653333333 0,609474362601072
0,0656666667 0,609327490077615
0,0660000000 0,609182771479063
0,0663333333 0,609040203498005
0,0666666667 0,608899783560955
0,0670000000 0,608761507540246
0,0673333333 0,608625373024582
0,0676666667 0,608491375402822
0,0680000000 0,608359512852249
0,0683333333 0,608229780674740
0,0686666667 0,608102175692553
0,0690000000 0,607976694760280
0,0693333333 0,607853334454259
0,0696666667 0,607732090719990
0,0700000000 0,607612960478292
0,0703333333 0,607495939907571
0,0706666667 0,607381025427746
0,0710000000 0,607268212843139
0,0713333333 0,607157499170543
0,0716666667 0,607048880134730
0,0720000000 0,606942352637567
0,0723333333 0,606837911840440
0,0726666667 0,606735555083606
0,0730000000 0,606635277551652
0,0733333333 0,606537075910264
0,0736666667 0,606440946002901
0,0740000000 0,606346883933589
0,0743333333 0,606254885583006
0,0746666667 0,606164947264609
0,0750000000 0,606077064779550
0,0753333333 0,605991233852032
0,0756666667 0,605907451137313
0,0760000000 0,605825711529546
0,0763333333 0,605746011203303
0,0766666667 0,605668346696165
0,0770000000 0,605592712940075
0,0773333333 0,605519106210961
0,0776666667 0,605447521950298
0,0780000000 0,605377955967402
0,0783333333 0,605310404151251
0,0786666667 0,605244862407661
0,0790000000 0,605181325899664
0,0793333333 0,605119790099668
0,0796666667 0,605060251145512
0,0800000000 0,605002704797754
0,0803333333 0,604947146023729
0,0806666667 0,604893570728324
0,0810000000 0,604841974223041
0,0813333333 0,604792352565580
0,0816666667 0,604744700083613
0,0820000000 0,604699013685053
0,0823333333 0,604655287720015
0,0826666667 0,604613518431333
0,0830000000 0,604573700400431
0,0833333333 0,604535829785903
0,0836666667 0,604499901413075
0,0840000000 0,604465910921176
0,0843333333 0,604433853439580
0,0846666667 0,604403724374520
0,0850000000 0,604375519195364
0,0853333333 0,604349232932831
0,0856666667 0,604324861098394
0,0860000000 0,604302398615905
0,0863333333 0,604281840968035
0,0866666667 0,604263183485257
0,0870000000 0,604246420811658
0,0873333333 0,604231548737558
0,0876666667 0,604218562365703
0,0880000000 0,604207456540474
0,0883333333 0,604198226521186
0,0886666667 0,604190867353003
0,0890000000 0,604185374435410
0,0893333333 0,604181742788887
0,0896666667 0,604179967306078
0,0900000000 0,604180043363792
0,0903333333 0,604181965694733
0,0906666667 0,604185729675478
0,0910000000 0,604191329884609
0,0913333333 0,604198761910649
0,0916666667 0,604208020262869
0,0920000000 0,604219100400366
0,0923333333 0,604231997132415
0,0926666667 0,604246705346504
0,0930000000 0,604263220087472
0,0933333333 0,604281536496838
0,0936666667 0,604301649387978
0,0940000000 0,604323553641067
0,0943333333 0,604347244244518
0,0946666667 0,604372716205657
0,0950000000 0,604399964416661
0,0953333333 0,604428983917116
0,0956666667 0,604459769247667
0,0960000000 0,604492315547788
0,0963333333 0,604526618048112
0,0966666667 0,604562671067753
0,0970000000 0,604600469872169
0,0973333333 0,604640009276955
0,0976666667 0,604681284103047
0,0980000000 0,604724289173216
0,0983333333 0,604769019332778
0,0986666667 0,604815469516616
0,0990000000 0,604863634648818
0,0993333333 0,604913509545399
0,0996666667 0,604965088964919
0,1000000000 0,605018367783444
0,1003333333 0,605073340857893
0,1006666667 0,605130003042422
0,1010000000 0,605188349030610
0,1013333333 0,605248373922988
0,1016666667 0,605310072358431
0,1020000000 0,605373439375523
0,1023333333 0,605438469603156
0,1026666667 0,605505157746950
0,1030000000 0,605573498958212
0,1033333333 0,605643487599239
0,1036666667 0,605715119103128
0,1040000000 0,605788387680974
0,1043333333 0,605863288664412
0,1046666667 0,605939816591317
0,1050000000 0,606017966306728
0,1053333333 0,606097732532104
0,1056666667 0,606179110417154
0,1060000000 0,606262094449954
0,1063333333 0,606346679626707
0,1066666667 0,606432860950458
0,1070000000 0,606520632649194
0,1073333333 0,606609989989546
0,1076666667 0,606700927861746
0,1080000000 0,606793441074132
0,1083333333 0,606887524010420
0,1086666667 0,606983172110238
0,1090000000 0,607080379823176
0,1093333333 0,607179142260943
0,1096666667 0,607279453885347
0,1100000000 0,607381310030569
0,1103333333 0,607484705096158
0,1106666667 0,607589634203073
0,1110000000 0,607696092333738
0,1113333333 0,607804073877351
0,1116666667 0,607913574037453
0,1120000000 0,608024587856431
0,1123333333 0,608137109743458
0,1126666667 0,608251134816685
0,1130000000 0,608366658021341
0,1133333333 0,608483674413382
0,1136666667 0,608602178383821
0,1140000000 0,608722165161774
0,1143333333 0,608843629562402
0,1146666667 0,608966566676025
0,1150000000 0,609090971293908
0,1153333333 0,609216838266150
0,1156666667 0,609344162546112
0,1160000000 0,609472939155833
0,1163333333 0,609603163131543
0,1166666667 0,609734829116970
0,1170000000 0,609867932318014
0,1173333333 0,610002467678700
0,1176666667 0,610138430132245
0,1180000000 0,610275814522478
0,1183333333 0,610414616154400
0,1186666667 0,610554829718243
0,1190000000 0,610696450316072
0,1193333333 0,610839473138589
0,1196666667 0,610983892931214
0,1200000000 0,611129704832330
0,1203333333 0,611276903966146
0,1206666667 0,611425485318444
0,1210000000 0,611575443803585
0,1213333333 0,611726774571859
0,1216666667 0,611879472941457
0,1220000000 0,612033533525159
0,1223333333 0,612188951985288
0,1226666667 0,612345722914346
0,1230000000 0,612503841455122
0,1233333333 0,612663303085077
0,1236666667 0,612824102601036
0,1240000000 0,612986235326421
0,1243333333 0,613149696347424
0,1246666667 0,613314480681495
0,1250000000 0,613480583759833
0,1253333333 0,613648000506104
0,1256666667 0,613816726524757
0,1260000000 0,613986756472809
0,1263333333 0,614158085812217
0,1266666667 0,614330709921550
0,1270000000 0,614504623660990
0,1273333333 0,614679822555626
0,1276666667 0,614856301774864
0,1280000000 0,615034056530859
0,1283333333 0,615213082166109
0,1286666667 0,615393374021138
0,1290000000 0,615574927184833
0,1293333333 0,615757737087986
0,1296666667 0,615941799241877
0,1300000000 0,616127108522655
0,1303333333 0,616313660661509
0,1306666667 0,616501450885957
0,1310000000 0,616690474398236
0,1313333333 0,616880726969489
0,1316666667 0,617072203610585
0,1320000000 0,617264899929284
0,1323333333 0,617458811212052
0,1326666667 0,617653932962416
0,1330000000 0,617850260453665
0,1333333333 0,618047789340565
0,1336666667 0,618246515046427
0,1340000000 0,618446432922941
0,1343333333 0,618647538651747
0,1346666667 0,618849827547111
0,1350000000 0,619053295099004
0,1353333333 0,619257936998353
0,1356666667 0,619463748637873
0,1360000000 0,619670725648307
0,1363333333 0,619878863483412
0,1366666667 0,620088157802321
0,1370000000 0,620298604227704
0,1373333333 0,620510198202500
0,1376666667 0,620722935496802
0,1380000000 0,620936811648138
0,1383333333 0,621151822236255
0,1386666667 0,621367962998746
0,1390000000 0,621585229710293
0,1393333333 0,621803617764512
0,1396666667 0,622023123011906
0,1400000000 0,622243741132638
0,1403333333 0,622465467829098
0,1406666667 0,622688298832429
0,1410000000 0,622912229951027
0,1413333333 0,623137256906865
0,1416666667 0,623363375238060
0,1420000000 0,623590581132596
0,1423333333 0,623818870033187
0,1426666667 0,624048237828119
0,1430000000 0,624278680446707
0,1433333333 0,624510193729344
0,1436666667 0,624742773324212
0,1440000000 0,624976415284292
0,1443333333 0,625211115258423
0,1446666667 0,625446869437581
0,1450000000 0,625683673587054
0,1453333333 0,625921523409711
0,1456666667 0,626160415253646
0,1460000000 0,626400344589912
0,1463333333 0,626641307689935
0,1466666667 0,626883300462656
0,1470000000 0,627126318821917
0,1473333333 0,627370358668021
0,1476666667 0,627615416246027
0,1480000000 0,627861487428684
0,1483333333 0,628108568287130
0,1486666667 0,628356654845227
0,1490000000 0,628605743260118
0,1493333333 0,628855829423237
0,1496666667 0,629106909483121
0,1500000000 0,629358979566154
0,1503333333 0,629612035835846
0,1506666667 0,629866074348836
0,1510000000 0,630121091388162
0,1513333333 0,630377082902356
0,1516666667 0,630634045174341
0,1520000000 0,630891974395096
0,1523333333 0,631150866607194
0,1526666667 0,631410718249456
0,1530000000 0,631671525350142
0,1533333333 0,631933284353513
0,1536666667 0,632195991268750
0,1540000000 0,632459642477351
0,1543333333 0,632724234301832
0,1546666667 0,632989762871637
0,1550000000 0,633256224749439
0,1553333333 0,633523616008104
0,1556666667 0,633791933110297
0,1560000000 0,634061172330860
0,1563333333 0,634331330147972
0,1566666667 0,634602402707291
0,1570000000 0,634874386557127
0,1573333333 0,635147278139121
0,1576666667 0,635421073702172
0,1580000000 0,635695769833692
0,1583333333 0,635971362855146
0,1586666667 0,636247849218752
0,1590000000 0,636525225532004
0,1593333333 0,636803488061078
0,1596666667 0,637082633446342
0,1600000000 0,637362658093069
0,1603333333 0,637643558592646
0,1606666667 0,637925331535390
0,1610000000 0,638207973250712
0,1613333333 0,638491480544077
0,1616666667 0,638775849843338
0,1620000000 0,639061077739689
0,1623333333 0,639347160753927
0,1626666667 0,639634095758756
0,1630000000 0,639921879031399
0,1633333333 0,640210507485068
0,1636666667 0,640499977728350
0,1640000000 0,640790286335443
0,1643333333 0,641081429942181
0,1646666667 0,641373405274429
0,1650000000 0,641666209095560
0,1653333333 0,641959838157453
0,1656666667 0,642254289022877
0,1660000000 0,642549558542663
0,1663333333 0,642845643375361
0,1666666667 0,643142540553941
0,1670000000 0,643440246543947
0,1673333333 0,643738758159182
0,1676666667 0,644038072373562
0,1680000000 0,644338185928304
0,1683333333 0,644639095641798
0,1686666667 0,644940798289288
0,1690000000 0,645243290934104
0,1693333333 0,645546570183026
0,1696666667 0,645850633078938
0,1700000000 0,646155476507534
0,1703333333 0,646461097313647
0,1706666667 0,646767492349204
0,1710000000 0,647074658691841
0,1713333333 0,647382593229934
0,1716666667 0,647691292913185
0,1720000000 0,648000754694867
0,1723333333 0,648310975529305
0,1726666667 0,648621952438614
0,1730000000 0,648933682482300
0,1733333333 0,649246162571830
0,1736666667 0,649559389773995
0,1740000000 0,649873361132718
0,1743333333 0,650188073659806
0,1746666667 0,650503524612833
0,1750000000 0,650819710825848
0,1753333333 0,651136629413383
0,1756666667 0,651454277667350
0,1760000000 0,651772652446429
0,1763333333 0,652091751043197
0,1766666667 0,652411570614779
0,1770000000 0,652732108180304
0,1773333333 0,653053360955364
0,1776666667 0,653375326027654
0,1780000000 0,653698000846449
0,1783333333 0,654021382258702
0,1786666667 0,654345467744257
0,1790000000 0,654670254332269
0,1793333333 0,654995739370490
0,1796666667 0,655321920102946
0,1800000000 0,655648793703052
0,1803333333 0,655976357509143
0,1806666667 0,656304608694571
0,1810000000 0,656633544653692
0,1813333333 0,656963162620020
0,1816666667 0,657293460002076
0,1820000000 0,657624433910307
0,1823333333 0,657956081905223
0,1826666667 0,658288401206275
0,1830000000 0,658621389180735
0,1833333333 0,658955043216291
0,1836666667 0,659289360690681
0,1840000000 0,659624338993918
0,1843333333 0,659959975500785
0,1846666667 0,660296267562611
0,1850000000 0,660633212727824
0,1853333333 0,660970808507884
0,1856666667 0,661309051982249
0,1860000000 0,661647940952334
0,1863333333 0,661987472777801
0,1866666667 0,662327644818308
0,1870000000 0,662668454758394
0,1873333333 0,663009899848056
0,1876666667 0,663351977917674
0,1880000000 0,663694686243329
0,1883333333 0,664038022408455
0,1886666667 0,664381983896287
0,1890000000 0,664726568404720
0,1893333333 0,665071773370568
0,1896666667 0,665417596411618
0,1900000000 0,665764035043692
0,1903333333 0,666111087040936
0,1906666667 0,666458749757074
0,1910000000 0,666807020992086
0,1913333333 0,667155898296698
0,1916666667 0,667505379265837
0,1920000000 0,667855461591096
0,1923333333 0,668206142904852
0,1926666667 0,668557420923935
0,1930000000 0,668909293244544
0,1933333333 0,669261757532854
0,1936666667 0,669614811598915
0,1940000000 0,669968453074427
0,1943333333 0,670322679612930
0,1946666667 0,670677489056331
0,1950000000 0,671032879063525
0,1953333333 0,671388847354304
0,1956666667 0,671745391757052
0,1960000000 0,672102509986699
0,1963333333 0,672460199752878
0,1966666667 0,672818458996774
0,1970000000 0,673177285353548
0,1973333333 0,673536676733339
0,1976666667 0,673896630856670
0,1980000000 0,674257145608895
0,1983333333 0,674618218750330
0,1986666667 0,674979848180757
0,1990000000 0,675342031750393
0,1993333333 0,675704767265339
0,1996666667 0,676068052603327
0,2000000000 0,676431885619076
0,2003333333 0,676796264285831
0,2006666667 0,677161186420064
0,2010000000 0,677526649919526
0,2013333333 0,677892652804408
0,2016666667 0,678259192872630
0,2020000000 0,678626268062403
0,2023333333 0,678993876352477
0,2026666667 0,679362015691166
0,2030000000 0,679730684050806
0,2033333333 0,680099879339312
0,2036666667 0,680469599563288
0,2040000000 0,680839842719427
0,2043333333 0,681210606747154
0,2046666667 0,681581889753833
0,2050000000 0,681953689646022
0,2053333333 0,682326004478694
0,2056666667 0,682698832256308
0,2060000000 0,683072171067627
0,2063333333 0,683446018895643
0,2066666667 0,683820373853191
0,2070000000 0,684195233972969
0,2073333333 0,684570597257627
0,2076666667 0,684946461878738
0,2080000000 0,685322825948071
0,2083333333 0,685699687448217
0,2086666667 0,686077044540459
0,2090000000 0,686454895362262
0,2093333333 0,686833237962716
0,2096666667 0,687212070554096
0,2100000000 0,687591391147135
0,2103333333 0,687971198070312
0,2106666667 0,688351489323414
0,2110000000 0,688732263112380
0,2113333333 0,689113517605130
0,2116666667 0,689495251017605
0,2120000000 0,689877461450784
0,2123333333 0,690260147186736
0,2126666667 0,690643306355861
0,2130000000 0,691026937163315
0,2133333333 0,691411037873475
0,2136666667 0,691795606712841
0,2140000000 0,692180641901343
0,2143333333 0,692566141640141
0,2146666667 0,692952104193920
0,2150000000 0,693338527821961
0,2153333333 0,693725410787882
0,2156666667 0,694112751395722
0,2160000000 0,694500547898406
0,2163333333 0,694888798583002
0,2166666667 0,695277501619488
0,2170000000 0,695666655541101
0,2173333333 0,696056258467169
0,2176666667 0,696446308763548
0,2180000000 0,696836804810583
0,2183333333 0,697227744875724
0,2186666667 0,697619127327841
0,2190000000 0,698010950436461
0,2193333333 0,698403212660897
0,2196666667 0,698795912261724
0,2200000000 0,699189047718597
0,2203333333 0,699582617313759
0,2206666667 0,699976619422803
0,2210000000 0,700371052470553
0,2213333333 0,700765914841535
0,2216666667 0,701161204927902
0,2220000000 0,701556921143317
0,2223333333 0,701953061858584
0,2226666667 0,702349625614676
0,2230000000 0,702746610717674
0,2233333333 0,703144015679506
0,2236666667 0,703541838832020
0,2240000000 0,703940078778554
0,2243333333 0,704338733901206
0,2246666667 0,704737802626252
0,2250000000 0,705137283465466
0,2253333333 0,705537174885130
0,2256666667 0,705937475346831
0,2260000000 0,706338183404816
0,2263333333 0,706739297500183
0,2266666667 0,707140816128835
0,2270000000 0,707542737796146
0,2273333333 0,707945061065084
0,2276666667 0,708347784422593
0,2280000000 0,708750906379382
0,2283333333 0,709154425529765
0,2286666667 0,709558340361610
0,2290000000 0,709962649429813
0,2293333333 0,710367351279049
0,2296666667 0,710772444516977
0,2300000000 0,711177927626067
0,2303333333 0,711583799299227
0,2306666667 0,711990058006531
0,2310000000 0,712396702394823
0,2313333333 0,712803731005054
0,2316666667 0,713211142435222
0,2320000000 0,713618935384459
0,2323333333 0,714027108328153
0,2326666667 0,714435659970073
0,2330000000 0,714844588903030
0,2333333333 0,715253893760846
0,2336666667 0,715663573159201
0,2340000000 0,716073625741387
0,2343333333 0,716484050154020
0,2346666667 0,716894845096943
0,2350000000 0,717306009134044
0,2353333333 0,717717541002088
0,2356666667 0,718129439321972
0,2360000000 0,718541702775997
0,2363333333 0,718954330101344
0,2366666667 0,719367319890787
0,2370000000 0,719780670910955
0,2373333333 0,720194381815804
0,2376666667 0,720608451332189
0,2380000000 0,721022878131579
0,2383333333 0,721437660999051
0,2386666667 0,721852798564314
0,2390000000 0,722268289588466
0,2393333333 0,722684132841368
0,2396666667 0,723100327006697
0,2400000000 0,723516870849270
0,2403333333 0,723933763116324
0,2406666667 0,724351002506029
0,2410000000 0,724768587855534
0,2413333333 0,725186517872821
0,2416666667 0,725604791359988
0,2420000000 0,726023407085192
0,2423333333 0,726442363781802
0,2426666667 0,726861660305263
0,2430000000 0,727281295377757
0,2433333333 0,727701267844930
0,2436666667 0,728121576488055
0,2440000000 0,728542220071597
0,2443333333 0,728963197444247
0,2446666667 0,729384507446672
0,2450000000 0,729806148850810
0,2453333333 0,730228120466559
0,2456666667 0,730650421218389
0,2460000000 0,731073049825785
0,2463333333 0,731496005201559
0,2466666667 0,731919286188162
0,2470000000 0,732342891569550
0,2473333333 0,732766820253792
0,2476666667 0,733191071133910
0,2480000000 0,733615642996408
0,2483333333 0,734040534737301
0,2486666667 0,734465745266364
0,2490000000 0,734891273417863
0,2493333333 0,735317118098575
0,2496666667 0,735743278200912
0,2500000000 0,736169752569839
0,2503333333 0,736596540181784
0,2506666667 0,737023639878028
0,2510000000 0,737451050625054
0,2513333333 0,737878771249390
0,2516666667 0,738306800721199
0,2520000000 0,738735137935506
0,2523333333 0,739163781874232
0,2526666667 0,739592731398562
0,2530000000 0,740021985497510
0,2533333333 0,740451543065125
0,2536666667 0,740881403059557
0,2540000000 0,741311564466869
0,2543333333 0,741742026171537
0,2546666667 0,742172787169426
0,2550000000 0,742603846454699
0,2553333333 0,743035202913399
0,2556666667 0,743466855559378
0,2560000000 0,743898803401821
0,2563333333 0,744331045362808
0,2566666667 0,744763580437104
0,2570000000 0,745196407644018
0,2573333333 0,745629525922486
0,2576666667 0,746062934339494
0,2580000000 0,746496631820036
0,2583333333 0,746930617403972
0,2586666667 0,747364890134277
0,2590000000 0,747799448958486
0,2593333333 0,748234292961626
0,2596666667 0,748669421056395
0,2600000000 0,749104832389072
0,2603333333 0,749540525912638
0,2606666667 0,749976500682035
0,2610000000 0,750412755753955
0,2613333333 0,750849290139465
0,2616666667 0,751286102906450
0,2620000000 0,751723193108480
0,2623333333 0,752160559748895
0,2626666667 0,752598201954097
0,2630000000 0,753036118721835
0,2633333333 0,753474309173705
0,2636666667 0,753912772359946
0,2640000000 0,754351507318092
0,2643333333 0,754790513156326
0,2646666667 0,755229788980109
0,2650000000 0,755669333820813
0,2653333333 0,756109146804841
0,2656666667 0,756549227025526
0,2660000000 0,756989573539590
0,2663333333 0,757430185485780
0,2666666667 0,757871061937625
0,2670000000 0,758312202045340
0,2673333333 0,758753604860899
0,2676666667 0,759195269543321
0,2680000000 0,759637195202194
0,2683333333 0,760079380933537
0,2686666667 0,760521825923415
0,2690000000 0,760964529256039
0,2693333333 0,761407490053374
0,2696666667 0,761850707463724
0,2700000000 0,762294180637807
0,2703333333 0,762737908704253
0,2706666667 0,763181890830990
0,2710000000 0,763626126165808
0,2713333333 0,764070613847583
0,2716666667 0,764515353034429
0,2720000000 0,764960342875316
0,2723333333 0,765405582573609
0,2726666667 0,765851071264608
0,2730000000 0,766296808133526
0,2733333333 0,766742792349009
0,2736666667 0,767189023106176
0,2740000000 0,767635499556513
0,2743333333 0,768082220886681
0,2746666667 0,768529186330363
0,2750000000 0,768976395017630
0,2753333333 0,769423846178320
0,2756666667 0,769871539030209
0,2760000000 0,770319472730260
0,2763333333 0,770767646493975
0,2766666667 0,771216059540035
0,2770000000 0,771664711099486
0,2773333333 0,772113600331776
0,2776666667 0,772562726508822
0,2780000000 0,773012088826423
0,2783333333 0,773461686499864
0,2786666667 0,773911518773401
0,2790000000 0,774361584876104
0,2793333333 0,774811884038959
0,2796666667 0,775262415495884
0,2800000000 0,775713178488746
0,2803333333 0,776164172239714
0,2806666667 0,776615396041365
0,2810000000 0,777066849095577
0,2813333333 0,777518530674102
0,2816666667 0,777970440023280
0,2820000000 0,778422576445009
0,2823333333 0,778874939140078
0,2826666667 0,779327527381721
0,2830000000 0,779780340460984
0,2833333333 0,780233377653414
0,2836666667 0,780686638218990
0,2840000000 0,781140121405688
0,2843333333 0,781593826535908
0,2846666667 0,782047752864155
0,2850000000 0,782501899710197
0,2853333333 0,782956266296950
0,2856666667 0,783410851970988
0,2860000000 0,783865656006116
0,2863333333 0,784320677696046
0,2866666667 0,784775916336878
0,2870000000 0,785231371240343
0,2873333333 0,785687041725409
0,2876666667 0,786142927066155
0,2880000000 0,786599026588126
0,2883333333 0,787055339597080
0,2886666667 0,787511865420292
0,2890000000 0,787968603364730
0,2893333333 0,788425552772269
0,2896666667 0,788882712928254
0,2900000000 0,789340083207093
0,2903333333 0,789797662898183
0,2906666667 0,790255451342407
0,2910000000 0,790713447891627
0,2913333333 0,791171651859946
0,2916666667 0,791630062602650
0,2920000000 0,792088679462513
0,2923333333 0,792547501756881
0,2926666667 0,793006528881200
0,2930000000 0,793465760154365
0,2933333333 0,793925194926173
0,2936666667 0,794384832566206
0,2940000000 0,794844672423303
0,2943333333 0,795304713861065
0,2946666667 0,795764956253050
0,2950000000 0,796225398943921
0,2953333333 0,796686041312029
0,2956666667 0,797146882721479
0,2960000000 0,797607922565822
0,2963333333 0,798069160192076
0,2966666667 0,798530595012836
0,2970000000 0,798992226365364
0,2973333333 0,799454053661583
0,2976666667 0,799916076286378
0,2980000000 0,800378293605008
0,2983333333 0,800840705035939
0,2986666667 0,801303309957427
0,2990000000 0,801766107773175
0,2993333333 0,802229097865215
0,2996666667 0,802692279641253
0,3000000000 0,803155652497235
0,3003333333 0,803619215851914
0,3006666667 0,804082969112892
0,3010000000 0,804546911662492
0,3013333333 0,805011042931012
0,3016666667 0,805475362330155
0,3020000000 0,805939869275573
0,3023333333 0,806404563192051
0,3026666667 0,806869443480259
0,3030000000 0,807334509567375
0,3033333333 0,807799760916115
0,3036666667 0,808265196901628
0,3040000000 0,808730816988802
0,3043333333 0,809196620592042
0,3046666667 0,809662607137809
0,3050000000 0,810128776085399
0,3053333333 0,810595126861907
0,3056666667 0,811061658898134
0,3060000000 0,811528371649909
0,3063333333 0,811995264545955
0,3066666667 0,812462337062616
0,3070000000 0,812929588617443
0,3073333333 0,813397018683547
0,3076666667 0,813864626705102
0,3080000000 0,814332412128647
0,3083333333 0,814800374422756
0,3086666667 0,815268513052747
0,3090000000 0,815736827466267
0,3093333333 0,816205317133258
0,3096666667 0,816673981521000
0,3100000000 0,817142820083291
0,3103333333 0,817611832318781
0,3106666667 0,818081017678143
0,3110000000 0,818550375624624
0,3113333333 0,819019905676904
0,3116666667 0,819489607268656
0,3120000000 0,819959479901603
0,3123333333 0,820429523043400
0,3126666667 0,820899736192485
0,3130000000 0,821370118852098
0,3133333333 0,821840670459870
0,3136666667 0,822311390526155
0,3140000000 0,822782278565761
0,3143333333 0,823253334055962
0,3146666667 0,823724556498983
0,3150000000 0,824195945380722
0,3153333333 0,824667500196274
0,3156666667 0,825139220464833
0,3160000000 0,825611105678258
0,3163333333 0,826083155349232
0,3166666667 0,826555368961797
0,3170000000 0,827027746077323
0,3173333333 0,827500286150272
0,3176666667 0,827972988719167
0,3180000000 0,828445853297547
0,3183333333 0,828918879406736
0,3186666667 0,829392066546521
0,3190000000 0,829865414254661
0,3193333333 0,830338922043668
0,3196666667 0,830812589429951
0,3200000000 0,831286415963438
0,3203333333 0,831760401141729
0,3206666667 0,832234544522414
0,3210000000 0,832708845623413
0,3213333333 0,833183303964908
0,3216666667 0,833657919091518
0,3220000000 0,834132690549628
0,3223333333 0,834607617856589
0,3226666667 0,835082700550120
0,3230000000 0,835557938221298
0,3233333333 0,836033330352913
0,3236666667 0,836508876510928
0,3240000000 0,836984576254170
0,3243333333 0,837460429100134
0,3246666667 0,837936434617503
0,3250000000 0,838412592376579
0,3253333333 0,838888901903168
0,3256666667 0,839365362769562
0,3260000000 0,839841974506335
0,3263333333 0,840318736693879
0,3266666667 0,840795648884382
0,3270000000 0,841272710649439
0,3273333333 0,841749921538647
0,3276666667 0,842227281118866
0,3280000000 0,842704788960339
0,3283333333 0,843182444638857
0,3286666667 0,843660247701443
0,3290000000 0,844138197738257
0,3293333333 0,844616294308514
0,3296666667 0,845094536996282
0,3300000000 0,845572925375702
0,3303333333 0,846051459028548
0,3306666667 0,846530137528983
0,3310000000 0,847008960443471
0,3313333333 0,847487927378991
0,3316666667 0,847967037894655
0,3320000000 0,848446291603501
0,3323333333 0,848925688069828
0,3326666667 0,849405226891373
0,3330000000 0,849884907648514
0,3333333333 0,850364729929587
0,3336666667 0,850844693352125
0,3340000000 0,851324797493440
0,3343333333 0,851805041957355
0,3346666667 0,852285426317520
0,3350000000 0,852765950178058
0,3353333333 0,853246613169377
0,3356666667 0,853727414874085
0,3360000000 0,854208354890677
0,3363333333 0,854689432812444
0,3366666667 0,855170648277427
0,3370000000 0,855652000862906
0,3373333333 0,856133490209522
0,3376666667 0,856615115888491
0,3380000000 0,857096877541508
0,3383333333 0,857578774761320
0,3386666667 0,858060807183302
0,3390000000 0,858542974402168
0,3393333333 0,859025276043097
0,3396666667 0,859507711733982
0,3400000000 0,859990281081232
0,3403333333 0,860472983719553
0,3406666667 0,860955819246537
0,3410000000 0,861438787318092
0,3413333333 0,861921887532999
0,3416666667 0,862405119542205
0,3420000000 0,862888482969783
0,3423333333 0,863371977408644
0,3426666667 0,863855602527612
0,3430000000 0,864339357962841
0,3433333333 0,864823243314651
0,3436666667 0,865307258261382
0,3440000000 0,865791402391020
0,3443333333 0,866275675372589
0,3446666667 0,866760076849556
0,3450000000 0,867244606440501
0,3453333333 0,867729263785903
0,3456666667 0,868214048539513
0,3460000000 0,868698960358160
0,3463333333 0,869183998857740
0,3466666667 0,869669163694410
0,3470000000 0,870154454534953
0,3473333333 0,870639870990240
0,3476666667 0,871125412758712
0,3480000000 0,871611079456089
0,3483333333 0,872096870747687
0,3486666667 0,872582786293668
0,3490000000 0,873068825726601
0,3493333333 0,873554988721326
0,3496666667 0,874041274934942
0,3500000000 0,874527684032795
0,3503333333 0,875014215650517
0,3506666667 0,875500869464750
0,3510000000 0,875987645129281
0,3513333333 0,876474542320884
0,3516666667 0,876961560687036
0,3520000000 0,877448699911114
0,3523333333 0,877935959666507
0,3526666667 0,878423339596890
0,3530000000 0,878910839393651
0,3533333333 0,879398458709192
0,3536666667 0,879886197225923
0,3540000000 0,880374054608651
0,3543333333 0,880862030544677
0,3546666667 0,881350124697686
0,3550000000 0,881838336750803
0,3553333333 0,882326666375677
0,3556666667 0,882815113254897
0,3560000000 0,883303677069733
0,3563333333 0,883792357497910
0,3566666667 0,884281154220430
0,3570000000 0,884770066925340
0,3573333333 0,885259095285599
0,3576666667 0,885748239005694
0,3580000000 0,886237497763693
0,3583333333 0,886726871231013
0,3586666667 0,887216359117231
0,3590000000 0,887705961110488
0,3593333333 0,888195676887125
0,3596666667 0,888685506147678
0,3600000000 0,889175448592545
0,3603333333 0,889665503901002
0,3606666667 0,890155671776345
0,3610000000 0,890645951917305
0,3613333333 0,891136344021996
0,3616666667 0,891626847778255
0,3620000000 0,892117462890807
0,3623333333 0,892608189062191
0,3626666667 0,893099025991643
0,3630000000 0,893589973381450
0,3633333333 0,894081030927508
0,3636666667 0,894572198356171
0,3640000000 0,895063475359432
0,3643333333 0,895554861634447
0,3646666667 0,896046356904976
0,3650000000 0,896537960866425
0,3653333333 0,897029673238463
0,3656666667 0,897521493725088
0,3660000000 0,898013422043135
0,3663333333 0,898505457892491
0,3666666667 0,898997601005924
0,3670000000 0,899489851091758
0,3673333333 0,899982207850087
0,3676666667 0,900474671013881
0,3680000000 0,900967240295504
0,3683333333 0,901459915413761
0,3686666667 0,901952696085625
0,3690000000 0,902445582039591
0,3693333333 0,902938572980576
0,3696666667 0,903431668648090
0,3700000000 0,903924868753673
0,3703333333 0,904418173029014
0,3706666667 0,904911581196574
0,3710000000 0,905405092979290
0,3713333333 0,905898708108336
0,3716666667 0,906392426309985
0,3720000000 0,906886247309619
0,3723333333 0,907380170843255
0,3726666667 0,907874196633675
0,3730000000 0,908368324419219
0,3733333333 0,908862553931580
0,3736666667 0,909356884900404
0,3740000000 0,909851317059304
0,3743333333 0,910345850142477
0,3746666667 0,910840483897936
0,3750000000 0,911335218052708
0,3753333333 0,911830052338795
0,3756666667 0,912324986509188
0,3760000000 0,912820020288707
0,3763333333 0,913315153426180
0,3766666667 0,913810385663706
0,3770000000 0,914305716745588
0,3773333333 0,914801146407187
0,3776666667 0,915296674395806
0,3780000000 0,915792300457497
0,3783333333 0,916288024323346
0,3786666667 0,916783845773673
0,3790000000 0,917279764518730
0,3793333333 0,917775780336125
0,3796666667 0,918271892948058
0,3800000000 0,918768102126868
0,3803333333 0,919264407615691
0,3806666667 0,919760809161435
0,3810000000 0,920257306517036
0,3813333333 0,920753899445234
0,3816666667 0,921250587686218
0,3820000000 0,921747371004486
0,3823333333 0,922244249155941
0,3826666667 0,922741221879654
0,3830000000 0,923238288961706
0,3833333333 0,923735450141014
0,3836666667 0,924232705183081
0,3840000000 0,924730053837766
0,3843333333 0,925227495880222
0,3846666667 0,925725031059026
0,3850000000 0,926222659141287
0,3853333333 0,926720379896159
0,3856666667 0,927218193077078
0,3860000000 0,927716098455017
0,3863333333 0,928214095791959
0,3866666667 0,928712184845167
0,3870000000 0,929210365403470
0,3873333333 0,929708637210513
0,3876666667 0,930207000052968
0,3880000000 0,930705453687129
0,3883333333 0,931203997889879
0,3886666667 0,931702632427175
0,3890000000 0,932201357076415
0,3893333333 0,932700171601544
0,3896666667 0,933199075781581
0,3900000000 0,933698069394567
0,3903333333 0,934197152197349
0,3906666667 0,934696323978153
0,3910000000 0,935195584513163
0,3913333333 0,935694933572499
0,3916666667 0,936194370941645
0,3920000000 0,936693896390347
0,3923333333 0,937193509699915
0,3926666667 0,937693210649058
0,3930000000 0,938192999014138
0,3933333333 0,938692874587525
0,3936666667 0,939192837144597
0,3940000000 0,939692886460406
0,3943333333 0,940193022330310
0,3946666667 0,940693244529949
0,3950000000 0,941193552839969
0,3953333333 0,941693947051810
0,3956666667 0,942194426958181
0,3960000000 0,942694992332359
0,3963333333 0,943195642963026
0,3966666667 0,943696378649939
0,3970000000 0,944197199168509
0,3973333333 0,944698104311883
0,3976666667 0,945199093865126
0,3980000000 0,945700167634682
0,3983333333 0,946201325386894
0,3986666667 0,946702566939441
0,3990000000 0,947203892061483
0,3993333333 0,947705300566337
0,3996666667 0,948206792241116
0,4000000000 0,948708366871671
0,4003333333 0,949210024262826
0,4006666667 0,949711764207650
0,4010000000 0,950213586502254
0,4013333333 0,950715490946354
0,4016666667 0,951217477328467
0,4020000000 0,951719545457730
0,4023333333 0,952221695131388
0,4026666667 0,952723926147632
0,4030000000 0,953226238297765
0,4033333333 0,953728631392965
0,4036666667 0,954231105236614
0,4040000000 0,954733659626222
0,4043333333 0,955236294370699
0,4046666667 0,955739009263165
0,4050000000 0,956241804109658
0,4053333333 0,956744678719721
0,4056666667 0,957247632901591
0,4060000000 0,957750666458686
0,4063333333 0,958253779191652
0,4066666667 0,958756970910396
0,4070000000 0,959260241422480
0,4073333333 0,959763590541194
0,4076666667 0,960267018074113
0,4080000000 0,960770523832580
0,4083333333 0,961274107617663
0,4086666667 0,961777769242895
0,4090000000 0,962281508532634
0,4093333333 0,962785325276390
0,4096666667 0,963289219310387
0,4100000000 0,963793190432292
0,4103333333 0,964297238455299
0,4106666667 0,964801363208643
0,4110000000 0,965305564489415
0,4113333333 0,965809842123644
0,4116666667 0,966314195929188
0,4120000000 0,966818625715830
0,4123333333 0,967323131305692
0,4126666667 0,967827712516462
0,4130000000 0,968332369152933
0,4133333333 0,968837101056332
0,4136666667 0,969341908027658
0,4140000000 0,969846789907002
0,4143333333 0,970351746485333
0,4146666667 0,970856777616080
0,4150000000 0,971361883101955
0,4153333333 0,971867062765298
0,4156666667 0,972372316441252
0,4160000000 0,972877643942286
0,4163333333 0,973383045091669
0,4166666667 0,973888519722328
0,4170000000 0,974394067649446
0,4173333333 0,974899688714191
0,4176666667 0,975405382723972
0,4180000000 0,975911149514958
0,4183333333 0,976416988910627
0,4186666667 0,976922900749239
0,4190000000 0,977428884847744
0,4193333333 0,977934941030588
0,4196666667 0,978441069145943
0,4200000000 0,978947269016805
0,4203333333 0,979453540458104
0,4206666667 0,979959883314642
0,4210000000 0,980466297418395
0,4213333333 0,980972782597731
0,4216666667 0,981479338686746
0,4220000000 0,981985965516316
0,4223333333 0,982492662914968
0,4226666667 0,982999430732680
0,4230000000 0,983506268789337
0,4233333333 0,984013176926477
0,4236666667 0,984520154976804
0,4240000000 0,985027202778396
0,4243333333 0,985534320162965
0,4246666667 0,986041506975845
0,4250000000 0,986548763050943
0,4253333333 0,987056088226054
0,4256666667 0,987563482343619
0,4260000000 0,988070945225221
0,4263333333 0,988578476732394
0,4266666667 0,989086076693941
0,4270000000 0,989593744960093
0,4273333333 0,990101481353049
0,4276666667 0,990609285727611
0,4280000000 0,991117157926859
0,4283333333 0,991625097787137
0,4286666667 0,992133105161054
0,4290000000 0,992641179878560
0,4293333333 0,993149321790519
0,4296666667 0,993657530744257
0,4300000000 0,994165806575634
0,4303333333 0,994674149141514
0,4306666667 0,995182558278669
0,4310000000 0,995691033832908
0,4313333333 0,996199575660075
0,4316666667 0,996708183594334
0,4320000000 0,997216857497641
0,4323333333 0,997725597205304
0,4326666667 0,998234402579088
0,4330000000 0,998743273452976
0,4333333333 0,999252209681970
0,4336666667 0,999761211122063
0,4340000000 1,000270277618178
0,4343333333 1,000779409013381
0,4346666667 1,001288605174197
0,4350000000 1,001797865950504
0,4353333333 1,002307191180740
0,4356666667 1,002816580729207
0,4360000000 1,003326034449015
0,4363333333 1,003835552184579
0,4366666667 1,004345133798224
0,4370000000 1,004854779141699
0,4373333333 1,005364488066199
0,4376666667 1,005874260435351
0,4380000000 1,006384096091316
0,4383333333 1,006893994906837
0,4386666667 1,007403956731796
0,4390000000 1,007913981411517
0,4393333333 1,008424068813129
0,4396666667 1,008934218798219
0,4400000000 1,009444431219886
0,4403333333 1,009954705936402
0,4406666667 1,010465042807784
0,4410000000 1,010975441696828
0,4413333333 1,011485902457133
0,4416666667 1,011996424946672
0,4420000000 1,012507009042611
0,4423333333 1,013017654590418
0,4426666667 1,013528361454023
0,4430000000 1,014039129494253
0,4433333333 1,014549958580264
0,4436666667 1,015060848569687
0,4440000000 1,015571799327070
0,4443333333 1,016082810714868
0,4446666667 1,016593882600077
0,4450000000 1,017105014839163
0,4453333333 1,017616207305505
0,4456666667 1,018127459860025
0,4460000000 1,018638772370735
0,4463333333 1,019150144699806
0,4466666667 1,019661576713923
0,4470000000 1,020173068285631
0,4473333333 1,020684619277785
0,4476666667 1,021196229551609
0,4480000000 1,021707898983715
0,4483333333 1,022219627441808
0,4486666667 1,022731414788192
0,4490000000 1,023243260900892
0,4493333333 1,023755165638655
0,4496666667 1,024267128882070
0,4500000000 1,024779150495336
0,4503333333 1,025291230345565
0,4506666667 1,025803368312569
0,4510000000 1,026315564258943
0,4513333333 1,026827818066378
0,4516666667 1,027340129591403
0,4520000000 1,027852498723062
0,4523333333 1,028364925322601
0,4526666667 1,028877409267790
0,4530000000 1,029389950432508
0,4533333333 1,029902548690427
0,4536666667 1,030415203913641
0,4540000000 1,030927915975838
0,4543333333 1,031440684760811
0,4546666667 1,031953510131108
0,4550000000 1,032466391967469
0,4553333333 1,032979330153100
0,4556666667 1,033492324551882
0,4560000000 1,034005375048786
0,4563333333 1,034518481520880
0,4566666667 1,035031643840116
0,4570000000 1,035544861891257
0,4573333333 1,036058135547936
0,4576666667 1,036571464686661
0,4580000000 1,037084849192309
0,4583333333 1,037598288940229
0,4586666667 1,038111783812332
0,4590000000 1,038625333682632
0,4593333333 1,039138938437682
0,4596666667 1,039652597957507
0,4600000000 1,040166312118976
0,4603333333 1,040680080804542
0,4606666667 1,041193903899697
0,4610000000 1,041707781284128
0,4613333333 1,042221712840999
0,4616666667 1,042735698447538
0,4620000000 1,043249737991662
0,4623333333 1,043763831353928
0,4626666667 1,044277978423656
0,4630000000 1,044792179078693
0,4633333333 1,045306433203826
0,4636666667 1,045820740687367
0,4640000000 1,046335101407535
0,4643333333 1,046849515256837
0,4646666667 1,047363982119629
0,4650000000 1,047878501878638
0,4653333333 1,048393074422204
0,4656666667 1,048907699633270
0,4660000000 1,049422377400160
0,4663333333 1,049937107617860
0,4666666667 1,050451890163495
0,4670000000 1,050966724929506
0,4673333333 1,051481611799944
0,4676666667 1,051996550671524
0,4680000000 1,052511541424721
0,4683333333 1,053026583951292
0,4686666667 1,053541678140856
0,4690000000 1,054056823886988
0,4693333333 1,054572021070612
0,4696666667 1,055087269591134
0,4700000000 1,055602569337398
0,4703333333 1,056117920194137
0,4706666667 1,056633322059206
0,4710000000 1,057148774819806
0,4713333333 1,057664278369247
0,4716666667 1,058179832603383
0,4720000000 1,058695437408077
0,4723333333 1,059211092677993
0,4726666667 1,059726798308654
0,4730000000 1,060242554195049
0,4733333333 1,060758360224202
0,4736666667 1,061274216295481
0,4740000000 1,061790122300583
0,4743333333 1,062306078135311
0,4746666667 1,062822083694374
0,4750000000 1,063338138867986
0,4753333333 1,063854243559790
0,4756666667 1,064370397660602
0,4760000000 1,064886601069516
0,4763333333 1,065402853678257
0,4766666667 1,065919155385615
0,4770000000 1,066435506088326
0,4773333333 1,066951905682525
0,4776666667 1,067468354069008
0,4780000000 1,067984851141512
0,4783333333 1,068501396800369
0,4786666667 1,069017990942193
0,4790000000 1,069534633466162
0,4793333333 1,070051324272881
0,4796666667 1,070568063257035
0,4800000000 1,071084850321815
0,4803333333 1,071601685364828
0,4806666667 1,072118568291689
0,4810000000 1,072635498993242
0,4813333333 1,073152477372141
0,4816666667 1,073669503334932
0,4820000000 1,074186576780307
0,4823333333 1,074703697606432
0,4826666667 1,075220865717097
0,4830000000 1,075738081014327
0,4833333333 1,076255343396611
0,4836666667 1,076772652773092
0,4840000000 1,077290009038519
0,4843333333 1,077807412107696
0,4846666667 1,078324861866201
0,4850000000 1,078842358232504
0,4853333333 1,079359901103892
0,4856666667 1,079877490384395
0,4860000000 1,080395125980306
0,4863333333 1,080912807794054
0,4866666667 1,081430535732965
0,4870000000 1,081948309698410
0,4873333333 1,082466129598027
0,4876666667 1,082983995336642
0,4880000000 1,083501906818698
0,4883333333 1,084019863952416
0,4886666667 1,084537866641752
0,4890000000 1,085055914798159
0,4893333333 1,085574008321186
0,4896666667 1,086092147123807
0,4900000000 1,086610331111039
0,4903333333 1,087128560188043
0,4906666667 1,087646834268484
0,4910000000 1,088165153253460
0,4913333333 1,088683517055538
0,4916666667 1,089201925583341
0,4920000000 1,089720378741433
0,4923333333 1,090238876444965
0,4926666667 1,090757418599576
0,4930000000 1,091276005113536
0,4933333333 1,091794635901433
0,4936666667 1,092313310866748
0,4940000000 1,092832029926373
0,4943333333 1,093350792982369
0,4946666667 1,093869599952649
0,4950000000 1,094388450749706
0,4953333333 1,094907345278628
0,4956666667 1,095426283452283
0,4960000000 1,095945265182446
0,4963333333 1,096464290382556
0,4966666667 1,096983358965636
0,4970000000 1,097502470841479
0,4973333333 1,098021625921074
0,4976666667 1,098540824121322
0,4980000000 1,099060065355369
0,4983333333 1,099579349533281
0,4986666667 1,100098676571120
0,4990000000 1,100618046377388
0,4993333333 1,101137458874513
0,4996666667 1,101656913971671
0,5000000000 1,102176411582821
0,5003333333 1,102695951624407
0,5006666667 1,103215534011078
0,5010000000 1,103735158658599
0,5013333333 1,104254825476637
0,5016666667 1,104774534388336
0,5020000000 1,105294285309395
0,5023333333 1,105814078151422
0,5026666667 1,106333912825596
0,5030000000 1,106853789263340
0,5033333333 1,107373707368569
0,5036666667 1,107893667064617
0,5040000000 1,108413668265210
0,5043333333 1,108933710887104
0,5046666667 1,109453794853312
0,5050000000 1,109973920077539
0,5053333333 1,110494086474522
0,5056666667 1,111014293968907
0,5060000000 1,111534542476041
0,5063333333 1,112054831913807
0,5066666667 1,112575162201505
0,5070000000 1,113095533261999
0,5073333333 1,113615945006593
0,5076666667 1,114136397359073
0,5080000000 1,114656890242255
0,5083333333 1,115177423572241
0,5086666667 1,115697997266570
0,5090000000 1,116218611252743
0,5093333333 1,116739265447750
0,5096666667 1,117259959773193
0,5100000000 1,117780694144521
0,5103333333 1,118301468492689
0,5106666667 1,118822282725910
0,5110000000 1,119343136780650
0,5113333333 1,119864030569128
0,5116666667 1,120384964014817
0,5120000000 1,120905937040191
0,5123333333 1,121426949567189
0,5126666667 1,121948001520963
0,5130000000 1,122469092819824
0,5133333333 1,122990223390759
0,5136666667 1,123511393157606
0,5140000000 1,124032602039658
0,5143333333 1,124553849961613
0,5146666667 1,125075136848092
0,5150000000 1,125596462625073
0,5153333333 1,126117827214236
0,5156666667 1,126639230537818
0,5160000000 1,127160672522743
0,5163333333 1,127682153095839
0,5166666667 1,128203672178860
0,5170000000 1,128725229697811
0,5173333333 1,129246825579922
0,5176666667 1,129768459751056
0,5180000000 1,130290132129560
0,5183333333 1,130811842648900
0,5186666667 1,131333591231409
0,5190000000 1,131855377807298
0,5193333333 1,132377202297746
0,5196666667 1,132899064635267
0,5200000000 1,133420964741635
0,5203333333 1,133942902546420
0,5206666667 1,134464877976070
0,5210000000 1,134986890958347
0,5213333333 1,135508941420597
0,5216666667 1,136031029287848
0,5220000000 1,136553154493553
0,5223333333 1,137075316962586
0,5226666667 1,137597516623406
0,5230000000 1,138119753404639
0,5233333333 1,138642027234974
0,5236666667 1,139164338042785
0,5240000000 1,139686685759282
0,5243333333 1,140209070310903
0,5246666667 1,140731491628641
0,5250000000 1,141253949642841
0,5253333333 1,141776444279884
0,5256666667 1,142298975471090
0,5260000000 1,142821543152682
0,5263333333 1,143344147244493
0,5266666667 1,143866787683643
0,5270000000 1,144389464400829
0,5273333333 1,144912177323662
0,5276666667 1,145434926384342
0,5280000000 1,145957711516529
0,5283333333 1,146480532648163
0,5286666667 1,147003389711707
0,5290000000 1,147526282639642
0,5293333333 1,148049211363134
0,5296666667 1,148572175812602
0,5300000000 1,149095175925772
0,5303333333 1,149618211629296
0,5306666667 1,150141282857942
0,5310000000 1,150664389545227
0,5313333333 1,151187531622134
0,5316666667 1,151710709021106
0,5320000000 1,152233921679274
0,5323333333 1,152757169526736
0,5326666667 1,153280452498057
0,5330000000 1,153803770527171
0,5333333333 1,154327123547651
0,5336666667 1,154850511492838
0,5340000000 1,155373934296089
0,5343333333 1,155897391895085
0,5346666667 1,156420884222004
0,5350000000 1,156944411212821
0,5353333333 1,157467972801496
0,5356666667 1,157991568922518
0,5360000000 1,158515199512559
0,5363333333 1,159038864504245
0,5366666667 1,159562563839087
0,5370000000 1,160086297444942
0,5373333333 1,160610065263119
0,5376666667 1,161133867227526
0,5380000000 1,161657703274303
0,5383333333 1,162181573340740
0,5386666667 1,162705477362081
0,5390000000 1,163229415275279
0,5393333333 1,163753387018023
0,5396666667 1,164277392526826
0,5400000000 1,164801431739156
0,5403333333 1,165325504590437
0,5406666667 1,165849611019138
0,5410000000 1,166373750963496
0,5413333333 1,166897924361412
0,5416666667 1,167422131149512
0,5420000000 1,167946371266760
0,5423333333 1,168470644648913
0,5426666667 1,168994951238841
0,5430000000 1,169519290970829
0,5433333333 1,170043663786870
0,5436666667 1,170568069621862
0,5440000000 1,171092508420207
0,5443333333 1,171616980113469
0,5446666667 1,172141484646448
0,5450000000 1,172666021958010
0,5453333333 1,173190591986985
0,5456666667 1,173715194672968
0,5460000000 1,174239829954003
0,5463333333 1,174764497774012
0,5466666667 1,175289198069921
0,5470000000 1,175813930780942
0,5473333333 1,176338695851648
0,5476666667 1,176863493219665
0,5480000000 1,177388322827148
0,5483333333 1,177913184615247
0,5486666667 1,178438078521362
0,5490000000 1,178963004490397
0,5493333333 1,179487962462575
0,5496666667 1,180012952377883
0,5500000000 1,180537974180945
0,5503333333 1,181063027811795
0,5506666667 1,181588113211125
0,5510000000 1,182113230320606
0,5513333333 1,182638379086741
0,5516666667 1,183163559447184
0,5520000000 1,183688771346282
0,5523333333 1,184214014724123
0,5526666667 1,184739289529898
0,5530000000 1,185264595698300
0,5533333333 1,185789933177706
0,5536666667 1,186315301907246
0,5540000000 1,186840701832865
0,5543333333 1,187366132899330
0,5546666667 1,187891595047638
0,5550000000 1,188417088223860
0,5553333333 1,188942612368718
0,5556666667 1,189468167426022
0,5560000000 1,189993753342719
0,5563333333 1,190519370059930
0,5566666667 1,191045017525739
0,5570000000 1,191570695681362
0,5573333333 1,192096404472552
0,5576666667 1,192622143842562
0,5580000000 1,193147913740082
0,5583333333 1,193673714107397
0,5586666667 1,194199544888895
0,5590000000 1,194725406030395
0,5593333333 1,195251297479191
0,5596666667 1,195777219178116
0,5600000000 1,196303171074908
0,5603333333 1,196829153113410
0,5606666667 1,197355165242300
0,5610000000 1,197881207403385
0,5613333333 1,198407279547332
0,5616666667 1,198933381616467
0,5620000000 1,199459513560236
0,5623333333 1,199985675324353
0,5626666667 1,200511866855479
0,5630000000 1,201038088100307
0,5633333333 1,201564339004465
0,5636666667 1,202090619516941
0,5640000000 1,202616929583410
0,5643333333 1,203143269153397
0,5646666667 1,203669638170476
0,5650000000 1,204196036586621
0,5653333333 1,204722464347840
0,5656666667 1,205248921398222
0,5660000000 1,205775407691500
0,5663333333 1,206301923173833
0,5666666667 1,206828467791573
0,5670000000 1,207355041494489
0,5673333333 1,207881644230832
0,5676666667 1,208408275949373
0,5680000000 1,208934936598434
0,5683333333 1,209461626125731
0,5686666667 1,209988344483041
0,5690000000 1,210515091616997
0,5693333333 1,211041867476217
0,5696666667 1,211568672011505
0,5700000000 1,212095505171828
0,5703333333 1,212622366907149
0,5706666667 1,213149257167203
0,5710000000 1,213676175901006
0,5713333333 1,214203123058597
0,5716666667 1,214730098588882
0,5720000000 1,215257102444026
0,5723333333 1,215784134570630
0,5726666667 1,216311194924796
0,5730000000 1,216838283452358
0,5733333333 1,217365400106230
0,5736666667 1,217892544835617
0,5740000000 1,218419717591019
0,5743333333 1,218946918323424
0,5746666667 1,219474146985750
0,5750000000 1,220001403528476
0,5753333333 1,220528687902265
0,5756666667 1,221056000058119
0,5760000000 1,221583339945884
0,5763333333 1,222110707522540
0,5766666667 1,222638102735140
0,5770000000 1,223165525536430
0,5773333333 1,223692975878739
0,5776666667 1,224220453714302
0,5780000000 1,224747958995115
0,5783333333 1,225275491674381
0,5786666667 1,225803051700359
0,5790000000 1,226330639032781
0,5793333333 1,226858253616386
0,5796666667 1,227385895408548
0,5800000000 1,227913564361594
0,5803333333 1,228441260427082
0,5806666667 1,228968983558807
0,5810000000 1,229496733711312
0,5813333333 1,230024510835964
0,5816666667 1,230552314885358
0,5820000000 1,231080145817477
0,5823333333 1,231608003580856
0,5826666667 1,232135888128851
0,5830000000 1,232663799418982
0,5833333333 1,233191737405218
0,5836666667 1,233719702036592
0,5840000000 1,234247693272377
0,5843333333 1,234775711064125
0,5846666667 1,235303755368205
0,5850000000 1,235831826137099
0,5853333333 1,236359923325060
0,5856666667 1,236888046888724
0,5860000000 1,237416196779988
0,5863333333 1,237944372956330
0,5866666667 1,238472575371138
0,5870000000 1,239000803980851
0,5873333333 1,239529058739195
0,5876666667 1,240057339603476
0,5880000000 1,240585646526276
0,5883333333 1,241113979464392
0,5886666667 1,241642338372754
0,5890000000 1,242170723208606
0,5893333333 1,242699133926571
0,5896666667 1,243227570483430
0,5900000000 1,243756032832067
0,5903333333 1,244284520932265
0,5906666667 1,244813034738348
0,5910000000 1,245341574207373
0,5913333333 1,245870139294595
0,5916666667 1,246398729957342
0,5920000000 1,246927346153175
0,5923333333 1,247455987835897
0,5926666667 1,247984654963371
0,5930000000 1,248513347494933
0,5933333333 1,249042065383215
0,5936666667 1,249570808589495
0,5940000000 1,250099577068027
0,5943333333 1,250628370777110
0,5946666667 1,251157189673654
0,5950000000 1,251686033716563
0,5953333333 1,252214902860499
0,5956666667 1,252743797065658
0,5960000000 1,253272716289728
0,5963333333 1,253801660488406
0,5966666667 1,254330629620582
0,5970000000 1,254859623647669
0,5973333333 1,255388642521925
0,5976666667 1,255917686203802
0,5980000000 1,256446754653846
0,5983333333 1,256975847827084
0,5986666667 1,257504965684676
0,5990000000 1,258034108183098
0,5993333333 1,258563275282691
0,5996666667 1,259092466941683
0,6000000000 1,259621683116810
0,6003333333 1,260150923771947
0,6006666667 1,260680188860734
0,6010000000 1,261209478346069
0,6013333333 1,261738792185773
0,6016666667 1,262268130337425
0,6020000000 1,262797492764001
0,6023333333 1,263326879421953
0,6026666667 1,263856290272108
0,6030000000 1,264385725275264
0,6033333333 1,264915184388484
0,6036666667 1,265444667572769
0,6040000000 1,265974174790502
0,6043333333 1,266503705996332
0,6046666667 1,267033261156125
0,6050000000 1,267562840225979
0,6053333333 1,268092443168704
0,6056666667 1,268622069943818
0,6060000000 1,269151720512698
0,6063333333 1,269681394833297
0,6066666667 1,270211092868427
0,6070000000 1,270740814578756
0,6073333333 1,271270559923865
0,6076666667 1,271800328865706
0,6080000000 1,272330121365019
0,6083333333 1,272859937382619
0,6086666667 1,273389776879750
0,6090000000 1,273919639818594
0,6093333333 1,274449526158382
0,6096666667 1,274979435863240
0,6100000000 1,275509368892452
0,6103333333 1,276039325208132
0,6106666667 1,276569304771920
0,6110000000 1,277099307546459
0,6113333333 1,277629333492898
0,6116666667 1,278159382574546
0,6120000000 1,278689454751677
0,6123333333 1,279219549984800
0,6126666667 1,279749668241001
0,6130000000 1,280279809478952
0,6133333333 1,280809973660517
0,6136666667 1,281340160749813
0,6140000000 1,281870370708963
0,6143333333 1,282400603501156
0,6146666667 1,282930859087860
0,6150000000 1,283461137432671
0,6153333333 1,283991438497246
0,6156666667 1,284521762246722
0,6160000000 1,285052108641035
0,6163333333 1,285582477646839
0,6166666667 1,286112869224140
0,6170000000 1,286643283337556
0,6173333333 1,287173719951215
0,6176666667 1,287704179027243
0,6180000000 1,288234660528890
0,6183333333 1,288765164421475
0,6186666667 1,289295690666552
0,6190000000 1,289826239229041
0,6193333333 1,290356810072900
0,6196666667 1,290887403161152
0,6200000000 1,291418018458344
0,6203333333 1,291948655928074
0,6206666667 1,292479315534980
0,6210000000 1,293009997243679
0,6213333333 1,293540701017055
0,6216666667 1,294071426819267
0,6220000000 1,294602174617783
0,6223333333 1,295132944374061
0,6226666667 1,295663736052349
0,6230000000 1,296194549619690
0,6233333333 1,296725385040267
0,6236666667 1,297256242276982
0,6240000000 1,297787121296465
0,6243333333 1,298318022064466
0,6246666667 1,298848944543334
0,6250000000 1,299379888699377
0,6253333333 1,299910854498558
0,6256666667 1,300441841905953
0,6260000000 1,300972850887016
0,6263333333 1,301503881405645
0,6266666667 1,302034933428222
0,6270000000 1,302566006921152
0,6273333333 1,303097101849057
0,6276666667 1,303628218177499
0,6280000000 1,304159355873534
0,6283333333 1,304690514901761
0,6286666667 1,305221695229061
0,6290000000 1,305752896820487
0,6293333333 1,306284119642882
0,6296666667 1,306815363661200
0,6300000000 1,307346628842985
0,6303333333 1,307877915154720
0,6306666667 1,308409222561639
0,6310000000 1,308940551030057
0,6313333333 1,309471900527267
0,6316666667 1,310003271020741
0,6320000000 1,310534662473752
0,6323333333 1,311066074856532
0,6326666667 1,311597508135019
0,6330000000 1,312128962276149
0,6333333333 1,312660437245139
0,6336666667 1,313191933010782
0,6340000000 1,313723449539513
0,6343333333 1,314254986798295
0,6346666667 1,314786544754490
0,6350000000 1,315318123376440
0,6353333333 1,315849722630271
0,6356666667 1,316381342482886
0,6360000000 1,316912982903301
0,6363333333 1,317444643857880
0,6366666667 1,317976325315517
0,6370000000 1,318508027242749
0,6373333333 1,319039749607217
0,6376666667 1,319571492377647
0,6380000000 1,320103255521297
0,6383333333 1,320635039007550
0,6386666667 1,321166842801566
0,6390000000 1,321698666874844
0,6393333333 1,322230511192143
0,6396666667 1,322762375724207
0,6400000000 1,323294260438604
0,6403333333 1,323826165303865
0,6406666667 1,324358090287947
0,6410000000 1,324890035359797
0,6413333333 1,325422000487492
0,6416666667 1,325953985640622
0,6420000000 1,326485990786871
0,6423333333 1,327018015895352
0,6426666667 1,327550060935364
0,6430000000 1,328082125874646
0,6433333333 1,328614210683744
0,6436666667 1,329146315330644
0,6440000000 1,329678439784885
0,6443333333 1,330210584014748
0,6446666667 1,330742747990123
0,6450000000 1,331274931680726
0,6453333333 1,331807135055814
0,6456666667 1,332339358083565
0,6460000000 1,332871600735190
0,6463333333 1,333403862978784
0,6466666667 1,333936144786015
0,6470000000 1,334468446124178
0,6473333333 1,335000766963457
0,6476666667 1,335533107274363
0,6480000000 1,336065467026445
0,6483333333 1,336597846190883
0,6486666667 1,337130244735494
0,6490000000 1,337662662631450
0,6493333333 1,338195099848915
0,6496666667 1,338727556358109
0,6500000000 1,339260032128457
0,6503333333 1,339792527132000
0,6506666667 1,340325041336833
0,6510000000 1,340857574716341
0,6513333333 1,341390127237171
0,6516666667 1,341922698873230
0,6520000000 1,342455289593460
0,6523333333 1,342987899368079
0,6526666667 1,343520528168987
0,6530000000 1,344053175967240
0,6533333333 1,344585842732082
0,6536666667 1,345118528436326
0,6540000000 1,345651233049789
0,6543333333 1,346183956543524
0,6546666667 1,346716698888375
0,6550000000 1,347249460056597
0,6553333333 1,347782240018269
0,6556666667 1,348315038745185
0,6560000000 1,348847856208344
0,6563333333 1,349380692379569
0,6566666667 1,349913547230758
0,6570000000 1,350446420731959
0,6573333333 1,350979312855555
0,6576666667 1,351512223572810
0,6580000000 1,352045152856729
0,6583333333 1,352578100678134
0,6586666667 1,353111067007752
0,6590000000 1,353644051819892
0,6593333333 1,354177055083260
0,6596666667 1,354710076772197
0,6600000000 1,355243116858351
0,6603333333 1,355776175313569
0,6606666667 1,356309252110242
0,6610000000 1,356842347219537
0,6613333333 1,357375460615098
0,6616666667 1,357908592268224
0,6620000000 1,358441742152390
0,6623333333 1,358974910238941
0,6626666667 1,359508096500857
0,6630000000 1,360041300909547
0,6633333333 1,360574523439287
0,6636666667 1,361107764062575
0,6640000000 1,361641022750515
0,6643333333 1,362174299477819
0,6646666667 1,362707594215686
0,6650000000 1,363240906938013
0,6653333333 1,363774237617836
0,6656666667 1,364307586227079
0,6660000000 1,364840952739853
0,6663333333 1,365374337128366
0,6666666667 1,365907739366573
0,6670000000 1,366441159427370
0,6673333333 1,366974597283153
0,6676666667 1,367508052909336
0,6680000000 1,368041526276981
0,6683333333 1,368575017360410
0,6686666667 1,369108526133315
0,6690000000 1,369642052569437
0,6693333333 1,370175596641531
0,6696666667 1,370709158324659
0,6700000000 1,371242737590577
0,6703333333 1,371776334413324
0,6706666667 1,372309948768587
0,6710000000 1,372843580628441
0,6713333333 1,373377229967200
0,6716666667 1,373910896759491
0,6720000000 1,374444580978035
0,6723333333 1,374978282597735
0,6726666667 1,375512001593467
0,6730000000 1,376045737937485
0,6733333333 1,376579491604380
0,6736666667 1,377113262569954
0,6740000000 1,377647050807322
0,6743333333 1,378180856291303
0,6746666667 1,378714678995620
0,6750000000 1,379248518895392
0,6753333333 1,379782375965084
0,6756666667 1,380316250179385
0,6760000000 1,380850141511783
0,6763333333 1,381384049938959
0,6766666667 1,381917975433436
0,6770000000 1,382451917972085
0,6773333333 1,382985877528220
0,6776666667 1,383519854077121
0,6780000000 1,384053847593494
0,6783333333 1,384587858052978
0,6786666667 1,385121885430022
0,6790000000 1,385655929700322
0,6793333333 1,386189990837920
0,6796666667 1,386724068818585
0,6800000000 1,387258163617934
0,6803333333 1,387792275211321
0,6806666667 1,388326403572594
0,6810000000 1,388860548678933
0,6813333333 1,389394710504792
0,6816666667 1,389928889025467
0,6820000000 1,390463084217126
0,6823333333 1,390997296054627
0,6826666667 1,391531524514843
0,6830000000 1,392065769571870
0,6833333333 1,392600031202922
0,6836666667 1,393134309382164
0,6840000000 1,393668604086157
0,6843333333 1,394202915291012
0,6846666667 1,394737242972537
0,6850000000 1,395271587106169
0,6853333333 1,395805947668914
0,6856666667 1,396340324635325
0,6860000000 1,396874717982908
0,6863333333 1,397409127686643
0,6866666667 1,397943553723914
0,6870000000 1,398477996070304
0,6873333333 1,399012454701806
0,6876666667 1,399546929595332
0,6880000000 1,400081420726360
0,6883333333 1,400615928072940
0,6886666667 1,401150451610073
0,6890000000 1,401684991314131
0,6893333333 1,402219547162266
0,6896666667 1,402754119131735
0,6900000000 1,403288707198859
0,6903333333 1,403823311338636
0,6906666667 1,404357931530865
0,6910000000 1,404892567749444
0,6913333333 1,405427219972812
0,6916666667 1,405961888176720
0,6920000000 1,406496572339577
0,6923333333 1,407031272437232
0,6926666667 1,407565988447516
0,6930000000 1,408100720346304
0,6933333333 1,408635468111615
0,6936666667 1,409170231720259
0,6940000000 1,409705011149675
0,6943333333 1,410239806377209
0,6946666667 1,410774617379337
0,6950000000 1,411309444134632
0,6953333333 1,411844286619251
0,6956666667 1,412379144810613
0,6960000000 1,412914018687859
0,6963333333 1,413448908226705
0,6966666667 1,413983813405991
0,6970000000 1,414518734201472
0,6973333333 1,415053670591644
0,6976666667 1,415588622555479
0,6980000000 1,416123590069341
0,6983333333 1,416658573111616
0,6986666667 1,417193571659461
0,6990000000 1,417728585690998
0,6993333333 1,418263615184600
0,6996666667 1,418798660117322
0,7000000000 1,419333720467897
0,7003333333 1,419868796213053
0,7006666667 1,420403887332833
0,7010000000 1,420938993804714
0,7013333333 1,421474115605810
0,7016666667 1,422009252714846
0,7020000000 1,422544405111214
0,7023333333 1,423079572770970
0,7026666667 1,423614755673851
0,7030000000 1,424149953797538
0,7033333333 1,424685167122088
0,7036666667 1,425220395624296
0,7040000000 1,425755639282260
0,7043333333 1,426290898075662
0,7046666667 1,426826171983405
0,7050000000 1,427361460982876
0,7053333333 1,427896765052794
0,7056666667 1,428432084172850
0,7060000000 1,428967418321570
0,7063333333 1,429502767476685
0,7066666667 1,430038131617200
0,7070000000 1,430573510723820
0,7073333333 1,431108904772767
0,7076666667 1,431644313744818
0,7080000000 1,432179737618242
0,7083333333 1,432715176372469
0,7086666667 1,433250629986184
0,7090000000 1,433786098438195
0,7093333333 1,434321581708330
0,7096666667 1,434857079774986
0,7100000000 1,435392592618182
0,7103333333 1,435928120216722
0,7106666667 1,436463662549784
0,7110000000 1,436999219596772
0,7113333333 1,437534791337662
0,7116666667 1,438070377751515
0,7120000000 1,438605978817061
0,7123333333 1,439141594514336
0,7126666667 1,439677224823120
0,7130000000 1,440212869722495
0,7133333333 1,440748529192715
0,7136666667 1,441284203212586
0,7140000000 1,441819891762302
0,7143333333 1,442355594821418
0,7146666667 1,442891312369742
0,7150000000 1,443427044386979
0,7153333333 1,443962790854187
0,7156666667 1,444498551749164
0,7160000000 1,445034327052977
0,7163333333 1,445570116744984
0,7166666667 1,446105920806128
0,7170000000 1,446641739215634
0,7173333333 1,447177571953475
0,7176666667 1,447713419000409
0,7180000000 1,448249280336189
0,7183333333 1,448785155941093
0,7186666667 1,449321045795228
0,7190000000 1,449856949879241
0,7193333333 1,450392868172401
0,7196666667 1,450928800655951
0,7200000000 1,451464747310211
0,7203333333 1,452000708115495
0,7206666667 1,452536683051887
0,7210000000 1,453072672099709
0,7213333333 1,453608675240512
0,7216666667 1,454144692453706
0,7220000000 1,454680723719980
0,7223333333 1,455216769020884
0,7226666667 1,455752828336639
0,7230000000 1,456288901647166
0,7233333333 1,456824988934392
0,7236666667 1,457361090178355
0,7240000000 1,457897205360220
0,7243333333 1,458433334459921
0,7246666667 1,458969477459834
0,7250000000 1,459505634339290
0,7253333333 1,460041805080423
0,7256666667 1,460577989663237
0,7260000000 1,461114188069791
0,7263333333 1,461650400281060
0,7266666667 1,462186626277048
0,7270000000 1,462722866039599
0,7273333333 1,463259119549851
0,7276666667 1,463795386788618
0,7280000000 1,464331667737558
0,7283333333 1,464867962377925
0,7286666667 1,465404270690991
0,7290000000 1,465940592657985
0,7293333333 1,466476928260358
0,7296666667 1,467013277478721
0,7300000000 1,467549640296250
0,7303333333 1,468086016692282
0,7306666667 1,468622406650084
0,7310000000 1,469158810150586
0,7313333333 1,469695227174831
0,7316666667 1,470231657705050
0,7320000000 1,470768101723162
0,7323333333 1,471304559209738
0,7326666667 1,471841030147407
0,7330000000 1,472377514517917
0,7333333333 1,472914012302550
0,7336666667 1,473450523483087
0,7340000000 1,473987048041759
0,7343333333 1,474523585960039
0,7346666667 1,475060137220698
0,7350000000 1,475596701804669
0,7353333333 1,476133279694737
0,7356666667 1,476669870871634
0,7360000000 1,477206475318976
0,7363333333 1,477743093018128
0,7366666667 1,478279723951051
0,7370000000 1,478816368099831
0,7373333333 1,479353025447134
0,7376666667 1,479889695974796
0,7380000000 1,480426379665257
0,7383333333 1,480963076500628
0,7386666667 1,481499786463104
0,7390000000 1,482036509534704
0,7393333333 1,482573245699252
0,7396666667 1,483109994937429
0,7400000000 1,483646757233006
0,7403333333 1,484183532567355
0,7406666667 1,484720320923556
0,7410000000 1,485257122284572
0,7413333333 1,485793936631966
0,7416666667 1,486330763948436
0,7420000000 1,486867604217713
0,7423333333 1,487404457421700
0,7426666667 1,487941323542678
0,7430000000 1,488478202564011
0,7433333333 1,489015094468288
0,7436666667 1,489551999238214
0,7440000000 1,490088916856530
0,7443333333 1,490625847306101
0,7446666667 1,491162790570076
0,7450000000 1,491699746631670
0,7453333333 1,492236715472282
0,7456666667 1,492773697076420
0,7460000000 1,493310691426860
0,7463333333 1,493847698506347
0,7466666667 1,494384718297950
0,7470000000 1,494921750784602
0,7473333333 1,495458795949529
0,7476666667 1,495995853776343
0,7480000000 1,496532924247438
0,7483333333 1,497070007346739
0,7486666667 1,497607103057393
0,7490000000 1,498144211362118
0,7493333333 1,498681332244672
0,7496666667 1,499218465688426
0,7500000000 1,499755611676588
0,7503333333 1,500292770192956
0,7506666667 1,500829941220139
0,7510000000 1,501367124742331
0,7513333333 1,501904320742628
0,7516666667 1,502441529204890
0,7520000000 1,502978750112159
0,7523333333 1,503515983448486
0,7526666667 1,504053229197708
0,7530000000 1,504590487342347
0,7533333333 1,505127757867108
0,7536666667 1,505665040755561
0,7540000000 1,506202335991100
0,7543333333 1,506739643557602
0,7546666667 1,507276963438764
0,7550000000 1,507814295618708
0,7553333333 1,508351640080953
0,7556666667 1,508888996809333
0,7560000000 1,509426365788062
0,7563333333 1,509963747000973
0,7566666667 1,510501140432111
0,7570000000 1,511038546065181
0,7573333333 1,511575963884001
0,7576666667 1,512113393873328
0,7580000000 1,512650836016473
0,7583333333 1,513188290298450
0,7586666667 1,513725756702615
0,7590000000 1,514263235213282
0,7593333333 1,514800725815076
0,7596666667 1,515338228491351
0,7600000000 1,515875743226777
0,7603333333 1,516413270006551
0,7606666667 1,516950808813399
0,7610000000 1,517488359632297
0,7613333333 1,518025922448182
0,7616666667 1,518563497244642
0,7620000000 1,519101084006127
0,7623333333 1,519638682717966
0,7626666667 1,520176293363605
0,7630000000 1,520713915927888
0,7633333333 1,521251550395554
0,7636666667 1,521789196750740
0,7640000000 1,522326854978314
0,7643333333 1,522864525062971
0,7646666667 1,523402206989009
0,7650000000 1,523939900741680
0,7653333333 1,524477606304728
0,7656666667 1,525015323663512
0,7660000000 1,525553052802906
0,7663333333 1,526090793706734
0,7666666667 1,526628546361383
0,7670000000 1,527166310750177
0,7673333333 1,527704086859220
0,7676666667 1,528241874671985
0,7680000000 1,528779674174444
0,7683333333 1,529317485351138
0,7686666667 1,529855308187210
0,7690000000 1,530393142667159
0,7693333333 1,530930988776498
0,7696666667 1,531468846500290
0,7700000000 1,532006715823226
0,7703333333 1,532544596730595
0,7706666667 1,533082489207938
0,7710000000 1,533620393239359
0,7713333333 1,534158308810744
0,7716666667 1,534696235907514
0,7720000000 1,535234174514033
0,7723333333 1,535772124616310
0,7726666667 1,536310086199237
0,7730000000 1,536848059248204
0,7733333333 1,537386043748496
0,7736666667 1,537924039685800
0,7740000000 1,538462047045037
0,7743333333 1,539000065811855
0,7746666667 1,539538095971452
0,7750000000 1,540076137509461
0,7753333333 1,540614190411610
0,7756666667 1,541152254662551
0,7760000000 1,541690330248585
0,7763333333 1,542228417155219
0,7766666667 1,542766515367676
0,7770000000 1,543304624871616
0,7773333333 1,543842745652961
0,7776666667 1,544380877697148
0,7780000000 1,544919020990235
0,7783333333 1,545457175517011
0,7786666667 1,545995341264272
0,7790000000 1,546533518216849
0,7793333333 1,547071706361007
0,7796666667 1,547609905682930
0,7800000000 1,548148116167647
0,7803333333 1,548686337801379
0,7806666667 1,549224570569703
0,7810000000 1,549762814459275
0,7813333333 1,550301069455548
0,7816666667 1,550839335544211
0,7820000000 1,551377612711579
0,7823333333 1,551915900943554
0,7826666667 1,552454200226075
0,7830000000 1,552992510545356
0,7833333333 1,553530831887485
0,7836666667 1,554069164238298
0,7840000000 1,554607507584301
0,7843333333 1,555145861911420
0,7846666667 1,555684227205719
0,7850000000 1,556222603453587
0,7853333333 1,556760990640890
0,7856666667 1,557299388754542
0,7860000000 1,557837797779912
0,7863333333 1,558376217704021
0,7866666667 1,558914648512755
0,7870000000 1,559453090192662
0,7873333333 1,559991542730259
0,7876666667 1,560530006111485
0,7880000000 1,561068480323118
0,7883333333 1,561606965351470
0,7886666667 1,562145461182832
0,7890000000 1,562683967804143
0,7893333333 1,563222485200935
0,7896666667 1,563761013360923
0,7900000000 1,564299552269688
0,7903333333 1,564838101914650
0,7906666667 1,565376662281389
0,7910000000 1,565915233357697
0,7913333333 1,566453815129193
0,7916666667 1,566992407583123
0,7920000000 1,567531010705908
0,7923333333 1,568069624484173
0,7926666667 1,568608248904840
0,7930000000 1,569146883954799
0,7933333333 1,569685529620412
0,7936666667 1,570224185889017
0,7940000000 1,570762852746818
0,7943333333 1,571301530181015
0,7946666667 1,571840218178670
0,7950000000 1,572378916726240
0,7953333333 1,572917625810674
0,7956666667 1,573456345419331
0,7960000000 1,573995075538689
0,7963333333 1,574533816155854
0,7966666667 1,575072567258063
0,7970000000 1,575611328832032
0,7973333333 1,576150100864849
0,7976666667 1,576688883343846
0,7980000000 1,577227676255791
0,7983333333 1,577766479587817
0,7986666667 1,578305293327307
0,7990000000 1,578844117461144
0,7993333333 1,579382951976626
0,7996666667 1,579921796861025
0,8000000000 1,580460652101374
0,8003333333 1,580999517685140
0,8006666667 1,581538393599323
0,8010000000 1,582077279831458
0,8013333333 1,582616176368681
0,8016666667 1,583155083198249
0,8020000000 1,583694000307620
0,8023333333 1,584232927684257
0,8026666667 1,584771865315622
0,8030000000 1,585310813188605
0,8033333333 1,585849771291225
0,8036666667 1,586388739610349
0,8040000000 1,586927718134149
0,8043333333 1,587466706850020
0,8046666667 1,588005705744916
0,8050000000 1,588544714806708
0,8053333333 1,589083734022935
0,8056666667 1,589622763381163
0,8060000000 1,590161802868993
0,8063333333 1,590700852474280
0,8066666667 1,591239912184162
0,8070000000 1,591778981986830
0,8073333333 1,592318061869498
0,8076666667 1,592857151820364
0,8080000000 1,593396251826817
0,8083333333 1,593935361876706
0,8086666667 1,594474481957671
0,8090000000 1,595013612057524
0,8093333333 1,595552752164433
0,8096666667 1,596091902265852
0,8100000000 1,596631062349711
0,8103333333 1,597170232403949
0,8106666667 1,597709412416158
0,8110000000 1,598248602374770
0,8113333333 1,598787802267229
0,8116666667 1,599327012081775
0,8120000000 1,599866231806373
0,8123333333 1,600405461428786
0,8126666667 1,600944700937286
0,8130000000 1,601483950319960
0,8133333333 1,602023209564592
0,8136666667 1,602562478659277
0,8140000000 1,603101757592146
0,8143333333 1,603641046351368
0,8146666667 1,604180344925073
0,8150000000 1,604719653301315
0,8153333333 1,605258971468518
0,8156666667 1,605798299414571
0,8160000000 1,606337637127921
0,8163333333 1,606876984596517
0,8166666667 1,607416341809010
0,8170000000 1,607955708753256
0,8173333333 1,608495085417740
0,8176666667 1,609034471790818
0,8180000000 1,609573867860712
0,8183333333 1,610113273615813
0,8186666667 1,610652689044555
0,8190000000 1,611192114135072
0,8193333333 1,611731548875972
0,8196666667 1,612270993255881
0,8200000000 1,612810447262722
0,8203333333 1,613349910885374
0,8206666667 1,613889384112276
0,8210000000 1,614428866931516
0,8213333333 1,614968359332484
0,8216666667 1,615507861302792
0,8220000000 1,616047372831421
0,8223333333 1,616586893906920
0,8226666667 1,617126424517894
0,8230000000 1,617665964652880
0,8233333333 1,618205514300629
0,8236666667 1,618745073449682
0,8240000000 1,619284642088766
0,8243333333 1,619824220206600
0,8246666667 1,620363807791883
0,8250000000 1,620903404833116
0,8253333333 1,621443011319243
0,8256666667 1,621982627239081
0,8260000000 1,622522252581432
0,8263333333 1,623061887334986
0,8266666667 1,623601531488567
0,8270000000 1,624141185030957
0,8273333333 1,624680847951140
0,8276666667 1,625220520238067
0,8280000000 1,625760201880107
0,8283333333 1,626299892866937
0,8286666667 1,626839593187026
0,8290000000 1,627379302829240
0,8293333333 1,627919021782886
0,8296666667 1,628458750036636
0,8300000000 1,628998487579663
0,8303333333 1,629538234401035
0,8306666667 1,630077990489531
0,8310000000 1,630617755834516
0,8313333333 1,631157530424711
0,8316666667 1,631697314249670
0,8320000000 1,632237107298177
0,8323333333 1,632776909559438
0,8326666667 1,633316721022582
0,8330000000 1,633856541676638
0,8333333333 1,634396371510836
0,8336666667 1,634936210514753
0,8340000000 1,635476058677334
0,8343333333 1,636015915987477
0,8346666667 1,636555782434935
0,8350000000 1,637095658008746
0,8353333333 1,637635542698017
0,8356666667 1,638175436492527
0,8360000000 1,638715339381129
0,8363333333 1,639255251353448
0,8366666667 1,639795172399052
0,8370000000 1,640335102506585
0,8373333333 1,640875041666174
0,8376666667 1,641414989866542
0,8380000000 1,641954947097638
0,8383333333 1,642494913348867
0,8386666667 1,643034888609458
0,8390000000 1,643574872868991
0,8393333333 1,644114866116918
0,8396666667 1,644654868342782
0,8400000000 1,645194879536278
0,8403333333 1,645734899686657
0,8406666667 1,646274928783656
0,8410000000 1,646814966816787
0,8413333333 1,647355013775648
0,8416666667 1,647895069649730
0,8420000000 1,648435134428802
0,8423333333 1,648975208102718
0,8426666667 1,649515290660659
0,8430000000 1,650055382092858
0,8433333333 1,650595482388455
0,8436666667 1,651135591537473
0,8440000000 1,651675709529518
0,8443333333 1,652215836354405
0,8446666667 1,652755972001968
0,8450000000 1,653296116461894
0,8453333333 1,653836269724109
0,8456666667 1,654376431778125
0,8460000000 1,654916602613706
0,8463333333 1,655456782221193
0,8466666667 1,655996970590156
0,8470000000 1,656537167710352
0,8473333333 1,657077373572030
0,8476666667 1,657617588164818
0,8480000000 1,658157811478359
0,8483333333 1,658698043503223
0,8486666667 1,659238284228982
0,8490000000 1,659778533645957
0,8493333333 1,660318791743580
0,8496666667 1,660859058512279
0,8500000000 1,661399333941803
0,8503333333 1,661939618022417
0,8506666667 1,662479910744018
0,8510000000 1,663020212096822
0,8513333333 1,663560522070869
0,8516666667 1,664100840656079
0,8520000000 1,664641167842902
0,8523333333 1,665181503621143
0,8526666667 1,665721847980996
0,8530000000 1,666262200912786
0,8533333333 1,666802562406494
0,8536666667 1,667342932452690
0,8540000000 1,667883311041161
0,8543333333 1,668423698162284
0,8546666667 1,668964093806266
0,8550000000 1,669504497963389
0,8553333333 1,670044910624224
0,8556666667 1,670585331778432
0,8560000000 1,671125761416900
0,8563333333 1,671666199529434
0,8566666667 1,672206646106742
0,8570000000 1,672747101139142
0,8573333333 1,673287564616943
0,8576666667 1,673828036530372
0,8580000000 1,674368516870092
0,8583333333 1,674909005626327
0,8586666667 1,675449502789574
0,8590000000 1,675990008350144
0,8593333333 1,676530522298612
0,8596666667 1,677071044625483
0,8600000000 1,677611575321222
0,8603333333 1,678152114376260
0,8606666667 1,678692661781111
0,8610000000 1,679233217526330
0,8613333333 1,679773781602660
0,8616666667 1,680314354000133
0,8620000000 1,680854934709999
0,8623333333 1,681395523722522
0,8626666667 1,681936121028025
0,8630000000 1,682476726617538
0,8633333333 1,683017340481577
0,8636666667 1,683557962610744
0,8640000000 1,684098592995761
0,8643333333 1,684639231627273
0,8646666667 1,685179878496039
0,8650000000 1,685720533592552
0,8653333333 1,686261196907969
0,8656666667 1,686801868432401
0,8660000000 1,687342548157100
0,8663333333 1,687883236072786
0,8666666667 1,688423932169909
0,8670000000 1,688964636439765
0,8673333333 1,689505348872744
0,8676666667 1,690046069459603
0,8680000000 1,690586798191717
0,8683333333 1,691127535059397
0,8686666667 1,691668280053779
0,8690000000 1,692209033165745
0,8693333333 1,692749794386164
0,8696666667 1,693290563705798
0,8700000000 1,693831341115763
0,8703333333 1,694372126606814
0,8706666667 1,694912920170038
0,8710000000 1,695453721796428
0,8713333333 1,695994531477031
0,8716666667 1,696535349202554
0,8720000000 1,697076174964290
0,8723333333 1,697617008752954
0,8726666667 1,698157850559914
0,8730000000 1,698698700376064
0,8733333333 1,699239558192417
0,8736666667 1,699780424000124
0,8740000000 1,700321297790417
0,8743333333 1,700862179554126
0,8746666667 1,701403069282643
0,8750000000 1,701943966966796
0,8753333333 1,702484872598003
0,8756666667 1,703025786167196
0,8760000000 1,703566707665865
0,8763333333 1,704107637084885
0,8766666667 1,704648574415624
0,8770000000 1,705189519649152
0,8773333333 1,705730472776875
0,8776666667 1,706271433789980
0,8780000000 1,706812402679669
0,8783333333 1,707353379437320
0,8786666667 1,707894364054249
0,8790000000 1,708435356521488
0,8793333333 1,708976356830573
0,8796666667 1,709517364972666
0,8800000000 1,710058380939330
0,8803333333 1,710599404721717
0,8806666667 1,711140436311299
0,8810000000 1,711681475699490
0,8813333333 1,712222522877565
0,8816666667 1,712763577836947
0,8820000000 1,713304640569055
0,8823333333 1,713845711065503
0,8826666667 1,714386789317439
0,8830000000 1,714927875316581
0,8833333333 1,715468969054194
0,8836666667 1,716010070521843
0,8840000000 1,716551179711203
0,8843333333 1,717092296613406
0,8846666667 1,717633421220253
0,8850000000 1,718174553523268
0,8853333333 1,718715693513908
0,8856666667 1,719256841183642
0,8860000000 1,719797996524368
0,8863333333 1,720339159527371
0,8866666667 1,720880330184430
0,8870000000 1,721421508487111
0,8873333333 1,721962694426873
0,8876666667 1,722503887995655
0,8880000000 1,723045089184823
0,8883333333 1,723586297986277
0,8886666667 1,724127514391481
0,8890000000 1,724668738392402
0,8893333333 1,725209969980474
0,8896666667 1,725751209147540
0,8900000000 1,726292455885303
0,8903333333 1,726833710185469
0,8906666667 1,727374972039876
0,8910000000 1,727916241440163
0,8913333333 1,728457518378257
0,8916666667 1,728998802845936
0,8920000000 1,729540094834876
0,8923333333 1,730081394337011
0,8926666667 1,730622701344089
0,8930000000 1,731164015848027
0,8933333333 1,731705337840657
0,8936666667 1,732246667313691
0,8940000000 1,732788004259348
0,8943333333 1,733329348669245
0,8946666667 1,733870700535335
0,8950000000 1,734412059849491
0,8953333333 1,734953426603832
0,8956666667 1,735494800790146
0,8960000000 1,736036182400444
0,8963333333 1,736577571426546
0,8966666667 1,737118967860624
0,8970000000 1,737660371694563
0,8973333333 1,738201782920420
0,8976666667 1,738743201530160
0,8980000000 1,739284627515821
0,8983333333 1,739826060869489
0,8986666667 1,740367501583124
0,8990000000 1,740908949648799
0,8993333333 1,741450405058770
0,8996666667 1,741991867804865
0,9000000000 1,742533337879244
0,9003333333 1,743074815274128
0,9006666667 1,743616299981613
0,9010000000 1,744157791993784
0,9013333333 1,744699291302769
0,9016666667 1,745240797900782
0,9020000000 1,745782311779948
0,9023333333 1,746323832932442
0,9026666667 1,746865361350559
0,9030000000 1,747406897026344
0,9033333333 1,747948439952001
0,9036666667 1,748489990120081
0,9040000000 1,749031547522387
0,9043333333 1,749573112151417
0,9046666667 1,750114683999498
0,9050000000 1,750656263058714
0,9053333333 1,751197849321487
0,9056666667 1,751739442780055
0,9060000000 1,752281043426712
0,9063333333 1,752822651253853
0,9066666667 1,753364266253621
0,9070000000 1,753905888418629
0,9073333333 1,754447517741045
0,9076666667 1,754989154213354
0,9080000000 1,755530797827862
0,9083333333 1,756072448576957
0,9086666667 1,756614106452982
0,9090000000 1,757155771448559
0,9093333333 1,757697443555956
0,9096666667 1,758239122767612
0,9100000000 1,758780809075923
0,9103333333 1,759322502473343
0,9106666667 1,759864202952601
0,9110000000 1,760405910505927
0,9113333333 1,760947625125829
0,9116666667 1,761489346804878
0,9120000000 1,762031075535556
0,9123333333 1,762572811310476
0,9126666667 1,763114554122001
0,9130000000 1,763656303962762
0,9133333333 1,764198060825439
0,9136666667 1,764739824702396
0,9140000000 1,765281595586326
0,9143333333 1,765823373469845
0,9146666667 1,766365158345455
0,9150000000 1,766906950205842
0,9153333333 1,767448749043624
0,9156666667 1,767990554851354
0,9160000000 1,768532367621831
0,9163333333 1,769074187347677
0,9166666667 1,769616014021421
0,9170000000 1,770157847635969
0,9173333333 1,770699688183838
0,9176666667 1,771241535657758
0,9180000000 1,771783390050435
0,9183333333 1,772325251354619
0,9186666667 1,772867119563131
0,9190000000 1,773408994668472
0,9193333333 1,773950876663677
0,9196666667 1,774492765541348
0,9200000000 1,775034661294336
0,9203333333 1,775576563915305
0,9206666667 1,776118473397087
0,9210000000 1,776660389732659
0,9213333333 1,777202312914738
0,9216666667 1,777744242936071
0,9220000000 1,778286179789546
0,9223333333 1,778828123468113
0,9226666667 1,779370073964493
0,9230000000 1,779912031271634
0,9233333333 1,780453995382420
0,9236666667 1,780995966289684
0,9240000000 1,781537943986462
0,9243333333 1,782079928465492
0,9246666667 1,782621919719765
0,9250000000 1,783163917742316
0,9253333333 1,783705922526012
0,9256666667 1,784247934063728
0,9260000000 1,784789952348555
0,9263333333 1,785331977373444
0,9266666667 1,785874009131281
0,9270000000 1,786416047615212
0,9273333333 1,786958092818159
0,9276666667 1,787500144733129
0,9280000000 1,788042203353203
0,9283333333 1,788584268671322
0,9286666667 1,789126340680727
0,9290000000 1,789668419374231
0,9293333333 1,790210504745105
0,9296666667 1,790752596786299
0,9300000000 1,791294695490913
0,9303333333 1,791836800852186
0,9306666667 1,792378912863049
0,9310000000 1,792921031516737
0,9313333333 1,793463156806259
0,9316666667 1,794005288724886
0,9320000000 1,794547427265729
0,9323333333 1,795089572421868
0,9326666667 1,795631724186573
0,9330000000 1,796173882552986
0,9333333333 1,796716047514298
0,9336666667 1,797258219063683
0,9340000000 1,797800397194449
0,9343333333 1,798342581899626
0,9346666667 1,798884773172578
0,9350000000 1,799426971006524
0,9353333333 1,799969175394699
0,9356666667 1,800511386330368
0,9360000000 1,801053603806890
0,9363333333 1,801595827817369
0,9366666667 1,802138058355125
0,9370000000 1,802680295413612
0,9373333333 1,803222538986005
0,9376666667 1,803764789065633
0,9380000000 1,804307045645797
0,9383333333 1,804849308719922
0,9386666667 1,805391578281265
0,9390000000 1,805933854323240
0,9393333333 1,806476136839186
0,9396666667 1,807018425822498
0,9400000000 1,807560721266556
0,9403333333 1,808103023164666
0,9406666667 1,808645331510418
0,9410000000 1,809187646297093
0,9413333333 1,809729967518059
0,9416666667 1,810272295166882
0,9420000000 1,810814629236953
0,9423333333 1,811356969721693
0,9426666667 1,811899316614646
0,9430000000 1,812441669909200
0,9433333333 1,812984029598785
0,9436666667 1,813526395677062
0,9440000000 1,814068768137330
0,9443333333 1,814611146973258
0,9446666667 1,815153532178241
0,9450000000 1,815695923745905
0,9453333333 1,816238321669770
0,9456666667 1,816780725943318
0,9460000000 1,817323136560185
0,9463333333 1,817865553513796
0,9466666667 1,818407976797898
0,9470000000 1,818950406405951
0,9473333333 1,819492842331596
0,9476666667 1,820035284568439
0,9480000000 1,820577733110105
0,9483333333 1,821120187950119
0,9486666667 1,821662649082226
0,9490000000 1,822205116499990
0,9493333333 1,822747590197059
0,9496666667 1,823290070167097
0,9500000000 1,823832556403809
0,9503333333 1,824375048900760
0,9506666667 1,824917547651764
0,9510000000 1,825460052650470
0,9513333333 1,826002563890558
0,9516666667 1,826545081365713
0,9520000000 1,827087605069701
0,9523333333 1,827630134996237
0,9526666667 1,828172671139061
0,9530000000 1,828715213491876
0,9533333333 1,829257762048515
0,9536666667 1,829800316802686
0,9540000000 1,830342877748183
0,9543333333 1,830885444878712
0,9546666667 1,831428018188227
0,9550000000 1,831970597670337
0,9553333333 1,832513183319002
0,9556666667 1,833055775127918
0,9560000000 1,833598373091038
0,9563333333 1,834140977202089
0,9566666667 1,834683587454928
0,9570000000 1,835226203843467
0,9573333333 1,835768826361520
0,9576666667 1,836311455002946
0,9580000000 1,836854089761665
0,9583333333 1,837396730631523
0,9586666667 1,837939377606449
0,9590000000 1,838482030680316
0,9593333333 1,839024689847040
0,9596666667 1,839567355100568
0,9600000000 1,840110026434822
0,9603333333 1,840652703843713
0,9606666667 1,841195387321225
0,9610000000 1,841738076861286
0,9613333333 1,842280772457865
0,9616666667 1,842823474104937
0,9620000000 1,843366181796493
0,9623333333 1,843908895526508
0,9626666667 1,844451615288987
0,9630000000 1,844994341077963
0,9633333333 1,845537072887392
0,9636666667 1,846079810711340
0,9640000000 1,846622554543821
0,9643333333 1,847165304378887
0,9646666667 1,847708060210582
0,9650000000 1,848250822032969
0,9653333333 1,848793589840122
0,9656666667 1,849336363626071
0,9660000000 1,849879143384967
0,9663333333 1,850421929110832
0,9666666667 1,850964720797792
0,9670000000 1,851507518439978
0,9673333333 1,852050322031495
0,9676666667 1,852593131566434
0,9680000000 1,853135947038949
0,9683333333 1,853678768443203
0,9686666667 1,854221595773310
0,9690000000 1,854764429023436
0,9693333333 1,855307268187765
0,9696666667 1,855850113260446
0,9700000000 1,856392964235667
0,9703333333 1,856935821107617
0,9706666667 1,857478683870516
0,9710000000 1,858021552518528
0,9713333333 1,858564427045908
0,9716666667 1,859107307446856
0,9720000000 1,859650193715587
0,9723333333 1,860193085846392
0,9726666667 1,860735983833458
0,9730000000 1,861278887671088
0,9733333333 1,861821797353498
0,9736666667 1,862364712875005
0,9740000000 1,862907634229851
0,9743333333 1,863450561412330
0,9746666667 1,863993494416765
0,9750000000 1,864536433237426
0,9753333333 1,865079377868626
0,9756666667 1,865622328304690
0,9760000000 1,866165284539951
0,9763333333 1,866708246568720
0,9766666667 1,867251214385387
0,9770000000 1,867794187984256
0,9773333333 1,868337167359687
0,9776666667 1,868880152506083
0,9780000000 1,869423143417777
0,9783333333 1,869966140089168
0,9786666667 1,870509142514655
0,9790000000 1,871052150688605
0,9793333333 1,871595164605458
0,9796666667 1,872138184259603
0,9800000000 1,872681209645464
0,9803333333 1,873224240757471
0,9806666667 1,873767277590065
0,9810000000 1,874310320137681
0,9813333333 1,874853368394774
0,9816666667 1,875396422355812
0,9820000000 1,875939482015244
0,9823333333 1,876482547367570
0,9826666667 1,877025618407236
0,9830000000 1,877568695128760
0,9833333333 1,878111777526627
0,9836666667 1,878654865595336
0,9840000000 1,879197959329417
0,9843333333 1,879741058723387
0,9846666667 1,880284163771756
0,9850000000 1,880827274469081
0,9853333333 1,881370390809893
0,9856666667 1,881913512788745
0,9860000000 1,882456640400195
0,9863333333 1,882999773638795
0,9866666667 1,883542912499135
0,9870000000 1,884086056975789
0,9873333333 1,884629207063354
0,9876666667 1,885172362756413
0,9880000000 1,885715524049564
0,9883333333 1,886258690937444
0,9886666667 1,886801863414636
0,9890000000 1,887345041475785
0,9893333333 1,887888225115519
0,9896666667 1,888431414328483
0,9900000000 1,888974609109316
0,9903333333 1,889517809452680
0,9906666667 1,890061015353225
0,9910000000 1,890604226805632
0,9913333333 1,891147443804570
0,9916666667 1,891690666344730
0,9920000000 1,892233894420798
0,9923333333 1,892777128027470
0,9926666667 1,893320367159460
0,9930000000 1,893863611811471
0,9933333333 1,894406861978231
0,9936666667 1,894950117654465
0,9940000000 1,895493378834905
0,9943333333 1,896036645514294
0,9946666667 1,896579917687383
0,9950000000 1,897123195348926
0,9953333333 1,897666478493690
0,9956666667 1,898209767116438
0,9960000000 1,898753061211955
0,9963333333 1,899296360775024
0,9966666667 1,899839665800436
0,9970000000 1,900382976282989
0,9973333333 1,900926292217490
0,9976666667 1,901469613598754
0,9980000000 1,902012940421600
0,9983333333 1,902556272680855
0,9986666667 1,903099610371354
0,9990000000 1,903642953487937
0,9993333333 1,904186302025454
0,9996666667 1,904729655978762
