0,0000000000 -0,000000000000006
0,0003333333 -0,000000427452433
0,0006666667 -0,000000854904748
0,0010000000 -0,000001282356952
0,0013333333 -0,000001709809047
0,0016666667 -0,000002137261032
0,0020000000 -0,000002564712907
0,0023333333 -0,000002992164673
0,0026666667 -0,000003419616329
0,0030000000 -0,000003847067875
0,0033333333 -0,000004274519312
0,0036666667 -0,000004701970639
0,0040000000 -0,000005129421856
0,0043333333 -0,000005556872963
0,0046666667 -0,000005984323961
0,0050000000 -0,000006411774848
0,0053333333 -0,000006839225627
0,0056666667 -0,000007266676295
0,0060000000 -0,000007694126854
0,0063333333 -0,000008121577294
0,0066666667 -0,000008549027642
0,0070000000 -0,000008976477872
0,0073333333 -0,000009403927982
0,0076666667 -0,000009831378002
0,0080000000 -0,000010258827902
0,0083333333 -0,000010686277693
0,0086666667 -0,000011113727374
0,0090000000 -0,000011541176946
0,0093333333 -0,000011968626407
0,0096666667 -0,000012396075759
0,0100000000 -0,000012823525001
0,0103333333 -0,000013250974134
0,0106666667 -0,000013678423157
0,0110000000 -0,000014105872070
0,0113333333 -0,000014533320873
0,0116666667 -0,000014960769567
0,0120000000 -0,000015388218150
0,0123333333 -0,000015815666615
0,0126666667 -0,000016243114989
0,0130000000 -0,000016670563244
0,0133333333 -0,000017098011389
0,0136666667 -0,000017525459424
0,0140000000 -0,000017952907350
0,0143333333 -0,000018380355166
0,0146666667 -0,000018807802872
0,0150000000 -0,000019235250469
0,0153333333 -0,000019662697956
0,0156666667 -0,000020090145333
0,0160000000 -0,000020517592600
0,0163333333 -0,000020945039758
0,0166666667 -0,000021372486806
0,0170000000 -0,000021799933744
0,0173333333 -0,000022227380573
0,0176666667 -0,000022654827291
0,0180000000 -0,000023082273901
0,0183333333 -0,000023509720400
0,0186666667 -0,000023937166790
0,0190000000 -0,000024364613070
0,0193333333 -0,000024792059240
0,0196666667 -0,000025219505301
0,0200000000 -0,000025646951252
0,0203333333 -0,000026074397083
0,0206666667 -0,000026501842824
0,0210000000 -0,000026929288446
0,0213333333 -0,000027356733958
0,0216666667 -0,000027784179361
0,0220000000 -0,000028211624653
0,0223333333 -0,000028639069836
0,0226666667 -0,000029066514910
0,0230000000 -0,000029493959873
0,0233333333 -0,000029921404727
0,0236666667 -0,000030348849471
0,0240000000 -0,000030776294106
0,0243333333 -0,000031203738630
0,0246666667 -0,000031631183045
0,0250000000 -0,000032058627351
0,0253333333 -0,000032486071547
0,0256666667 -0,000032913515632
0,0260000000 -0,000033340959609
0,0263333333 -0,000033768403475
0,0266666667 -0,000034195847232
0,0270000000 -0,000034623290879
0,0273333333 -0,000035050734417
0,0276666667 -0,000035478177845
0,0280000000 -0,000035905621163
0,0283333333 -0,000036333064371
0,0286666667 -0,000036760507470
0,0290000000 -0,000037187950459
0,0293333333 -0,000037615393338
0,0296666667 -0,000038042836108
0,0300000000 -0,000038470278767
0,0303333333 -0,000038897721318
0,0306666667 -0,000039325163758
0,0310000000 -0,000039752606089
0,0313333333 -0,000040180048310
0,0316666667 -0,000040607490421
0,0320000000 -0,000041034932423
0,0323333333 -0,000041462374315
0,0326666667 -0,000041889816097
0,0330000000 -0,000042317257770
0,0333333333 -0,000042744699333
0,0336666667 -0,000043172140786
0,0340000000 -0,000043599582120
0,0343333333 -0,000044027023363
0,0346666667 -0,000044454464488
0,0350000000 -0,000044881905502
0,0353333333 -0,000045309346407
0,0356666667 -0,000045736787202
0,0360000000 -0,000046164227887
0,0363333333 -0,000046591668463
0,0366666667 -0,000047019108929
0,0370000000 -0,000047446549285
0,0373333333 -0,000047873989532
0,0376666667 -0,000048301429669
0,0380000000 -0,000048728869696
0,0383333333 -0,000049156309614
0,0386666667 -0,000049583749421
0,0390000000 -0,000050011189120
0,0393333333 -0,000050438628708
0,0396666667 -0,000050866068187
0,0400000000 -0,000051293507556
0,0403333333 -0,000051720946815
0,0406666667 -0,000052148385965
0,0410000000 -0,000052575825005
0,0413333333 -0,000053003263935
0,0416666667 -0,000053430702756
0,0420000000 -0,000053858141467
0,0423333333 -0,000054285580068
0,0426666667 -0,000054713018560
0,0430000000 -0,000055140456942
0,0433333333 -0,000055567895214
0,0436666667 -0,000055995333376
0,0440000000 -0,000056422771429
0,0443333333 -0,000056850209372
0,0446666667 -0,000057277647206
0,0450000000 -0,000057705084930
0,0453333333 -0,000058132522544
0,0456666667 -0,000058559960048
0,0460000000 -0,000058987397443
0,0463333333 -0,000059414834728
0,0466666667 -0,000059842271903
0,0470000000 -0,000060269708969
0,0473333333 -0,000060697145925
0,0476666667 -0,000061124582771
0,0480000000 -0,000061552019508
0,0483333333 -0,000061979456135
0,0486666667 -0,000062406892652
0,0490000000 -0,000062834329059
0,0493333333 -0,000063261765357
0,0496666667 -0,000063689201546
0,0500000000 -0,000064116637624
0,0503333333 -0,000064544073593
0,0506666667 -0,000064971509452
0,0510000000 -0,000065398945202
0,0513333333 -0,000065826380841
0,0516666667 -0,000066253816372
0,0520000000 -0,000066681251792
0,0523333333 -0,000067108687103
0,0526666667 -0,000067536122294
0,0530000000 -0,000067963557395
0,0533333333 -0,000068390992377
0,0536666667 -0,000068818427249
0,0540000000 -0,000069245862011
0,0543333333 -0,000069673296664
0,0546666667 -0,000070100731198
0,0550000000 -0,000070528165640
0,0553333333 -0,000070955599964
0,0556666667 -0,000071383034178
0,0560000000 -0,000071810468282
0,0563333333 -0,000072237902277
0,0566666667 -0,000072665336162
0,0570000000 -0,000073092769937
0,0573333333 -0,000073520203603
0,0576666667 -0,000073947637159
0,0580000000 -0,000074375070605
0,0583333333 -0,000074802503942
0,0586666667 -0,000075229937168
0,0590000000 -0,000075657370286
0,0593333333 -0,000076084803293
0,0596666667 -0,000076512236191
0,0600000000 -0,000076939668979
0,0603333333 -0,000077367101658
0,0606666667 -0,000077794534227
0,0610000000 -0,000078221966686
0,0613333333 -0,000078649399035
0,0616666667 -0,000079076831275
0,0620000000 -0,000079504263405
0,0623333333 -0,000079931695426
0,0626666667 -0,000080359127337
0,0630000000 -0,000080786559138
0,0633333333 -0,000081213990829
0,0636666667 -0,000081641422411
0,0640000000 -0,000082068853883
0,0643333333 -0,000082496285246
0,0646666667 -0,000082923716499
0,0650000000 -0,000083351147642
0,0653333333 -0,000083778578675
0,0656666667 -0,000084206009599
0,0660000000 -0,000084633440413
0,0663333333 -0,000085060871118
0,0666666667 -0,000085488301712
0,0670000000 -0,000085915732197
0,0673333333 -0,000086343162573
0,0676666667 -0,000086770592839
0,0680000000 -0,000087198022995
0,0683333333 -0,000087625453041
0,0686666667 -0,000088052882978
0,0690000000 -0,000088480312805
0,0693333333 -0,000088907742523
0,0696666667 -0,000089335172130
0,0700000000 -0,000089762601629
0,0703333333 -0,000090190031017
0,0706666667 -0,000090617460296
0,0710000000 -0,000091044889465
0,0713333333 -0,000091472318524
0,0716666667 -0,000091899747474
0,0720000000 -0,000092327176314
0,0723333333 -0,000092754605045
0,0726666667 -0,000093182033666
0,0730000000 -0,000093609462177
0,0733333333 -0,000094036890578
0,0736666667 -0,000094464318870
0,0740000000 -0,000094891747052
0,0743333333 -0,000095319175125
0,0746666667 -0,000095746603087
0,0750000000 -0,000096174030941
0,0753333333 -0,000096601458684
0,0756666667 -0,000097028886318
0,0760000000 -0,000097456313842
0,0763333333 -0,000097883741257
0,0766666667 -0,000098311168562
0,0770000000 -0,000098738595757
0,0773333333 -0,000099166022842
0,0776666667 -0,000099593449818
0,0780000000 -0,000100020876684
0,0783333333 -0,000100448303441
0,0786666667 -0,000100875730088
0,0790000000 -0,000101303156625
0,0793333333 -0,000101730583053
0,0796666667 -0,000102158009371
0,0800000000 -0,000102585435579
0,0803333333 -0,000103012861678
0,0806666667 -0,000103440287667
0,0810000000 -0,000103867713546
0,0813333333 -0,000104295139315
0,0816666667 -0,000104722564975
0,0820000000 -0,000105149990526
0,0823333333 -0,000105577415966
0,0826666667 -0,000106004841297
0,0830000000 -0,000106432266519
0,0833333333 -0,000106859691631
0,0836666667 -0,000107287116633
0,0840000000 -0,000107714541525
0,0843333333 -0,000108141966308
0,0846666667 -0,000108569390981
0,0850000000 -0,000108996815544
0,0853333333 -0,000109424239998
0,0856666667 -0,000109851664342
0,0860000000 -0,000110279088577
0,0863333333 -0,000110706512702
0,0866666667 -0,000111133936717
0,0870000000 -0,000111561360622
0,0873333333 -0,000111988784418
0,0876666667 -0,000112416208104
0,0880000000 -0,000112843631681
0,0883333333 -0,000113271055148
0,0886666667 -0,000113698478505
0,0890000000 -0,000114125901753
0,0893333333 -0,000114553324891
0,0896666667 -0,000114980747919
0,0900000000 -0,000115408170838
0,0903333333 -0,000115835593647
0,0906666667 -0,000116263016346
0,0910000000 -0,000116690438936
0,0913333333 -0,000117117861416
0,0916666667 -0,000117545283786
0,0920000000 -0,000117972706047
0,0923333333 -0,000118400128198
0,0926666667 -0,000118827550240
0,0930000000 -0,000119254972171
0,0933333333 -0,000119682393994
0,0936666667 -0,000120109815706
0,0940000000 -0,000120537237309
0,0943333333 -0,000120964658802
0,0946666667 -0,000121392080186
0,0950000000 -0,000121819501460
0,0953333333 -0,000122246922624
0,0956666667 -0,000122674343679
0,0960000000 -0,000123101764624
0,0963333333 -0,000123529185459
0,0966666667 -0,000123956606185
0,0970000000 -0,000124384026801
0,0973333333 -0,000124811447307
0,0976666667 -0,000125238867704
0,0980000000 -0,000125666287991
0,0983333333 -0,000126093708169
0,0986666667 -0,000126521128237
0,0990000000 -0,000126948548195
0,0993333333 -0,000127375968044
0,0996666667 -0,000127803387783
0,1000000000 -0,000128230807412
0,1003333333 -0,000128658226932
0,1006666667 -0,000129085646342
0,1010000000 -0,000129513065642
0,1013333333 -0,000129940484833
0,1016666667 -0,000130367903914
0,1020000000 -0,000130795322885
0,1023333333 -0,000131222741747
0,1026666667 -0,000131650160499
0,1030000000 -0,000132077579142
0,1033333333 -0,000132504997675
0,1036666667 -0,000132932416098
0,1040000000 -0,000133359834411
0,1043333333 -0,000133787252615
0,1046666667 -0,000134214670710
0,1050000000 -0,000134642088694
0,1053333333 -0,000135069506570
0,1056666667 -0,000135496924335
0,1060000000 -0,000135924341991
0,1063333333 -0,000136351759537
0,1066666667 -0,000136779176973
0,1070000000 -0,000137206594300
0,1073333333 -0,000137634011518
0,1076666667 -0,000138061428625
0,1080000000 -0,000138488845623
0,1083333333 -0,000138916262511
0,1086666667 -0,000139343679290
0,1090000000 -0,000139771095959
0,1093333333 -0,000140198512519
0,1096666667 -0,000140625928968
0,1100000000 -0,000141053345309
0,1103333333 -0,000141480761539
0,1106666667 -0,000141908177660
0,1110000000 -0,000142335593671
0,1113333333 -0,000142763009573
0,1116666667 -0,000143190425365
0,1120000000 -0,000143617841047
0,1123333333 -0,000144045256620
0,1126666667 -0,000144472672074
0,1130000000 -0,000144900087437
0,1133333333 -0,000145327502680
0,1136666667 -0,000145754917815
0,1140000000 -0,000146182332839
0,1143333333 -0,000146609747754
0,1146666667 -0,000147037162560
0,1150000000 -0,000147464577255
0,1153333333 -0,000147891991841
0,1156666667 -0,000148319406318
0,1160000000 -0,000148746820685
0,1163333333 -0,000149174234942
0,1166666667 -0,000149601649089
0,1170000000 -0,000150029063127
0,1173333333 -0,000150456477055
0,1176666667 -0,000150883890874
0,1180000000 -0,000151311304583
0,1183333333 -0,000151738718183
0,1186666667 -0,000152166131672
0,1190000000 -0,000152593545052
0,1193333333 -0,000153020958323
0,1196666667 -0,000153448371484
0,1200000000 -0,000153875784535
0,1203333333 -0,000154303197477
0,1206666667 -0,000154730610299
0,1210000000 -0,000155158023031
0,1213333333 -0,000155585435644
0,1216666667 -0,000156012848147
0,1220000000 -0,000156440260541
0,1223333333 -0,000156867672825
0,1226666667 -0,000157295084999
0,1230000000 -0,000157722497063
0,1233333333 -0,000158149909018
0,1236666667 -0,000158577320864
0,1240000000 -0,000159004732600
0,1243333333 -0,000159432144226
0,1246666667 -0,000159859555742
0,1250000000 -0,000160286967149
0,1253333333 -0,000160714378447
0,1256666667 -0,000161141789634
0,1260000000 -0,000161569200712
0,1263333333 -0,000161996611681
0,1266666667 -0,000162424022539
0,1270000000 -0,000162851433289
0,1273333333 -0,000163278843928
0,1276666667 -0,000163706254458
0,1280000000 -0,000164133664879
0,1283333333 -0,000164561075189
0,1286666667 -0,000164988485390
0,1290000000 -0,000165415895482
0,1293333333 -0,000165843305464
0,1296666667 -0,000166270715336
0,1300000000 -0,000166698125098
0,1303333333 -0,000167125534751
0,1306666667 -0,000167552944295
0,1310000000 -0,000167980353729
0,1313333333 -0,000168407763053
0,1316666667 -0,000168835172267
0,1320000000 -0,000169262581372
0,1323333333 -0,000169689990367
0,1326666667 -0,000170117399253
0,1330000000 -0,000170544808029
0,1333333333 -0,000170972216696
0,1336666667 -0,000171399625253
0,1340000000 -0,000171827033700
0,1343333333 -0,000172254442037
0,1346666667 -0,000172681850265
0,1350000000 -0,000173109258384
0,1353333333 -0,000173536666392
0,1356666667 -0,000173964074292
0,1360000000 -0,000174391482081
0,1363333333 -0,000174818889761
0,1366666667 -0,000175246297331
0,1370000000 -0,000175673704792
0,1373333333 -0,000176101112143
0,1376666667 -0,000176528519385
0,1380000000 -0,000176955926516
0,1383333333 -0,000177383333539
0,1386666667 -0,000177810740451
0,1390000000 -0,000178238147254
0,1393333333 -0,000178665553948
0,1396666667 -0,000179092960532
0,1400000000 -0,000179520367006
0,1403333333 -0,000179947773370
0,1406666667 -0,000180375179625
0,1410000000 -0,000180802585771
0,1413333333 -0,000181229991806
0,1416666667 -0,000181657397733
0,1420000000 -0,000182084803549
0,1423333333 -0,000182512209256
0,1426666667 -0,000182939614853
0,1430000000 -0,000183367020341
0,1433333333 -0,000183794425719
0,1436666667 -0,000184221830988
0,1440000000 -0,000184649236147
0,1443333333 -0,000185076641196
0,1446666667 -0,000185504046136
0,1450000000 -0,000185931450966
0,1453333333 -0,000186358855686
0,1456666667 -0,000186786260297
0,1460000000 -0,000187213664798
0,1463333333 -0,000187641069190
0,1466666667 -0,000188068473472
0,1470000000 -0,000188495877644
0,1473333333 -0,000188923281707
0,1476666667 -0,000189350685660
0,1480000000 -0,000189778089504
0,1483333333 -0,000190205493238
0,1486666667 -0,000190632896863
0,1490000000 -0,000191060300377
0,1493333333 -0,000191487703783
0,1496666667 -0,000191915107078
0,1500000000 -0,000192342510264
0,1503333333 -0,000192769913341
0,1506666667 -0,000193197316307
0,1510000000 -0,000193624719165
0,1513333333 -0,000194052121912
0,1516666667 -0,000194479524550
0,1520000000 -0,000194906927079
0,1523333333 -0,000195334329497
0,1526666667 -0,000195761731807
0,1530000000 -0,000196189134006
0,1533333333 -0,000196616536096
0,1536666667 -0,000197043938077
0,1540000000 -0,000197471339947
0,1543333333 -0,000197898741709
0,1546666667 -0,000198326143360
0,1550000000 -0,000198753544902
0,1553333333 -0,000199180946335
0,1556666667 -0,000199608347658
0,1560000000 -0,000200035748871
0,1563333333 -0,000200463149974
0,1566666667 -0,000200890550968
0,1570000000 -0,000201317951853
0,1573333333 -0,000201745352628
0,1576666667 -0,000202172753293
0,1580000000 -0,000202600153849
0,1583333333 -0,000203027554295
0,1586666667 -0,000203454954631
0,1590000000 -0,000203882354858
0,1593333333 -0,000204309754975
0,1596666667 -0,000204737154983
0,1600000000 -0,000205164554881
0,1603333333 -0,000205591954669
0,1606666667 -0,000206019354348
0,1610000000 -0,000206446753918
0,1613333333 -0,000206874153377
0,1616666667 -0,000207301552727
0,1620000000 -0,000207728951968
0,1623333333 -0,000208156351099
0,1626666667 -0,000208583750120
0,1630000000 -0,000209011149032
0,1633333333 -0,000209438547834
0,1636666667 -0,000209865946526
0,1640000000 -0,000210293345109
0,1643333333 -0,000210720743583
0,1646666667 -0,000211148141947
0,1650000000 -0,000211575540201
0,1653333333 -0,000212002938345
0,1656666667 -0,000212430336380
0,1660000000 -0,000212857734306
0,1663333333 -0,000213285132122
0,1666666667 -0,000213712529828
0,1670000000 -0,000214139927425
0,1673333333 -0,000214567324912
0,1676666667 -0,000214994722289
0,1680000000 -0,000215422119557
0,1683333333 -0,000215849516715
0,1686666667 -0,000216276913764
0,1690000000 -0,000216704310703
0,1693333333 -0,000217131707533
0,1696666667 -0,000217559104253
0,1700000000 -0,000217986500863
0,1703333333 -0,000218413897364
0,1706666667 -0,000218841293755
0,1710000000 -0,000219268690036
0,1713333333 -0,000219696086209
0,1716666667 -0,000220123482271
0,1720000000 -0,000220550878224
0,1723333333 -0,000220978274067
0,1726666667 -0,000221405669801
0,1730000000 -0,000221833065425
0,1733333333 -0,000222260460939
0,1736666667 -0,000222687856344
0,1740000000 -0,000223115251640
0,1743333333 -0,000223542646825
0,1746666667 -0,000223970041902
0,1750000000 -0,000224397436868
0,1753333333 -0,000224824831725
0,1756666667 -0,000225252226473
0,1760000000 -0,000225679621110
0,1763333333 -0,000226107015639
0,1766666667 -0,000226534410057
0,1770000000 -0,000226961804367
0,1773333333 -0,000227389198566
0,1776666667 -0,000227816592656
0,1780000000 -0,000228243986636
0,1783333333 -0,000228671380507
0,1786666667 -0,000229098774268
0,1790000000 -0,000229526167920
0,1793333333 -0,000229953561462
0,1796666667 -0,000230380954895
0,1800000000 -0,000230808348217
0,1803333333 -0,000231235741431
0,1806666667 -0,000231663134534
0,1810000000 -0,000232090527529
0,1813333333 -0,000232517920413
0,1816666667 -0,000232945313188
0,1820000000 -0,000233372705854
0,1823333333 -0,000233800098410
0,1826666667 -0,000234227490856
0,1830000000 -0,000234654883192
0,1833333333 -0,000235082275420
0,1836666667 -0,000235509667537
0,1840000000 -0,000235937059545
0,1843333333 -0,000236364451444
0,1846666667 -0,000236791843232
0,1850000000 -0,000237219234912
0,1853333333 -0,000237646626481
0,1856666667 -0,000238074017941
0,1860000000 -0,000238501409292
0,1863333333 -0,000238928800533
0,1866666667 -0,000239356191664
0,1870000000 -0,000239783582686
0,1873333333 -0,000240210973598
0,1876666667 -0,000240638364401
0,1880000000 -0,000241065755094
0,1883333333 -0,000241493145678
0,1886666667 -0,000241920536152
0,1890000000 -0,000242347926516
0,1893333333 -0,000242775316771
0,1896666667 -0,000243202706916
0,1900000000 -0,000243630096952
0,1903333333 -0,000244057486878
0,1906666667 -0,000244484876694
0,1910000000 -0,000244912266401
0,1913333333 -0,000245339655999
0,1916666667 -0,000245767045486
0,1920000000 -0,000246194434865
0,1923333333 -0,000246621824133
0,1926666667 -0,000247049213292
0,1930000000 -0,000247476602342
0,1933333333 -0,000247903991282
0,1936666667 -0,000248331380112
0,1940000000 -0,000248758768833
0,1943333333 -0,000249186157444
0,1946666667 -0,000249613545946
0,1950000000 -0,000250040934338
0,1953333333 -0,000250468322621
0,1956666667 -0,000250895710794
0,1960000000 -0,000251323098857
0,1963333333 -0,000251750486811
0,1966666667 -0,000252177874655
0,1970000000 -0,000252605262390
0,1973333333 -0,000253032650015
0,1976666667 -0,000253460037531
0,1980000000 -0,000253887424937
0,1983333333 -0,000254314812234
0,1986666667 -0,000254742199420
0,1990000000 -0,000255169586498
0,1993333333 -0,000255596973466
0,1996666667 -0,000256024360324
0,2000000000 -0,000256451747072
0,2003333333 -0,000256879133712
0,2006666667 -0,000257306520241
0,2010000000 -0,000257733906661
0,2013333333 -0,000258161292972
0,2016666667 -0,000258588679172
0,2020000000 -0,000259016065264
0,2023333333 -0,000259443451245
0,2026666667 -0,000259870837118
0,2030000000 -0,000260298222880
0,2033333333 -0,000260725608533
0,2036666667 -0,000261152994077
0,2040000000 -0,000261580379511
0,2043333333 -0,000262007764835
0,2046666667 -0,000262435150050
0,2050000000 -0,000262862535155
0,2053333333 -0,000263289920151
0,2056666667 -0,000263717305037
0,2060000000 -0,000264144689814
0,2063333333 -0,000264572074481
0,2066666667 -0,000264999459038
0,2070000000 -0,000265426843486
0,2073333333 -0,000265854227824
0,2076666667 -0,000266281612053
0,2080000000 -0,000266708996172
0,2083333333 -0,000267136380182
0,2086666667 -0,000267563764082
0,2090000000 -0,000267991147873
0,2093333333 -0,000268418531554
0,2096666667 -0,000268845915125
0,2100000000 -0,000269273298587
0,2103333333 -0,000269700681940
0,2106666667 -0,000270128065182
0,2110000000 -0,000270555448316
0,2113333333 -0,000270982831339
0,2116666667 -0,000271410214254
0,2120000000 -0,000271837597058
0,2123333333 -0,000272264979753
0,2126666667 -0,000272692362339
0,2130000000 -0,000273119744815
0,2133333333 -0,000273547127181
0,2136666667 -0,000273974509438
0,2140000000 -0,000274401891585
0,2143333333 -0,000274829273623
0,2146666667 -0,000275256655551
0,2150000000 -0,000275684037370
0,2153333333 -0,000276111419079
0,2156666667 -0,000276538800678
0,2160000000 -0,000276966182168
0,2163333333 -0,000277393563549
0,2166666667 -0,000277820944819
0,2170000000 -0,000278248325981
0,2173333333 -0,000278675707033
0,2176666667 -0,000279103087975
0,2180000000 -0,000279530468807
0,2183333333 -0,000279957849531
0,2186666667 -0,000280385230144
0,2190000000 -0,000280812610648
0,2193333333 -0,000281239991043
0,2196666667 -0,000281667371328
0,2200000000 -0,000282094751503
0,2203333333 -0,000282522131569
0,2206666667 -0,000282949511525
0,2210000000 -0,000283376891372
0,2213333333 -0,000283804271109
0,2216666667 -0,000284231650737
0,2220000000 -0,000284659030255
0,2223333333 -0,000285086409664
0,2226666667 -0,000285513788963
0,2230000000 -0,000285941168152
0,2233333333 -0,000286368547232
0,2236666667 -0,000286795926202
0,2240000000 -0,000287223305063
0,2243333333 -0,000287650683815
0,2246666667 -0,000288078062456
0,2250000000 -0,000288505440989
0,2253333333 -0,000288932819411
0,2256666667 -0,000289360197724
0,2260000000 -0,000289787575928
0,2263333333 -0,000290214954022
0,2266666667 -0,000290642332007
0,2270000000 -0,000291069709881
0,2273333333 -0,000291497087647
0,2276666667 -0,000291924465303
0,2280000000 -0,000292351842849
0,2283333333 -0,000292779220286
0,2286666667 -0,000293206597613
0,2290000000 -0,000293633974831
0,2293333333 -0,000294061351939
0,2296666667 -0,000294488728938
0,2300000000 -0,000294916105827
0,2303333333 -0,000295343482607
0,2306666667 -0,000295770859277
0,2310000000 -0,000296198235837
0,2313333333 -0,000296625612288
0,2316666667 -0,000297052988629
0,2320000000 -0,000297480364861
0,2323333333 -0,000297907740984
0,2326666667 -0,000298335116996
0,2330000000 -0,000298762492900
0,2333333333 -0,000299189868693
0,2336666667 -0,000299617244378
0,2340000000 -0,000300044619952
0,2343333333 -0,000300471995418
0,2346666667 -0,000300899370773
0,2350000000 -0,000301326746019
0,2353333333 -0,000301754121156
0,2356666667 -0,000302181496183
0,2360000000 -0,000302608871100
0,2363333333 -0,000303036245908
0,2366666667 -0,000303463620606
0,2370000000 -0,000303890995195
0,2373333333 -0,000304318369675
0,2376666667 -0,000304745744044
0,2380000000 -0,000305173118305
0,2383333333 -0,000305600492455
0,2386666667 -0,000306027866497
0,2390000000 -0,000306455240428
0,2393333333 -0,000306882614250
0,2396666667 -0,000307309987963
0,2400000000 -0,000307737361566
0,2403333333 -0,000308164735060
0,2406666667 -0,000308592108444
0,2410000000 -0,000309019481718
0,2413333333 -0,000309446854883
0,2416666667 -0,000309874227938
0,2420000000 -0,000310301600884
0,2423333333 -0,000310728973721
0,2426666667 -0,000311156346448
0,2430000000 -0,000311583719065
0,2433333333 -0,000312011091573
0,2436666667 -0,000312438463971
0,2440000000 -0,000312865836260
0,2443333333 -0,000313293208439
0,2446666667 -0,000313720580508
0,2450000000 -0,000314147952469
0,2453333333 -0,000314575324319
0,2456666667 -0,000315002696060
0,2460000000 -0,000315430067692
0,2463333333 -0,000315857439214
0,2466666667 -0,000316284810626
0,2470000000 -0,000316712181929
0,2473333333 -0,000317139553123
0,2476666667 -0,000317566924207
0,2480000000 -0,000317994295181
0,2483333333 -0,000318421666046
0,2486666667 -0,000318849036801
0,2490000000 -0,000319276407447
0,2493333333 -0,000319703777984
0,2496666667 -0,000320131148410
0,2500000000 -0,000320558518728
0,2503333333 -0,000320985888935
0,2506666667 -0,000321413259034
0,2510000000 -0,000321840629022
0,2513333333 -0,000322267998901
0,2516666667 -0,000322695368671
0,2520000000 -0,000323122738331
0,2523333333 -0,000323550107882
0,2526666667 -0,000323977477323
0,2530000000 -0,000324404846655
0,2533333333 -0,000324832215877
0,2536666667 -0,000325259584989
0,2540000000 -0,000325686953992
0,2543333333 -0,000326114322886
0,2546666667 -0,000326541691670
0,2550000000 -0,000326969060344
0,2553333333 -0,000327396428909
0,2556666667 -0,000327823797364
0,2560000000 -0,000328251165710
0,2563333333 -0,000328678533947
0,2566666667 -0,000329105902074
0,2570000000 -0,000329533270091
0,2573333333 -0,000329960637999
0,2576666667 -0,000330388005797
0,2580000000 -0,000330815373486
0,2583333333 -0,000331242741065
0,2586666667 -0,000331670108535
0,2590000000 -0,000332097475895
0,2593333333 -0,000332524843146
0,2596666667 -0,000332952210287
0,2600000000 -0,000333379577319
0,2603333333 -0,000333806944241
0,2606666667 -0,000334234311054
0,2610000000 -0,000334661677757
0,2613333333 -0,000335089044350
0,2616666667 -0,000335516410834
0,2620000000 -0,000335943777209
0,2623333333 -0,000336371143474
0,2626666667 -0,000336798509630
0,2630000000 -0,000337225875676
0,2633333333 -0,000337653241612
0,2636666667 -0,000338080607439
0,2640000000 -0,000338507973157
0,2643333333 -0,000338935338765
0,2646666667 -0,000339362704264
0,2650000000 -0,000339790069653
0,2653333333 -0,000340217434923
0,2656666667 -0,000340644800102
0,2660000000 -0,000341072165162
0,2663333333 -0,000341499530113
0,2666666667 -0,000341926894955
0,2670000000 -0,000342354259687
0,2673333333 -0,000342781624300
0,2676666667 -0,000343208988822
0,2680000000 -0,000343636353226
0,2683333333 -0,000344063717519
0,2686666667 -0,000344491081704
0,2690000000 -0,000344918445779
0,2693333333 -0,000345345809744
0,2696666667 -0,000345773173600
0,2700000000 -0,000346200537346
0,2703333333 -0,000346627900983
0,2706666667 -0,000347055264511
0,2710000000 -0,000347482627928
0,2713333333 -0,000347909991237
0,2716666667 -0,000348337354436
0,2720000000 -0,000348764717525
0,2723333333 -0,000349192080505
0,2726666667 -0,000349619443375
0,2730000000 -0,000350046806136
0,2733333333 -0,000350474168787
0,2736666667 -0,000350901531329
0,2740000000 -0,000351328893761
0,2743333333 -0,000351756256084
0,2746666667 -0,000352183618297
0,2750000000 -0,000352610980401
0,2753333333 -0,000353038342395
0,2756666667 -0,000353465704280
0,2760000000 -0,000353893066056
0,2763333333 -0,000354320427721
0,2766666667 -0,000354747789278
0,2770000000 -0,000355175150724
0,2773333333 -0,000355602512062
0,2776666667 -0,000356029873289
0,2780000000 -0,000356457234408
0,2783333333 -0,000356884595416
0,2786666667 -0,000357311956306
0,2790000000 -0,000357739317105
0,2793333333 -0,000358166677786
0,2796666667 -0,000358594038357
0,2800000000 -0,000359021398818
0,2803333333 -0,000359448759170
0,2806666667 -0,000359876119412
0,2810000000 -0,000360303479545
0,2813333333 -0,000360730839568
0,2816666667 -0,000361158199482
0,2820000000 -0,000361585559286
0,2823333333 -0,000362012918981
0,2826666667 -0,000362440278566
0,2830000000 -0,000362867638042
0,2833333333 -0,000363294997408
0,2836666667 -0,000363722356665
0,2840000000 -0,000364149715812
0,2843333333 -0,000364577074841
0,2846666667 -0,000365004433778
0,2850000000 -0,000365431792597
0,2853333333 -0,000365859151306
0,2856666667 -0,000366286509906
0,2860000000 -0,000366713868397
0,2863333333 -0,000367141226777
0,2866666667 -0,000367568585049
0,2870000000 -0,000367995943211
0,2873333333 -0,000368423301263
0,2876666667 -0,000368850659206
0,2880000000 -0,000369278017039
0,2883333333 -0,000369705374763
0,2886666667 -0,000370132732378
0,2890000000 -0,000370560089882
0,2893333333 -0,000370987447278
0,2896666667 -0,000371414804564
0,2900000000 -0,000371842161740
0,2903333333 -0,000372269518807
0,2906666667 -0,000372696875764
0,2910000000 -0,000373124232612
0,2913333333 -0,000373551589351
0,2916666667 -0,000373978945980
0,2920000000 -0,000374406302499
0,2923333333 -0,000374833658909
0,2926666667 -0,000375261015210
0,2930000000 -0,000375688371401
0,2933333333 -0,000376115727482
0,2936666667 -0,000376543083454
0,2940000000 -0,000376970439317
0,2943333333 -0,000377397795070
0,2946666667 -0,000377825150714
0,2950000000 -0,000378252506248
0,2953333333 -0,000378679861672
0,2956666667 -0,000379107216987
0,2960000000 -0,000379534572193
0,2963333333 -0,000379961927289
0,2966666667 -0,000380389282276
0,2970000000 -0,000380816637153
0,2973333333 -0,000381243991920
0,2976666667 -0,000381671346579
0,2980000000 -0,000382098701127
0,2983333333 -0,000382526055567
0,2986666667 -0,000382953409896
0,2990000000 -0,000383380764117
0,2993333333 -0,000383808118227
0,2996666667 -0,000384235472229
0,3000000000 -0,000384662826120
0,3003333333 -0,000385090179903
0,3006666667 -0,000385517533576
0,3010000000 -0,000385944887139
0,3013333333 -0,000386372240593
0,3016666667 -0,000386799593937
0,3020000000 -0,000387226947172
0,3023333333 -0,000387654300298
0,3026666667 -0,000388081653313
0,3030000000 -0,000388509006220
0,3033333333 -0,000388936359017
0,3036666667 -0,000389363711704
0,3040000000 -0,000389791064282
0,3043333333 -0,000390218416751
0,3046666667 -0,000390645769110
0,3050000000 -0,000391073121360
0,3053333333 -0,000391500473500
0,3056666667 -0,000391927825530
0,3060000000 -0,000392355177451
0,3063333333 -0,000392782529263
0,3066666667 -0,000393209880965
0,3070000000 -0,000393637232558
0,3073333333 -0,000394064584032
0,3076666667 -0,000394491935415
0,3080000000 -0,000394919286679
0,3083333333 -0,000395346637834
0,3086666667 -0,000395773988879
0,3090000000 -0,000396201339815
0,3093333333 -0,000396628690642
0,3096666667 -0,000397056041358
0,3100000000 -0,000397483391966
0,3103333333 -0,000397910742464
0,3106666667 -0,000398338092852
0,3110000000 -0,000398765443131
0,3113333333 -0,000399192793301
0,3116666667 -0,000399620143361
0,3120000000 -0,000400047493311
0,3123333333 -0,000400474843152
0,3126666667 -0,000400902192884
0,3130000000 -0,000401329542506
0,3133333333 -0,000401756892019
0,3136666667 -0,000402184241422
0,3140000000 -0,000402611590716
0,3143333333 -0,000403038939900
0,3146666667 -0,000403466288975
0,3150000000 -0,000403893637940
0,3153333333 -0,000404320986796
0,3156666667 -0,000404748335542
0,3160000000 -0,000405175684179
0,3163333333 -0,000405603032707
0,3166666667 -0,000406030381125
0,3170000000 -0,000406457729433
0,3173333333 -0,000406885077632
0,3176666667 -0,000407312425722
0,3180000000 -0,000407739773702
0,3183333333 -0,000408167121573
0,3186666667 -0,000408594469334
0,3190000000 -0,000409021816985
0,3193333333 -0,000409449164528
0,3196666667 -0,000409876511960
0,3200000000 -0,000410303859284
0,3203333333 -0,000410731206497
0,3206666667 -0,000411158553602
0,3210000000 -0,000411585900597
0,3213333333 -0,000412013247482
0,3216666667 -0,000412440594258
0,3220000000 -0,000412867940924
0,3223333333 -0,000413295287481
0,3226666667 -0,000413722633929
0,3230000000 -0,000414149980267
0,3233333333 -0,000414577326496
0,3236666667 -0,000415004672615
0,3240000000 -0,000415432018624
0,3243333333 -0,000415859364525
0,3246666667 -0,000416286710315
0,3250000000 -0,000416714055997
0,3253333333 -0,000417141401569
0,3256666667 -0,000417568747022
0,3260000000 -0,000417996092384
0,3263333333 -0,000418423437627
0,3266666667 -0,000418850782761
0,3270000000 -0,000419278127786
0,3273333333 -0,000419705472701
0,3276666667 -0,000420132817506
0,3280000000 -0,000420560162203
0,3283333333 -0,000420987506789
0,3286666667 -0,000421414851266
0,3290000000 -0,000421842195634
0,3293333333 -0,000422269539892
0,3296666667 -0,000422696884041
0,3300000000 -0,000423124228081
0,3303333333 -0,000423551572011
0,3306666667 -0,000423978915831
0,3310000000 -0,000424406259542
0,3313333333 -0,000424833603143
0,3316666667 -0,000425260946636
0,3320000000 -0,000425688290018
0,3323333333 -0,000426115633291
0,3326666667 -0,000426542976455
0,3330000000 -0,000426970319509
0,3333333333 -0,000427397662454
0,3336666667 -0,000427825005289
0,3340000000 -0,000428252348015
0,3343333333 -0,000428679690632
0,3346666667 -0,000429107033139
0,3350000000 -0,000429534375536
0,3353333333 -0,000429961717824
0,3356666667 -0,000430389060003
0,3360000000 -0,000430816402072
0,3363333333 -0,000431243744032
0,3366666667 -0,000431671085882
0,3370000000 -0,000432098427623
0,3373333333 -0,000432525769245
0,3376666667 -0,000432953110776
0,3380000000 -0,000433380452188
0,3383333333 -0,000433807793491
0,3386666667 -0,000434235134685
0,3390000000 -0,000434662475769
0,3393333333 -0,000435089816743
0,3396666667 -0,000435517157608
0,3400000000 -0,000435944498364
0,3403333333 -0,000436371839010
0,3406666667 -0,000436799179547
0,3410000000 -0,000437226519975
0,3413333333 -0,000437653860292
0,3416666667 -0,000438081200501
0,3420000000 -0,000438508540600
0,3423333333 -0,000438935880589
0,3426666667 -0,000439363220469
0,3430000000 -0,000439790560240
0,3433333333 -0,000440217899901
0,3436666667 -0,000440645239453
0,3440000000 -0,000441072578895
0,3443333333 -0,000441499918228
0,3446666667 -0,000441927257452
0,3450000000 -0,000442354596566
0,3453333333 -0,000442781935570
0,3456666667 -0,000443209274465
0,3460000000 -0,000443636613251
0,3463333333 -0,000444063951927
0,3466666667 -0,000444491290494
0,3470000000 -0,000444918628951
0,3473333333 -0,000445345967299
0,3476666667 -0,000445773305537
0,3480000000 -0,000446200643666
0,3483333333 -0,000446627981686
0,3486666667 -0,000447055319596
0,3490000000 -0,000447482657396
0,3493333333 -0,000447909995087
0,3496666667 -0,000448337332669
0,3500000000 -0,000448764670141
0,3503333333 -0,000449192007504
0,3506666667 -0,000449619344758
0,3510000000 -0,000450046681901
0,3513333333 -0,000450474018927
0,3516666667 -0,000450901355852
0,3520000000 -0,000451328692677
0,3523333333 -0,000451756029383
0,3526666667 -0,000452183365979
0,3530000000 -0,000452610702467
0,3533333333 -0,000453038038845
0,3536666667 -0,000453465375113
0,3540000000 -0,000453892711272
0,3543333333 -0,000454320047321
0,3546666667 -0,000454747383262
0,3550000000 -0,000455174719092
0,3553333333 -0,000455602054813
0,3556666667 -0,000456029390425
0,3560000000 -0,000456456725927
0,3563333333 -0,000456884061320
0,3566666667 -0,000457311396604
0,3570000000 -0,000457738731778
0,3573333333 -0,000458166066842
0,3576666667 -0,000458593401798
0,3580000000 -0,000459020736643
0,3583333333 -0,000459448071379
0,3586666667 -0,000459875406006
0,3590000000 -0,000460302740524
0,3593333333 -0,000460730074932
0,3596666667 -0,000461157409230
0,3600000000 -0,000461584743419
0,3603333333 -0,000462012077499
0,3606666667 -0,000462439411460
0,3610000000 -0,000462866745330
0,3613333333 -0,000463294079081
0,3616666667 -0,000463721412723
0,3620000000 -0,000464148746255
0,3623333333 -0,000464576079679
0,3626666667 -0,000465003412992
0,3630000000 -0,000465430746196
0,3633333333 -0,000465858079291
0,3636666667 -0,000466285412276
0,3640000000 -0,000466712745152
0,3643333333 -0,000467140077919
0,3646666667 -0,000467567410576
0,3650000000 -0,000467994743123
0,3653333333 -0,000468422075561
0,3656666667 -0,000468849407890
0,3660000000 -0,000469276740109
0,3663333333 -0,000469704072219
0,3666666667 -0,000470131404219
0,3670000000 -0,000470558736110
0,3673333333 -0,000470986067892
0,3676666667 -0,000471413399564
0,3680000000 -0,000471840731127
0,3683333333 -0,000472268062580
0,3686666667 -0,000472695393924
0,3690000000 -0,000473122725158
0,3693333333 -0,000473550056283
0,3696666667 -0,000473977387299
0,3700000000 -0,000474404718196
0,3703333333 -0,000474832049002
0,3706666667 -0,000475259379689
0,3710000000 -0,000475686710267
0,3713333333 -0,000476114040735
0,3716666667 -0,000476541371094
0,3720000000 -0,000476968701344
0,3723333333 -0,000477396031484
0,3726666667 -0,000477823361514
0,3730000000 -0,000478250691436
0,3733333333 -0,000478678021248
0,3736666667 -0,000479105350950
0,3740000000 -0,000479532680543
0,3743333333 -0,000479960010027
0,3746666667 -0,000480387339401
0,3750000000 -0,000480814668665
0,3753333333 -0,000481241997821
0,3756666667 -0,000481669326867
0,3760000000 -0,000482096655803
0,3763333333 -0,000482523984630
0,3766666667 -0,000482951313348
0,3770000000 -0,000483378641956
0,3773333333 -0,000483805970455
0,3776666667 -0,000484233298844
0,3780000000 -0,000484660627124
0,3783333333 -0,000485087955294
0,3786666667 -0,000485515283356
0,3790000000 -0,000485942611307
0,3793333333 -0,000486369939149
0,3796666667 -0,000486797266882
0,3800000000 -0,000487224594506
0,3803333333 -0,000487651922020
0,3806666667 -0,000488079249424
0,3810000000 -0,000488506576719
0,3813333333 -0,000488933903905
0,3816666667 -0,000489361230981
0,3820000000 -0,000489788557948
0,3823333333 -0,000490215884806
0,3826666667 -0,000490643211554
0,3830000000 -0,000491070538192
0,3833333333 -0,000491497864722
0,3836666667 -0,000491925191141
0,3840000000 -0,000492352517452
0,3843333333 -0,000492779843653
0,3846666667 -0,000493207169744
0,3850000000 -0,000493634495726
0,3853333333 -0,000494061821599
0,3856666667 -0,000494489147362
0,3860000000 -0,000494916473016
0,3863333333 -0,000495343798561
0,3866666667 -0,000495771123996
0,3870000000 -0,000496198449321
0,3873333333 -0,000496625774538
0,3876666667 -0,000497053099644
0,3880000000 -0,000497480424642
0,3883333333 -0,000497907749530
0,3886666667 -0,000498335074308
0,3890000000 -0,000498762398977
0,3893333333 -0,000499189723537
0,3896666667 -0,000499617047988
0,3900000000 -0,000500044372328
0,3903333333 -0,000500471696560
0,3906666667 -0,000500899020682
0,3910000000 -0,000501326344695
0,3913333333 -0,000501753668598
0,3916666667 -0,000502180992392
0,3920000000 -0,000502608316076
0,3923333333 -0,000503035639651
0,3926666667 -0,000503462963117
0,3930000000 -0,000503890286473
0,3933333333 -0,000504317609720
0,3936666667 -0,000504744932857
0,3940000000 -0,000505172255885
0,3943333333 -0,000505599578804
0,3946666667 -0,000506026901613
0,3950000000 -0,000506454224313
0,3953333333 -0,000506881546903
0,3956666667 -0,000507308869384
0,3960000000 -0,000507736191756
0,3963333333 -0,000508163514018
0,3966666667 -0,000508590836171
0,3970000000 -0,000509018158214
0,3973333333 -0,000509445480138
0,3976666667 -0,000509872801972
0,3980000000 -0,000510300123687
0,3983333333 -0,000510727445293
0,3986666667 -0,000511154766789
0,3990000000 -0,000511582088176
0,3993333333 -0,000512009409454
0,3996666667 -0,000512436730622
0,4000000000 -0,000512864051680
0,4003333333 -0,000513291372630
0,4006666667 -0,000513718693470
0,4010000000 -0,000514146014200
0,4013333333 -0,000514573334821
0,4016666667 -0,000515000655333
0,4020000000 -0,000515427975735
0,4023333333 -0,000515855296019
0,4026666667 -0,000516282616211
0,4030000000 -0,000516709936285
0,4033333333 -0,000517137256250
0,4036666667 -0,000517564576105
0,4040000000 -0,000517991895851
0,4043333333 -0,000518419215487
0,4046666667 -0,000518846535014
0,4050000000 -0,000519273854432
0,4053333333 -0,000519701173740
0,4056666667 -0,000520128492939
0,4060000000 -0,000520555812029
0,4063333333 -0,000520983131009
0,4066666667 -0,000521410449879
0,4070000000 -0,000521837768641
0,4073333333 -0,000522265087292
0,4076666667 -0,000522692405835
0,4080000000 -0,000523119724268
0,4083333333 -0,000523547042591
0,4086666667 -0,000523974360806
0,4090000000 -0,000524401678911
0,4093333333 -0,000524828996906
0,4096666667 -0,000525256314792
0,4100000000 -0,000525683632569
0,4103333333 -0,000526110950236
0,4106666667 -0,000526538267794
0,4110000000 -0,000526965585242
0,4113333333 -0,000527392902581
0,4116666667 -0,000527820219811
0,4120000000 -0,000528247536931
0,4123333333 -0,000528674853942
0,4126666667 -0,000529102170844
0,4130000000 -0,000529529487636
0,4133333333 -0,000529956804319
0,4136666667 -0,000530384120892
0,4140000000 -0,000530811437356
0,4143333333 -0,000531238753710
0,4146666667 -0,000531666069956
0,4150000000 -0,000532093386091
0,4153333333 -0,000532520702118
0,4156666667 -0,000532948018035
0,4160000000 -0,000533375333842
0,4163333333 -0,000533802649540
0,4166666667 -0,000534229965129
0,4170000000 -0,000534657280599
0,4173333333 -0,000535084595979
0,4176666667 -0,000535511911239
0,4180000000 -0,000535939226390
0,4183333333 -0,000536366541432
0,4186666667 -0,000536793856365
0,4190000000 -0,000537221171178
0,4193333333 -0,000537648485901
0,4196666667 -0,000538075800506
0,4200000000 -0,000538503115001
0,4203333333 -0,000538930429386
0,4206666667 -0,000539357743662
0,4210000000 -0,000539785057829
0,4213333333 -0,000540212371886
0,4216666667 -0,000540639685834
0,4220000000 -0,000541066999673
0,4223333333 -0,000541494313402
0,4226666667 -0,000541921627022
0,4230000000 -0,000542348940532
0,4233333333 -0,000542776253933
0,4236666667 -0,000543203567225
0,4240000000 -0,000543630880407
0,4243333333 -0,000544058193480
0,4246666667 -0,000544485506443
0,4250000000 -0,000544912819297
0,4253333333 -0,000545340132042
0,4256666667 -0,000545767444677
0,4260000000 -0,000546194757203
0,4263333333 -0,000546622069620
0,4266666667 -0,000547049381927
0,4270000000 -0,000547476694125
0,4273333333 -0,000547904006213
0,4276666667 -0,000548331318192
0,4280000000 -0,000548758630062
0,4283333333 -0,000549185941822
0,4286666667 -0,000549613253473
0,4290000000 -0,000550040565015
0,4293333333 -0,000550467876447
0,4296666667 -0,000550895187770
0,4300000000 -0,000551322498983
0,4303333333 -0,000551749810087
0,4306666667 -0,000552177121081
0,4310000000 -0,000552604431967
0,4313333333 -0,000553031742742
0,4316666667 -0,000553459053409
0,4320000000 -0,000553886363966
0,4323333333 -0,000554313674414
0,4326666667 -0,000554740984752
0,4330000000 -0,000555168294981
0,4333333333 -0,000555595605101
0,4336666667 -0,000556022915111
0,4340000000 -0,000556450225012
0,4343333333 -0,000556877534803
0,4346666667 -0,000557304844485
0,4350000000 -0,000557732154058
0,4353333333 -0,000558159463521
0,4356666667 -0,000558586772875
0,4360000000 -0,000559014082119
0,4363333333 -0,000559441391255
0,4366666667 -0,000559868700280
0,4370000000 -0,000560296009197
0,4373333333 -0,000560723318004
0,4376666667 -0,000561150626702
0,4380000000 -0,000561577935290
0,4383333333 -0,000562005243769
0,4386666667 -0,000562432552138
0,4390000000 -0,000562859860399
0,4393333333 -0,000563287168549
0,4396666667 -0,000563714476591
0,4400000000 -0,000564141784523
0,4403333333 -0,000564569092346
0,4406666667 -0,000564996400059
0,4410000000 -0,000565423707663
0,4413333333 -0,000565851015157
0,4416666667 -0,000566278322543
0,4420000000 -0,000566705629818
0,4423333333 -0,000567132936985
0,4426666667 -0,000567560244042
0,4430000000 -0,000567987550990
0,4433333333 -0,000568414857828
0,4436666667 -0,000568842164557
0,4440000000 -0,000569269471177
0,4443333333 -0,000569696777687
0,4446666667 -0,000570124084088
0,4450000000 -0,000570551390379
0,4453333333 -0,000570978696561
0,4456666667 -0,000571406002625
0,4460000000 -0,000571833308598
0,4463333333 -0,000572260614452
0,4466666667 -0,000572687920196
0,4470000000 -0,000573115225832
0,4473333333 -0,000573542531357
0,4476666667 -0,000573969836774
0,4480000000 -0,000574397142081
0,4483333333 -0,000574824447279
0,4486666667 -0,000575251752367
0,4490000000 -0,000575679057347
0,4493333333 -0,000576106362216
0,4496666667 -0,000576533666977
0,4500000000 -0,000576960971628
0,4503333333 -0,000577388276169
0,4506666667 -0,000577815580602
0,4510000000 -0,000578242884924
0,4513333333 -0,000578670189138
0,4516666667 -0,000579097493242
0,4520000000 -0,000579524797237
0,4523333333 -0,000579952101122
0,4526666667 -0,000580379404899
0,4530000000 -0,000580806708565
0,4533333333 -0,000581234012123
0,4536666667 -0,000581661315571
0,4540000000 -0,000582088618909
0,4543333333 -0,000582515922139
0,4546666667 -0,000582943225259
0,4550000000 -0,000583370528269
0,4553333333 -0,000583797831170
0,4556666667 -0,000584225133962
0,4560000000 -0,000584652436645
0,4563333333 -0,000585079739218
0,4566666667 -0,000585507041682
0,4570000000 -0,000585934344036
0,4573333333 -0,000586361646281
0,4576666667 -0,000586788948417
0,4580000000 -0,000587216250443
0,4583333333 -0,000587643552360
0,4586666667 -0,000588070854168
0,4590000000 -0,000588498155866
0,4593333333 -0,000588925457455
0,4596666667 -0,000589352758934
0,4600000000 -0,000589780060304
0,4603333333 -0,000590207361565
0,4606666667 -0,000590634662717
0,4610000000 -0,000591061963759
0,4613333333 -0,000591489264692
0,4616666667 -0,000591916565515
0,4620000000 -0,000592343866229
0,4623333333 -0,000592771166834
0,4626666667 -0,000593198467329
0,4630000000 -0,000593625767715
0,4633333333 -0,000594053067992
0,4636666667 -0,000594480368150
0,4640000000 -0,000594907668217
0,4643333333 -0,000595334968165
0,4646666667 -0,000595762268005
0,4650000000 -0,000596189567734
0,4653333333 -0,000596616867355
0,4656666667 -0,000597044166866
0,4660000000 -0,000597471466268
0,4663333333 -0,000597898765560
0,4666666667 -0,000598326064743
0,4670000000 -0,000598753363817
0,4673333333 -0,000599180662782
0,4676666667 -0,000599607961637
0,4680000000 -0,000600035260382
0,4683333333 -0,000600462559019
0,4686666667 -0,000600889857546
0,4690000000 -0,000601317155963
0,4693333333 -0,000601744454272
0,4696666667 -0,000602171752471
0,4700000000 -0,000602599050560
0,4703333333 -0,000603026348540
0,4706666667 -0,000603453646411
0,4710000000 -0,000603880944173
0,4713333333 -0,000604308241825
0,4716666667 -0,000604735539368
0,4720000000 -0,000605162836801
0,4723333333 -0,000605590134126
0,4726666667 -0,000606017431340
0,4730000000 -0,000606444728446
0,4733333333 -0,000606872025442
0,4736666667 -0,000607299322329
0,4740000000 -0,000607726619106
0,4743333333 -0,000608153915774
0,4746666667 -0,000608581212333
0,4750000000 -0,000609008508782
0,4753333333 -0,000609435805122
0,4756666667 -0,000609863101353
0,4760000000 -0,000610290397474
0,4763333333 -0,000610717693486
0,4766666667 -0,000611144989389
0,4770000000 -0,000611572285182
0,4773333333 -0,000611999580866
0,4776666667 -0,000612426876441
0,4780000000 -0,000612854171906
0,4783333333 -0,000613281467262
0,4786666667 -0,000613708762500
0,4790000000 -0,000614136057646
0,4793333333 -0,000614563352674
0,4796666667 -0,000614990647593
0,4800000000 -0,000615417942402
0,4803333333 -0,000615845237102
0,4806666667 -0,000616272531692
0,4810000000 -0,000616699826174
0,4813333333 -0,000617127120546
0,4816666667 -0,000617554414808
0,4820000000 -0,000617981708961
0,4823333333 -0,000618409003005
0,4826666667 -0,000618836296940
0,4830000000 -0,000619263590765
0,4833333333 -0,000619690884481
0,4836666667 -0,000620118178087
0,4840000000 -0,000620545471584
0,4843333333 -0,000620972764972
0,4846666667 -0,000621400058251
0,4850000000 -0,000621827351420
0,4853333333 -0,000622254644480
0,4856666667 -0,000622681937430
0,4860000000 -0,000623109230271
0,4863333333 -0,000623536523003
0,4866666667 -0,000623963815626
0,4870000000 -0,000624391108139
0,4873333333 -0,000624818400543
0,4876666667 -0,000625245692837
0,4880000000 -0,000625672985022
0,4883333333 -0,000626100277098
0,4886666667 -0,000626527569065
0,4890000000 -0,000626954860922
0,4893333333 -0,000627382152670
0,4896666667 -0,000627809444308
0,4900000000 -0,000628236735837
0,4903333333 -0,000628664027257
0,4906666667 -0,000629091318567
0,4910000000 -0,000629518609769
0,4913333333 -0,000629945900860
0,4916666667 -0,000630373191843
0,4920000000 -0,000630800482716
0,4923333333 -0,000631227773480
0,4926666667 -0,000631655064134
0,4930000000 -0,000632082354679
0,4933333333 -0,000632509645115
0,4936666667 -0,000632936935442
0,4940000000 -0,000633364225659
0,4943333333 -0,000633791515767
0,4946666667 -0,000634218805765
0,4950000000 -0,000634646095654
0,4953333333 -0,000635073385434
0,4956666667 -0,000635500675105
0,4960000000 -0,000635927964666
0,4963333333 -0,000636355254118
0,4966666667 -0,000636782543460
0,4970000000 -0,000637209832694
0,4973333333 -0,000637637121817
0,4976666667 -0,000638064410832
0,4980000000 -0,000638491699737
0,4983333333 -0,000638918988533
0,4986666667 -0,000639346277220
0,4990000000 -0,000639773565797
0,4993333333 -0,000640200854265
0,4996666667 -0,000640628142623
0,5000000000 -0,000641055430873
0,5003333333 -0,000641482719013
0,5006666667 -0,000641910007043
0,5010000000 -0,000642337294965
0,5013333333 -0,000642764582776
0,5016666667 -0,000643191870479
0,5020000000 -0,000643619158072
0,5023333333 -0,000644046445556
0,5026666667 -0,000644473732931
0,5030000000 -0,000644901020196
0,5033333333 -0,000645328307352
0,5036666667 -0,000645755594399
0,5040000000 -0,000646182881337
0,5043333333 -0,000646610168165
0,5046666667 -0,000647037454883
0,5050000000 -0,000647464741493
0,5053333333 -0,000647892027993
0,5056666667 -0,000648319314384
0,5060000000 -0,000648746600665
0,5063333333 -0,000649173886837
0,5066666667 -0,000649601172900
0,5070000000 -0,000650028458854
0,5073333333 -0,000650455744698
0,5076666667 -0,000650883030433
0,5080000000 -0,000651310316058
0,5083333333 -0,000651737601574
0,5086666667 -0,000652164886981
0,5090000000 -0,000652592172279
0,5093333333 -0,000653019457467
0,5096666667 -0,000653446742546
0,5100000000 -0,000653874027516
0,5103333333 -0,000654301312376
0,5106666667 -0,000654728597127
0,5110000000 -0,000655155881769
0,5113333333 -0,000655583166301
0,5116666667 -0,000656010450724
0,5120000000 -0,000656437735038
0,5123333333 -0,000656865019242
0,5126666667 -0,000657292303337
0,5130000000 -0,000657719587323
0,5133333333 -0,000658146871200
0,5136666667 -0,000658574154967
0,5140000000 -0,000659001438625
0,5143333333 -0,000659428722173
0,5146666667 -0,000659856005612
0,5150000000 -0,000660283288942
0,5153333333 -0,000660710572163
0,5156666667 -0,000661137855274
0,5160000000 -0,000661565138276
0,5163333333 -0,000661992421169
0,5166666667 -0,000662419703952
0,5170000000 -0,000662846986626
0,5173333333 -0,000663274269191
0,5176666667 -0,000663701551646
0,5180000000 -0,000664128833992
0,5183333333 -0,000664556116229
0,5186666667 -0,000664983398356
0,5190000000 -0,000665410680375
0,5193333333 -0,000665837962283
0,5196666667 -0,000666265244083
0,5200000000 -0,000666692525773
0,5203333333 -0,000667119807354
0,5206666667 -0,000667547088826
0,5210000000 -0,000667974370188
0,5213333333 -0,000668401651441
0,5216666667 -0,000668828932585
0,5220000000 -0,000669256213619
0,5223333333 -0,000669683494544
0,5226666667 -0,000670110775360
0,5230000000 -0,000670538056066
0,5233333333 -0,000670965336664
0,5236666667 -0,000671392617151
0,5240000000 -0,000671819897530
0,5243333333 -0,000672247177799
0,5246666667 -0,000672674457959
0,5250000000 -0,000673101738010
0,5253333333 -0,000673529017951
0,5256666667 -0,000673956297783
0,5260000000 -0,000674383577506
0,5263333333 -0,000674810857119
0,5266666667 -0,000675238136623
0,5270000000 -0,000675665416018
0,5273333333 -0,000676092695304
0,5276666667 -0,000676519974480
0,5280000000 -0,000676947253547
0,5283333333 -0,000677374532504
0,5286666667 -0,000677801811352
0,5290000000 -0,000678229090091
0,5293333333 -0,000678656368721
0,5296666667 -0,000679083647241
0,5300000000 -0,000679510925653
0,5303333333 -0,000679938203954
0,5306666667 -0,000680365482147
0,5310000000 -0,000680792760230
0,5313333333 -0,000681220038204
0,5316666667 -0,000681647316068
0,5320000000 -0,000682074593824
0,5323333333 -0,000682501871470
0,5326666667 -0,000682929149006
0,5330000000 -0,000683356426434
0,5333333333 -0,000683783703752
0,5336666667 -0,000684210980960
0,5340000000 -0,000684638258060
0,5343333333 -0,000685065535050
0,5346666667 -0,000685492811931
0,5350000000 -0,000685920088703
0,5353333333 -0,000686347365365
0,5356666667 -0,000686774641918
0,5360000000 -0,000687201918362
0,5363333333 -0,000687629194696
0,5366666667 -0,000688056470921
0,5370000000 -0,000688483747037
0,5373333333 -0,000688911023043
0,5376666667 -0,000689338298941
0,5380000000 -0,000689765574728
0,5383333333 -0,000690192850407
0,5386666667 -0,000690620125976
0,5390000000 -0,000691047401436
0,5393333333 -0,000691474676787
0,5396666667 -0,000691901952029
0,5400000000 -0,000692329227161
0,5403333333 -0,000692756502184
0,5406666667 -0,000693183777097
0,5410000000 -0,000693611051901
0,5413333333 -0,000694038326596
0,5416666667 -0,000694465601182
0,5420000000 -0,000694892875658
0,5423333333 -0,000695320150025
0,5426666667 -0,000695747424283
0,5430000000 -0,000696174698432
0,5433333333 -0,000696601972471
0,5436666667 -0,000697029246401
0,5440000000 -0,000697456520222
0,5443333333 -0,000697883793933
0,5446666667 -0,000698311067526
0,5450000000 -0,000698738341028
0,5453333333 -0,000699165614411
0,5456666667 -0,000699592887685
0,5460000000 -0,000700020160850
0,5463333333 -0,000700447433906
0,5466666667 -0,000700874706852
0,5470000000 -0,000701301979689
0,5473333333 -0,000701729252417
0,5476666667 -0,000702156525036
0,5480000000 -0,000702583797545
0,5483333333 -0,000703011069945
0,5486666667 -0,000703438342226
0,5490000000 -0,000703865614417
0,5493333333 -0,000704292886489
0,5496666667 -0,000704720158451
0,5500000000 -0,000705147430305
0,5503333333 -0,000705574702049
0,5506666667 -0,000706001973684
0,5510000000 -0,000706429245209
0,5513333333 -0,000706856516626
0,5516666667 -0,000707283787933
0,5520000000 -0,000707711059131
0,5523333333 -0,000708138330219
0,5526666667 -0,000708565601198
0,5530000000 -0,000708992872068
0,5533333333 -0,000709420142829
0,5536666667 -0,000709847413480
0,5540000000 -0,000710274684022
0,5543333333 -0,000710701954455
0,5546666667 -0,000711129224778
0,5550000000 -0,000711556494992
0,5553333333 -0,000711983765097
0,5556666667 -0,000712411035093
0,5560000000 -0,000712838304979
0,5563333333 -0,000713265574756
0,5566666667 -0,000713692844424
0,5570000000 -0,000714120113983
0,5573333333 -0,000714547383432
0,5576666667 -0,000714974652772
0,5580000000 -0,000715401922003
0,5583333333 -0,000715829191124
0,5586666667 -0,000716256460136
0,5590000000 -0,000716683729039
0,5593333333 -0,000717110997833
0,5596666667 -0,000717538266517
0,5600000000 -0,000717965535092
0,5603333333 -0,000718392803558
0,5606666667 -0,000718820071914
0,5610000000 -0,000719247340161
0,5613333333 -0,000719674608299
0,5616666667 -0,000720101876328
0,5620000000 -0,000720529144247
0,5623333333 -0,000720956412057
0,5626666667 -0,000721383679758
0,5630000000 -0,000721810947349
0,5633333333 -0,000722238214832
0,5636666667 -0,000722665482205
0,5640000000 -0,000723092749468
0,5643333333 -0,000723520016623
0,5646666667 -0,000723947283668
0,5650000000 -0,000724374550604
0,5653333333 -0,000724801817430
0,5656666667 -0,000725229084148
0,5660000000 -0,000725656350756
0,5663333333 -0,000726083617255
0,5666666667 -0,000726510883644
0,5670000000 -0,000726938149924
0,5673333333 -0,000727365416095
0,5676666667 -0,000727792682157
0,5680000000 -0,000728219948109
0,5683333333 -0,000728647213952
0,5686666667 -0,000729074479686
0,5690000000 -0,000729501745311
0,5693333333 -0,000729929010826
0,5696666667 -0,000730356276232
0,5700000000 -0,000730783541529
0,5703333333 -0,000731210806717
0,5706666667 -0,000731638071795
0,5710000000 -0,000732065336764
0,5713333333 -0,000732492601624
0,5716666667 -0,000732919866374
0,5720000000 -0,000733347131015
0,5723333333 -0,000733774395547
0,5726666667 -0,000734201659970
0,5730000000 -0,000734628924283
0,5733333333 -0,000735056188487
0,5736666667 -0,000735483452582
0,5740000000 -0,000735910716568
0,5743333333 -0,000736337980444
0,5746666667 -0,000736765244211
0,5750000000 -0,000737192507869
0,5753333333 -0,000737619771417
0,5756666667 -0,000738047034857
0,5760000000 -0,000738474298187
0,5763333333 -0,000738901561407
0,5766666667 -0,000739328824519
0,5770000000 -0,000739756087521
0,5773333333 -0,000740183350414
0,5776666667 -0,000740610613197
0,5780000000 -0,000741037875872
0,5783333333 -0,000741465138437
0,5786666667 -0,000741892400893
0,5790000000 -0,000742319663239
0,5793333333 -0,000742746925477
0,5796666667 -0,000743174187605
0,5800000000 -0,000743601449624
0,5803333333 -0,000744028711533
0,5806666667 -0,000744455973334
0,5810000000 -0,000744883235025
0,5813333333 -0,000745310496606
0,5816666667 -0,000745737758079
0,5820000000 -0,000746165019442
0,5823333333 -0,000746592280696
0,5826666667 -0,000747019541841
0,5830000000 -0,000747446802876
0,5833333333 -0,000747874063802
0,5836666667 -0,000748301324619
0,5840000000 -0,000748728585327
0,5843333333 -0,000749155845926
0,5846666667 -0,000749583106415
0,5850000000 -0,000750010366795
0,5853333333 -0,000750437627065
0,5856666667 -0,000750864887227
0,5860000000 -0,000751292147279
0,5863333333 -0,000751719407222
0,5866666667 -0,000752146667055
0,5870000000 -0,000752573926780
0,5873333333 -0,000753001186386
0,5876666667 -0,000753428445901
0,5880000000 -0,000753855705297
0,5883333333 -0,000754282964585
0,5886666667 -0,000754710223763
0,5890000000 -0,000755137482832
0,5893333333 -0,000755564741782
0,5896666667 -0,000755992000641
0,5900000000 -0,000756419259383
0,5903333333 -0,000756846518014
0,5906666667 -0,000757273776537
0,5910000000 -0,000757701034950
0,5913333333 -0,000758128293254
0,5916666667 -0,000758555551449
0,5920000000 -0,000758982809535
0,5923333333 -0,000759410067511
0,5926666667 -0,000759837325378
0,5930000000 -0,000760264583136
0,5933333333 -0,000760691840784
0,5936666667 -0,000761119098324
0,5940000000 -0,000761546355754
0,5943333333 -0,000761973613075
0,5946666667 -0,000762400870286
0,5950000000 -0,000762828127388
0,5953333333 -0,000763255384381
0,5956666667 -0,000763682641265
0,5960000000 -0,000764109898040
0,5963333333 -0,000764537154705
0,5966666667 -0,000764964411261
0,5970000000 -0,000765391667708
0,5973333333 -0,000765818924045
0,5976666667 -0,000766246180274
0,5980000000 -0,000766673436384
0,5983333333 -0,000767100692403
0,5986666667 -0,000767527948303
0,5990000000 -0,000767955204095
0,5993333333 -0,000768382459777
0,5996666667 -0,000768809715349
0,6000000000 -0,000769236970813
0,6003333333 -0,000769664226167
0,6006666667 -0,000770091481412
0,6010000000 -0,000770518736548
0,6013333333 -0,000770945991575
0,6016666667 -0,000771373246492
0,6020000000 -0,000771800501300
0,6023333333 -0,000772227755999
0,6026666667 -0,000772655010589
0,6030000000 -0,000773082265069
0,6033333333 -0,000773509519440
0,6036666667 -0,000773936773702
0,6040000000 -0,000774364027855
0,6043333333 -0,000774791281898
0,6046666667 -0,000775218535832
0,6050000000 -0,000775645789657
0,6053333333 -0,000776073043373
0,6056666667 -0,000776500296979
0,6060000000 -0,000776927550476
0,6063333333 -0,000777354803864
0,6066666667 -0,000777782057143
0,6070000000 -0,000778209310313
0,6073333333 -0,000778636563373
0,6076666667 -0,000779063816324
0,6080000000 -0,000779491069156
0,6083333333 -0,000779918321898
0,6086666667 -0,000780345574521
0,6090000000 -0,000780772827035
0,6093333333 -0,000781200079440
0,6096666667 -0,000781627331736
0,6100000000 -0,000782054583922
0,6103333333 -0,000782481835999
0,6106666667 -0,000782909087967
0,6110000000 -0,000783336339825
0,6113333333 -0,000783763591575
0,6116666667 -0,000784190843215
0,6120000000 -0,000784618094746
0,6123333333 -0,000785045346167
0,6126666667 -0,000785472597480
0,6130000000 -0,000785899848683
0,6133333333 -0,000786327099777
0,6136666667 -0,000786754350762
0,6140000000 -0,000787181601637
0,6143333333 -0,000787608852403
0,6146666667 -0,000788036103060
0,6150000000 -0,000788463353608
0,6153333333 -0,000788890604047
0,6156666667 -0,000789317854376
0,6160000000 -0,000789745104596
0,6163333333 -0,000790172354707
0,6166666667 -0,000790599604708
0,6170000000 -0,000791026854601
0,6173333333 -0,000791454104384
0,6176666667 -0,000791881354058
0,6180000000 -0,000792308603623
0,6183333333 -0,000792735853078
0,6186666667 -0,000793163102424
0,6190000000 -0,000793590351661
0,6193333333 -0,000794017600789
0,6196666667 -0,000794444849798
0,6200000000 -0,000794872098717
0,6203333333 -0,000795299347517
0,6206666667 -0,000795726596208
0,6210000000 -0,000796153844789
0,6213333333 -0,000796581093261
0,6216666667 -0,000797008341625
0,6220000000 -0,000797435589879
0,6223333333 -0,000797862838023
0,6226666667 -0,000798290086059
0,6230000000 -0,000798717333985
0,6233333333 -0,000799144581802
0,6236666667 -0,000799571829510
0,6240000000 -0,000799999077108
0,6243333333 -0,000800426324597
0,6246666667 -0,000800853571978
0,6250000000 -0,000801280819248
0,6253333333 -0,000801708066410
0,6256666667 -0,000802135313462
0,6260000000 -0,000802562560406
0,6263333333 -0,000802989807240
0,6266666667 -0,000803417053964
0,6270000000 -0,000803844300580
0,6273333333 -0,000804271547086
0,6276666667 -0,000804698793483
0,6280000000 -0,000805126039771
0,6283333333 -0,000805553285950
0,6286666667 -0,000805980532019
0,6290000000 -0,000806407777979
0,6293333333 -0,000806835023830
0,6296666667 -0,000807262269572
0,6300000000 -0,000807689515204
0,6303333333 -0,000808116760727
0,6306666667 -0,000808544006141
0,6310000000 -0,000808971251446
0,6313333333 -0,000809398496642
0,6316666667 -0,000809825741728
0,6320000000 -0,000810252986705
0,6323333333 -0,000810680231573
0,6326666667 -0,000811107476332
0,6330000000 -0,000811534720982
0,6333333333 -0,000811961965522
0,6336666667 -0,000812389209953
0,6340000000 -0,000812816454275
0,6343333333 -0,000813243698487
0,6346666667 -0,000813670942591
0,6350000000 -0,000814098186585
0,6353333333 -0,000814525430470
0,6356666667 -0,000814952674246
0,6360000000 -0,000815379917912
0,6363333333 -0,000815807161469
0,6366666667 -0,000816234404918
0,6370000000 -0,000816661648256
0,6373333333 -0,000817088891486
0,6376666667 -0,000817516134607
0,6380000000 -0,000817943377618
0,6383333333 -0,000818370620520
0,6386666667 -0,000818797863313
0,6390000000 -0,000819225105996
0,6393333333 -0,000819652348571
0,6396666667 -0,000820079591036
0,6400000000 -0,000820506833392
0,6403333333 -0,000820934075638
0,6406666667 -0,000821361317776
0,6410000000 -0,000821788559804
0,6413333333 -0,000822215801723
0,6416666667 -0,000822643043533
0,6420000000 -0,000823070285234
0,6423333333 -0,000823497526825
0,6426666667 -0,000823924768307
0,6430000000 -0,000824352009680
0,6433333333 -0,000824779250944
0,6436666667 -0,000825206492099
0,6440000000 -0,000825633733144
0,6443333333 -0,000826060974080
0,6446666667 -0,000826488214907
0,6450000000 -0,000826915455625
0,6453333333 -0,000827342696234
0,6456666667 -0,000827769936724
0,6460000000 -0,000828197177123
0,6463333333 -0,000828624417404
0,6466666667 -0,000829051657576
0,6470000000 -0,000829478897629
0,6473333333 -0,000829906137591
0,6476666667 -0,000830333377435
0,6480000000 -0,000830760617170
0,6483333333 -0,000831187856796
0,6486666667 -0,000831615096312
0,6490000000 -0,000832042335720
0,6493333333 -0,000832469575018
0,6496666667 -0,000832896814206
0,6500000000 -0,000833324053286
0,6503333333 -0,000833751292256
0,6506666667 -0,000834178531118
0,6510000000 -0,000834605769870
0,6513333333 -0,000835033008512
0,6516666667 -0,000835460247046
0,6520000000 -0,000835887485470
0,6523333333 -0,000836314723786
0,6526666667 -0,000836741961992
0,6530000000 -0,000837169200088
0,6533333333 -0,000837596438076
0,6536666667 -0,000838023675954
0,6540000000 -0,000838450913723
0,6543333333 -0,000838878151383
0,6546666667 -0,000839305388934
0,6550000000 -0,000839732626376
0,6553333333 -0,000840159863708
0,6556666667 -0,000840587100931
0,6560000000 -0,000841014338045
0,6563333333 -0,000841441575050
0,6566666667 -0,000841868811945
0,6570000000 -0,000842296048732
0,6573333333 -0,000842723285409
0,6576666667 -0,000843150521977
0,6580000000 -0,000843577758435
0,6583333333 -0,000844004994785
0,6586666667 -0,000844432231025
0,6590000000 -0,000844859467156
0,6593333333 -0,000845286703178
0,6596666667 -0,000845713939091
0,6600000000 -0,000846141174895
0,6603333333 -0,000846568410589
0,6606666667 -0,000846995646174
0,6610000000 -0,000847422881650
0,6613333333 -0,000847850117017
0,6616666667 -0,000848277352274
0,6620000000 -0,000848704587423
0,6623333333 -0,000849131822462
0,6626666667 -0,000849559057392
0,6630000000 -0,000849986292203
0,6633333333 -0,000850413526924
0,6636666667 -0,000850840761526
0,6640000000 -0,000851267996020
0,6643333333 -0,000851695230404
0,6646666667 -0,000852122464678
0,6650000000 -0,000852549698844
0,6653333333 -0,000852976932900
0,6656666667 -0,000853404166848
0,6660000000 -0,000853831400686
0,6663333333 -0,000854258634414
0,6666666667 -0,000854685868034
0,6670000000 -0,000855113101544
0,6673333333 -0,000855540334936
0,6676666667 -0,000855967568238
0,6680000000 -0,000856394801421
0,6683333333 -0,000856822034494
0,6686666667 -0,000857249267459
0,6690000000 -0,000857676500314
0,6693333333 -0,000858103733060
0,6696666667 -0,000858530965697
0,6700000000 -0,000858958198225
0,6703333333 -0,000859385430643
0,6706666667 -0,000859812662952
0,6710000000 -0,000860239895152
0,6713333333 -0,000860667127243
0,6716666667 -0,000861094359225
0,6720000000 -0,000861521591098
0,6723333333 -0,000861948822861
0,6726666667 -0,000862376054515
0,6730000000 -0,000862803286060
0,6733333333 -0,000863230517496
0,6736666667 -0,000863657748823
0,6740000000 -0,000864084980031
0,6743333333 -0,000864512211148
0,6746666667 -0,000864939442147
0,6750000000 -0,000865366673037
0,6753333333 -0,000865793903818
0,6756666667 -0,000866221134489
0,6760000000 -0,000866648365052
0,6763333333 -0,000867075595505
0,6766666667 -0,000867502825849
0,6770000000 -0,000867930056083
0,6773333333 -0,000868357286209
0,6776666667 -0,000868784516225
0,6780000000 -0,000869211746132
0,6783333333 -0,000869638975930
0,6786666667 -0,000870066205619
0,6790000000 -0,000870493435199
0,6793333333 -0,000870920664669
0,6796666667 -0,000871347894031
0,6800000000 -0,000871775123283
0,6803333333 -0,000872202352426
0,6806666667 -0,000872629581459
0,6810000000 -0,000873056810384
0,6813333333 -0,000873484039199
0,6816666667 -0,000873911267905
0,6820000000 -0,000874338496502
0,6823333333 -0,000874765724990
0,6826666667 -0,000875192953369
0,6830000000 -0,000875620181638
0,6833333333 -0,000876047409799
0,6836666667 -0,000876474637850
0,6840000000 -0,000876901865792
0,6843333333 -0,000877329093624
0,6846666667 -0,000877756321348
0,6850000000 -0,000878183548962
0,6853333333 -0,000878610776458
0,6856666667 -0,000879038003863
0,6860000000 -0,000879465231150
0,6863333333 -0,000879892458328
0,6866666667 -0,000880319685396
0,6870000000 -0,000880746912356
0,6873333333 -0,000881174139206
0,6876666667 -0,000881601365947
0,6880000000 -0,000882028592578
0,6883333333 -0,000882455819101
0,6886666667 -0,000882883045505
0,6890000000 -0,000883310271819
0,6893333333 -0,000883737498014
0,6896666667 -0,000884164724100
0,6900000000 -0,000884591950076
0,6903333333 -0,000885019175944
0,6906666667 -0,000885446401702
0,6910000000 -0,000885873627351
0,6913333333 -0,000886300852891
0,6916666667 -0,000886728078322
0,6920000000 -0,000887155303644
0,6923333333 -0,000887582528856
0,6926666667 -0,000888009753960
0,6930000000 -0,000888436978954
0,6933333333 -0,000888864203839
0,6936666667 -0,000889291428615
0,6940000000 -0,000889718653281
0,6943333333 -0,000890145877839
0,6946666667 -0,000890573102287
0,6950000000 -0,000891000326626
0,6953333333 -0,000891427550856
0,6956666667 -0,000891854774977
0,6960000000 -0,000892281998989
0,6963333333 -0,000892709222891
0,6966666667 -0,000893136446684
0,6970000000 -0,000893563670368
0,6973333333 -0,000893990893943
0,6976666667 -0,000894418117409
0,6980000000 -0,000894845340766
0,6983333333 -0,000895272564013
0,6986666667 -0,000895699787151
0,6990000000 -0,000896127010171
0,6993333333 -0,000896554233100
0,6996666667 -0,000896981455911
0,7000000000 -0,000897408678613
0,7003333333 -0,000897835901205
0,7006666667 -0,000898263123688
0,7010000000 -0,000898690346062
0,7013333333 -0,000899117568327
0,7016666667 -0,000899544790483
0,7020000000 -0,000899972012530
0,7023333333 -0,000900399234467
0,7026666667 -0,000900826456295
0,7030000000 -0,000901253678014
0,7033333333 -0,000901680899624
0,7036666667 -0,000902108121125
0,7040000000 -0,000902535342517
0,7043333333 -0,000902962563799
0,7046666667 -0,000903389784972
0,7050000000 -0,000903817006036
0,7053333333 -0,000904244226991
0,7056666667 -0,000904671447828
0,7060000000 -0,000905098668574
0,7063333333 -0,000905525889201
0,7066666667 -0,000905953109719
0,7070000000 -0,000906380330129
0,7073333333 -0,000906807550429
0,7076666667 -0,000907234770619
0,7080000000 -0,000907661990701
0,7083333333 -0,000908089210673
0,7086666667 -0,000908516430537
0,7090000000 -0,000908943650291
0,7093333333 -0,000909370869936
0,7096666667 -0,000909798089472
0,7100000000 -0,000910225308898
0,7103333333 -0,000910652528216
0,7106666667 -0,000911079747424
0,7110000000 -0,000911506966524
0,7113333333 -0,000911934185514
0,7116666667 -0,000912361404394
0,7120000000 -0,000912788623166
0,7123333333 -0,000913215841829
0,7126666667 -0,000913643060382
0,7130000000 -0,000914070278826
0,7133333333 -0,000914497497162
0,7136666667 -0,000914924715388
0,7140000000 -0,000915351933504
0,7143333333 -0,000915779151512
0,7146666667 -0,000916206369410
0,7150000000 -0,000916633587200
0,7153333333 -0,000917060804880
0,7156666667 -0,000917488022451
0,7160000000 -0,000917915239913
0,7163333333 -0,000918342457265
0,7166666667 -0,000918769674509
0,7170000000 -0,000919196891643
0,7173333333 -0,000919624108669
0,7176666667 -0,000920051325585
0,7180000000 -0,000920478542392
0,7183333333 -0,000920905759089
0,7186666667 -0,000921332975678
0,7190000000 -0,000921760192158
0,7193333333 -0,000922187408528
0,7196666667 -0,000922614624789
0,7200000000 -0,000923041840941
0,7203333333 -0,000923469056984
0,7206666667 -0,000923896272918
0,7210000000 -0,000924323488742
0,7213333333 -0,000924750704458
0,7216666667 -0,000925177920064
0,7220000000 -0,000925605135561
0,7223333333 -0,000926032350949
0,7226666667 -0,000926459566228
0,7230000000 -0,000926886781398
0,7233333333 -0,000927313996458
0,7236666667 -0,000927741211409
0,7240000000 -0,000928168426252
0,7243333333 -0,000928595640985
0,7246666667 -0,000929022855609
0,7250000000 -0,000929450070123
0,7253333333 -0,000929877284529
0,7256666667 -0,000930304498826
0,7260000000 -0,000930731713013
0,7263333333 -0,000931158927091
0,7266666667 -0,000931586141060
0,7270000000 -0,000932013354920
0,7273333333 -0,000932440568671
0,7276666667 -0,000932867782312
0,7280000000 -0,000933294995845
0,7283333333 -0,000933722209268
0,7286666667 -0,000934149422582
0,7290000000 -0,000934576635787
0,7293333333 -0,000935003848883
0,7296666667 -0,000935431061870
0,7300000000 -0,000935858274748
0,7303333333 -0,000936285487516
0,7306666667 -0,000936712700175
0,7310000000 -0,000937139912726
0,7313333333 -0,000937567125167
0,7316666667 -0,000937994337498
0,7320000000 -0,000938421549721
0,7323333333 -0,000938848761835
0,7326666667 -0,000939275973839
0,7330000000 -0,000939703185735
0,7333333333 -0,000940130397521
0,7336666667 -0,000940557609198
0,7340000000 -0,000940984820766
0,7343333333 -0,000941412032224
0,7346666667 -0,000941839243574
0,7350000000 -0,000942266454815
0,7353333333 -0,000942693665946
0,7356666667 -0,000943120876968
0,7360000000 -0,000943548087881
0,7363333333 -0,000943975298685
0,7366666667 -0,000944402509380
0,7370000000 -0,000944829719965
0,7373333333 -0,000945256930442
0,7376666667 -0,000945684140809
0,7380000000 -0,000946111351068
0,7383333333 -0,000946538561217
0,7386666667 -0,000946965771257
0,7390000000 -0,000947392981187
0,7393333333 -0,000947820191009
0,7396666667 -0,000948247400722
0,7400000000 -0,000948674610325
0,7403333333 -0,000949101819819
0,7406666667 -0,000949529029205
0,7410000000 -0,000949956238481
0,7413333333 -0,000950383447647
0,7416666667 -0,000950810656705
0,7420000000 -0,000951237865654
0,7423333333 -0,000951665074493
0,7426666667 -0,000952092283224
0,7430000000 -0,000952519491845
0,7433333333 -0,000952946700357
0,7436666667 -0,000953373908760
0,7440000000 -0,000953801117054
0,7443333333 -0,000954228325238
0,7446666667 -0,000954655533314
0,7450000000 -0,000955082741280
0,7453333333 -0,000955509949137
0,7456666667 -0,000955937156886
0,7460000000 -0,000956364364525
0,7463333333 -0,000956791572055
0,7466666667 -0,000957218779475
0,7470000000 -0,000957645986787
0,7473333333 -0,000958073193989
0,7476666667 -0,000958500401083
0,7480000000 -0,000958927608058
0,7483333333 -0,000959354814942
0,7486666667 -0,000959782021708
0,7490000000 -0,000960209228365
0,7493333333 -0,000960636434913
0,7496666667 -0,000961063641351
0,7500000000 -0,000961490847681
0,7503333333 -0,000961918053901
0,7506666667 -0,000962345260012
0,7510000000 -0,000962772466014
0,7513333333 -0,000963199671907
0,7516666667 -0,000963626877691
0,7520000000 -0,000964054083366
0,7523333333 -0,000964481288931
0,7526666667 -0,000964908494388
0,7530000000 -0,000965335699735
0,7533333333 -0,000965762904973
0,7536666667 -0,000966190110102
0,7540000000 -0,000966617315122
0,7543333333 -0,000967044520033
0,7546666667 -0,000967471724835
0,7550000000 -0,000967898929527
0,7553333333 -0,000968326134111
0,7556666667 -0,000968753338585
0,7560000000 -0,000969180542950
0,7563333333 -0,000969607747207
0,7566666667 -0,000970034951353
0,7570000000 -0,000970462155391
0,7573333333 -0,000970889359320
0,7576666667 -0,000971316563140
0,7580000000 -0,000971743766850
0,7583333333 -0,000972170970451
0,7586666667 -0,000972598173944
0,7590000000 -0,000973025377327
0,7593333333 -0,000973452580601
0,7596666667 -0,000973879783766
0,7600000000 -0,000974306986821
0,7603333333 -0,000974734189768
0,7606666667 -0,000975161392606
0,7610000000 -0,000975588595334
0,7613333333 -0,000976015797953
0,7616666667 -0,000976443000463
0,7620000000 -0,000976870202864
0,7623333333 -0,000977297405156
0,7626666667 -0,000977724607339
0,7630000000 -0,000978151809413
0,7633333333 -0,000978579011377
0,7636666667 -0,000979006213233
0,7640000000 -0,000979433414979
0,7643333333 -0,000979860616616
0,7646666667 -0,000980287818144
0,7650000000 -0,000980715019563
0,7653333333 -0,000981142220864
0,7656666667 -0,000981569422074
0,7660000000 -0,000981996623166
0,7663333333 -0,000982423824148
0,7666666667 -0,000982851025022
0,7670000000 -0,000983278225786
0,7673333333 -0,000983705426441
0,7676666667 -0,000984132626987
0,7680000000 -0,000984559827424
0,7683333333 -0,000984987027752
0,7686666667 -0,000985414227971
0,7690000000 -0,000985841428080
0,7693333333 -0,000986268628081
0,7696666667 -0,000986695827972
0,7700000000 -0,000987123027754
0,7703333333 -0,000987550227428
0,7706666667 -0,000987977426992
0,7710000000 -0,000988404626447
0,7713333333 -0,000988831825792
0,7716666667 -0,000989259025029
0,7720000000 -0,000989686224157
0,7723333333 -0,000990113423175
0,7726666667 -0,000990540622085
0,7730000000 -0,000990967820885
0,7733333333 -0,000991395019576
0,7736666667 -0,000991822218158
0,7740000000 -0,000992249416631
0,7743333333 -0,000992676614995
0,7746666667 -0,000993103813250
0,7750000000 -0,000993531011395
0,7753333333 -0,000993958209432
0,7756666667 -0,000994385407359
0,7760000000 -0,000994812605178
0,7763333333 -0,000995239802887
0,7766666667 -0,000995667000487
0,7770000000 -0,000996094197978
0,7773333333 -0,000996521395360
0,7776666667 -0,000996948592632
0,7780000000 -0,000997375789796
0,7783333333 -0,000997802986851
0,7786666667 -0,000998230183796
0,7790000000 -0,000998657380632
0,7793333333 -0,000999084577360
0,7796666667 -0,000999511773978
0,7800000000 -0,000999938970487
0,7803333333 -0,001000366166887
0,7806666667 -0,001000793363178
0,7810000000 -0,001001220559359
0,7813333333 -0,001001647755432
0,7816666667 -0,001002074951396
0,7820000000 -0,001002502147250
0,7823333333 -0,001002929342995
0,7826666667 -0,001003356538631
0,7830000000 -0,001003783734159
0,7833333333 -0,001004210929577
0,7836666667 -0,001004638124885
0,7840000000 -0,001005065320085
0,7843333333 -0,001005492515176
0,7846666667 -0,001005919710158
0,7850000000 -0,001006346905030
0,7853333333 -0,001006774099794
0,7856666667 -0,001007201294448
0,7860000000 -0,001007628488993
0,7863333333 -0,001008055683429
0,7866666667 -0,001008482877756
0,7870000000 -0,001008910071974
0,7873333333 -0,001009337266083
0,7876666667 -0,001009764460083
0,7880000000 -0,001010191653973
0,7883333333 -0,001010618847755
0,7886666667 -0,001011046041427
0,7890000000 -0,001011473234990
0,7893333333 -0,001011900428445
0,7896666667 -0,001012327621790
0,7900000000 -0,001012754815026
0,7903333333 -0,001013182008153
0,7906666667 -0,001013609201171
0,7910000000 -0,001014036394079
0,7913333333 -0,001014463586879
0,7916666667 -0,001014890779570
0,7920000000 -0,001015317972151
0,7923333333 -0,001015745164623
0,7926666667 -0,001016172356987
0,7930000000 -0,001016599549241
0,7933333333 -0,001017026741386
0,7936666667 -0,001017453933422
0,7940000000 -0,001017881125349
0,7943333333 -0,001018308317167
0,7946666667 -0,001018735508875
0,7950000000 -0,001019162700475
0,7953333333 -0,001019589891965
0,7956666667 -0,001020017083347
0,7960000000 -0,001020444274619
0,7963333333 -0,001020871465782
0,7966666667 -0,001021298656837
0,7970000000 -0,001021725847782
0,7973333333 -0,001022153038618
0,7976666667 -0,001022580229345
0,7980000000 -0,001023007419962
0,7983333333 -0,001023434610471
0,7986666667 -0,001023861800871
0,7990000000 -0,001024288991161
0,7993333333 -0,001024716181343
0,7996666667 -0,001025143371415
0,8000000000 -0,001025570561378
0,8003333333 -0,001025997751232
0,8006666667 -0,001026424940978
0,8010000000 -0,001026852130614
0,8013333333 -0,001027279320141
0,8016666667 -0,001027706509558
0,8020000000 -0,001028133698867
0,8023333333 -0,001028560888067
0,8026666667 -0,001028988077157
0,8030000000 -0,001029415266139
0,8033333333 -0,001029842455011
0,8036666667 -0,001030269643774
0,8040000000 -0,001030696832429
0,8043333333 -0,001031124020974
0,8046666667 -0,001031551209410
0,8050000000 -0,001031978397737
0,8053333333 -0,001032405585955
0,8056666667 -0,001032832774064
0,8060000000 -0,001033259962063
0,8063333333 -0,001033687149954
0,8066666667 -0,001034114337735
0,8070000000 -0,001034541525408
0,8073333333 -0,001034968712971
0,8076666667 -0,001035395900426
0,8080000000 -0,001035823087771
0,8083333333 -0,001036250275007
0,8086666667 -0,001036677462134
0,8090000000 -0,001037104649152
0,8093333333 -0,001037531836061
0,8096666667 -0,001037959022861
0,8100000000 -0,001038386209552
0,8103333333 -0,001038813396133
0,8106666667 -0,001039240582606
0,8110000000 -0,001039667768969
0,8113333333 -0,001040094955224
0,8116666667 -0,001040522141369
0,8120000000 -0,001040949327405
0,8123333333 -0,001041376513332
0,8126666667 -0,001041803699151
0,8130000000 -0,001042230884860
0,8133333333 -0,001042658070460
0,8136666667 -0,001043085255950
0,8140000000 -0,001043512441332
0,8143333333 -0,001043939626605
0,8146666667 -0,001044366811769
0,8150000000 -0,001044793996823
0,8153333333 -0,001045221181769
0,8156666667 -0,001045648366605
0,8160000000 -0,001046075551332
0,8163333333 -0,001046502735951
0,8166666667 -0,001046929920460
0,8170000000 -0,001047357104860
0,8173333333 -0,001047784289142
0,8176666667 -0,001048211473333
0,8180000000 -0,001048638657406
0,8183333333 -0,001049065841370
0,8186666667 -0,001049493025224
0,8190000000 -0,001049920208970
0,8193333333 -0,001050347392607
0,8196666667 -0,001050774576134
0,8200000000 -0,001051201759552
0,8203333333 -0,001051628942862
0,8206666667 -0,001052056126062
0,8210000000 -0,001052483309153
0,8213333333 -0,001052910492136
0,8216666667 -0,001053337675009
0,8220000000 -0,001053764857773
0,8223333333 -0,001054192040428
0,8226666667 -0,001054619222973
0,8230000000 -0,001055046405410
0,8233333333 -0,001055473587738
0,8236666667 -0,001055900769957
0,8240000000 -0,001056327952066
0,8243333333 -0,001056755134067
0,8246666667 -0,001057182315958
0,8250000000 -0,001057609497741
0,8253333333 -0,001058036679414
0,8256666667 -0,001058463860978
0,8260000000 -0,001058891042433
0,8263333333 -0,001059318223779
0,8266666667 -0,001059745405017
0,8270000000 -0,001060172586145
0,8273333333 -0,001060599767163
0,8276666667 -0,001061026948073
0,8280000000 -0,001061454128874
0,8283333333 -0,001061881309566
0,8286666667 -0,001062308490148
0,8290000000 -0,001062735670622
0,8293333333 -0,001063162850987
0,8296666667 -0,001063590031242
0,8300000000 -0,001064017211388
0,8303333333 -0,001064444391426
0,8306666667 -0,001064871571354
0,8310000000 -0,001065298751173
0,8313333333 -0,001065725930883
0,8316666667 -0,001066153110484
0,8320000000 -0,001066580289976
0,8323333333 -0,001067007469359
0,8326666667 -0,001067434648633
0,8330000000 -0,001067861827798
0,8333333333 -0,001068289006854
0,8336666667 -0,001068716185800
0,8340000000 -0,001069143364638
0,8343333333 -0,001069570543367
0,8346666667 -0,001069997721986
0,8350000000 -0,001070424900497
0,8353333333 -0,001070852078898
0,8356666667 -0,001071279257190
0,8360000000 -0,001071706435374
0,8363333333 -0,001072133613448
0,8366666667 -0,001072560791413
0,8370000000 -0,001072987969269
0,8373333333 -0,001073415147016
0,8376666667 -0,001073842324654
0,8380000000 -0,001074269502183
0,8383333333 -0,001074696679603
0,8386666667 -0,001075123856914
0,8390000000 -0,001075551034115
0,8393333333 -0,001075978211208
0,8396666667 -0,001076405388192
0,8400000000 -0,001076832565066
0,8403333333 -0,001077259741832
0,8406666667 -0,001077686918488
0,8410000000 -0,001078114095036
0,8413333333 -0,001078541271474
0,8416666667 -0,001078968447803
0,8420000000 -0,001079395624023
0,8423333333 -0,001079822800135
0,8426666667 -0,001080249976137
0,8430000000 -0,001080677152030
0,8433333333 -0,001081104327814
0,8436666667 -0,001081531503489
0,8440000000 -0,001081958679055
0,8443333333 -0,001082385854512
0,8446666667 -0,001082813029859
0,8450000000 -0,001083240205098
0,8453333333 -0,001083667380228
0,8456666667 -0,001084094555248
0,8460000000 -0,001084521730160
0,8463333333 -0,001084948904963
0,8466666667 -0,001085376079656
0,8470000000 -0,001085803254241
0,8473333333 -0,001086230428716
0,8476666667 -0,001086657603082
0,8480000000 -0,001087084777340
0,8483333333 -0,001087511951488
0,8486666667 -0,001087939125527
0,8490000000 -0,001088366299457
0,8493333333 -0,001088793473278
0,8496666667 -0,001089220646990
0,8500000000 -0,001089647820593
0,8503333333 -0,001090074994078
0,8506666667 -0,001090502167472
0,8510000000 -0,001090929340748
0,8513333333 -0,001091356513915
0,8516666667 -0,001091783686972
0,8520000000 -0,001092210859921
0,8523333333 -0,001092638032761
0,8526666667 -0,001093065205491
0,8530000000 -0,001093492378113
0,8533333333 -0,001093919550625
0,8536666667 -0,001094346723029
0,8540000000 -0,001094773895323
0,8543333333 -0,001095201067509
0,8546666667 -0,001095628239585
0,8550000000 -0,001096055411552
0,8553333333 -0,001096482583411
0,8556666667 -0,001096909755160
0,8560000000 -0,001097336926800
0,8563333333 -0,001097764098331
0,8566666667 -0,001098191269753
0,8570000000 -0,001098618441066
0,8573333333 -0,001099045612270
0,8576666667 -0,001099472783365
0,8580000000 -0,001099899954351
0,8583333333 -0,001100327125228
0,8586666667 -0,001100754295995
0,8590000000 -0,001101181466654
0,8593333333 -0,001101608637204
0,8596666667 -0,001102035807645
0,8600000000 -0,001102462977976
0,8603333333 -0,001102890148199
0,8606666667 -0,001103317318312
0,8610000000 -0,001103744488317
0,8613333333 -0,001104171658212
0,8616666667 -0,001104598827999
0,8620000000 -0,001105025997676
0,8623333333 -0,001105453167245
0,8626666667 -0,001105880336704
0,8630000000 -0,001106307506054
0,8633333333 -0,001106734675295
0,8636666667 -0,001107161844428
0,8640000000 -0,001107589013451
0,8643333333 -0,001108016182365
0,8646666667 -0,001108443351170
0,8650000000 -0,001108870519866
0,8653333333 -0,001109297688453
0,8656666667 -0,001109724856931
0,8660000000 -0,001110152025300
0,8663333333 -0,001110579193560
0,8666666667 -0,001111006361711
0,8670000000 -0,001111433529753
0,8673333333 -0,001111860697686
0,8676666667 -0,001112287865509
0,8680000000 -0,001112715033224
0,8683333333 -0,001113142200830
0,8686666667 -0,001113569368326
0,8690000000 -0,001113996535714
0,8693333333 -0,001114423702993
0,8696666667 -0,001114850870162
0,8700000000 -0,001115278037223
0,8703333333 -0,001115705204174
0,8706666667 -0,001116132371017
0,8710000000 -0,001116559537750
0,8713333333 -0,001116986704374
0,8716666667 -0,001117413870890
0,8720000000 -0,001117841037296
0,8723333333 -0,001118268203594
0,8726666667 -0,001118695369782
0,8730000000 -0,001119122535861
0,8733333333 -0,001119549701831
0,8736666667 -0,001119976867692
0,8740000000 -0,001120404033445
0,8743333333 -0,001120831199088
0,8746666667 -0,001121258364622
0,8750000000 -0,001121685530047
0,8753333333 -0,001122112695363
0,8756666667 -0,001122539860570
0,8760000000 -0,001122967025668
0,8763333333 -0,001123394190657
0,8766666667 -0,001123821355537
0,8770000000 -0,001124248520308
0,8773333333 -0,001124675684970
0,8776666667 -0,001125102849522
0,8780000000 -0,001125530013966
0,8783333333 -0,001125957178301
0,8786666667 -0,001126384342527
0,8790000000 -0,001126811506643
0,8793333333 -0,001127238670651
0,8796666667 -0,001127665834550
0,8800000000 -0,001128092998339
0,8803333333 -0,001128520162020
0,8806666667 -0,001128947325592
0,8810000000 -0,001129374489054
0,8813333333 -0,001129801652408
0,8816666667 -0,001130228815652
0,8820000000 -0,001130655978788
0,8823333333 -0,001131083141814
0,8826666667 -0,001131510304732
0,8830000000 -0,001131937467540
0,8833333333 -0,001132364630240
0,8836666667 -0,001132791792830
0,8840000000 -0,001133218955312
0,8843333333 -0,001133646117684
0,8846666667 -0,001134073279947
0,8850000000 -0,001134500442101
0,8853333333 -0,001134927604147
0,8856666667 -0,001135354766083
0,8860000000 -0,001135781927910
0,8863333333 -0,001136209089629
0,8866666667 -0,001136636251238
0,8870000000 -0,001137063412738
0,8873333333 -0,001137490574129
0,8876666667 -0,001137917735411
0,8880000000 -0,001138344896584
0,8883333333 -0,001138772057648
0,8886666667 -0,001139199218604
0,8890000000 -0,001139626379450
0,8893333333 -0,001140053540187
0,8896666667 -0,001140480700815
0,8900000000 -0,001140907861334
0,8903333333 -0,001141335021744
0,8906666667 -0,001141762182045
0,8910000000 -0,001142189342237
0,8913333333 -0,001142616502320
0,8916666667 -0,001143043662294
0,8920000000 -0,001143470822159
0,8923333333 -0,001143897981914
0,8926666667 -0,001144325141561
0,8930000000 -0,001144752301099
0,8933333333 -0,001145179460528
0,8936666667 -0,001145606619848
0,8940000000 -0,001146033779059
0,8943333333 -0,001146460938161
0,8946666667 -0,001146888097153
0,8950000000 -0,001147315256037
0,8953333333 -0,001147742414812
0,8956666667 -0,001148169573478
0,8960000000 -0,001148596732034
0,8963333333 -0,001149023890482
0,8966666667 -0,001149451048821
0,8970000000 -0,001149878207051
0,8973333333 -0,001150305365171
0,8976666667 -0,001150732523183
0,8980000000 -0,001151159681086
0,8983333333 -0,001151586838879
0,8986666667 -0,001152013996564
0,8990000000 -0,001152441154140
0,8993333333 -0,001152868311606
0,8996666667 -0,001153295468964
0,9000000000 -0,001153722626213
0,9003333333 -0,001154149783352
0,9006666667 -0,001154576940383
0,9010000000 -0,001155004097304
0,9013333333 -0,001155431254117
0,9016666667 -0,001155858410821
0,9020000000 -0,001156285567415
0,9023333333 -0,001156712723901
0,9026666667 -0,001157139880277
0,9030000000 -0,001157567036545
0,9033333333 -0,001157994192703
0,9036666667 -0,001158421348753
0,9040000000 -0,001158848504693
0,9043333333 -0,001159275660525
0,9046666667 -0,001159702816247
0,9050000000 -0,001160129971861
0,9053333333 -0,001160557127365
0,9056666667 -0,001160984282761
0,9060000000 -0,001161411438047
0,9063333333 -0,001161838593225
0,9066666667 -0,001162265748293
0,9070000000 -0,001162692903253
0,9073333333 -0,001163120058103
0,9076666667 -0,001163547212845
0,9080000000 -0,001163974367477
0,9083333333 -0,001164401522001
0,9086666667 -0,001164828676415
0,9090000000 -0,001165255830721
0,9093333333 -0,001165682984917
0,9096666667 -0,001166110139005
0,9100000000 -0,001166537292983
0,9103333333 -0,001166964446853
0,9106666667 -0,001167391600613
0,9110000000 -0,001167818754264
0,9113333333 -0,001168245907807
0,9116666667 -0,001168673061240
0,9120000000 -0,001169100214565
0,9123333333 -0,001169527367780
0,9126666667 -0,001169954520887
0,9130000000 -0,001170381673884
0,9133333333 -0,001170808826773
0,9136666667 -0,001171235979552
0,9140000000 -0,001171663132223
0,9143333333 -0,001172090284784
0,9146666667 -0,001172517437236
0,9150000000 -0,001172944589580
0,9153333333 -0,001173371741814
0,9156666667 -0,001173798893940
0,9160000000 -0,001174226045956
0,9163333333 -0,001174653197864
0,9166666667 -0,001175080349662
0,9170000000 -0,001175507501352
0,9173333333 -0,001175934652932
0,9176666667 -0,001176361804404
0,9180000000 -0,001176788955766
0,9183333333 -0,001177216107020
0,9186666667 -0,001177643258164
0,9190000000 -0,001178070409200
0,9193333333 -0,001178497560126
0,9196666667 -0,001178924710944
0,9200000000 -0,001179351861652
0,9203333333 -0,001179779012252
0,9206666667 -0,001180206162742
0,9210000000 -0,001180633313124
0,9213333333 -0,001181060463397
0,9216666667 -0,001181487613560
0,9220000000 -0,001181914763615
0,9223333333 -0,001182341913560
0,9226666667 -0,001182769063397
0,9230000000 -0,001183196213124
0,9233333333 -0,001183623362743
0,9236666667 -0,001184050512253
0,9240000000 -0,001184477661653
0,9243333333 -0,001184904810945
0,9246666667 -0,001185331960128
0,9250000000 -0,001185759109201
0,9253333333 -0,001186186258166
0,9256666667 -0,001186613407022
0,9260000000 -0,001187040555768
0,9263333333 -0,001187467704406
0,9266666667 -0,001187894852935
0,9270000000 -0,001188322001354
0,9273333333 -0,001188749149665
0,9276666667 -0,001189176297867
0,9280000000 -0,001189603445960
0,9283333333 -0,001190030593943
0,9286666667 -0,001190457741818
0,9290000000 -0,001190884889584
0,9293333333 -0,001191312037241
0,9296666667 -0,001191739184789
0,9300000000 -0,001192166332227
0,9303333333 -0,001192593479557
0,9306666667 -0,001193020626778
0,9310000000 -0,001193447773890
0,9313333333 -0,001193874920893
0,9316666667 -0,001194302067787
0,9320000000 -0,001194729214572
0,9323333333 -0,001195156361248
0,9326666667 -0,001195583507815
0,9330000000 -0,001196010654273
0,9333333333 -0,001196437800622
0,9336666667 -0,001196864946862
0,9340000000 -0,001197292092993
0,9343333333 -0,001197719239015
0,9346666667 -0,001198146384928
0,9350000000 -0,001198573530732
0,9353333333 -0,001199000676427
0,9356666667 -0,001199427822013
0,9360000000 -0,001199854967490
0,9363333333 -0,001200282112858
0,9366666667 -0,001200709258118
0,9370000000 -0,001201136403268
0,9373333333 -0,001201563548309
0,9376666667 -0,001201990693241
0,9380000000 -0,001202417838065
0,9383333333 -0,001202844982779
0,9386666667 -0,001203272127384
0,9390000000 -0,001203699271880
0,9393333333 -0,001204126416268
0,9396666667 -0,001204553560546
0,9400000000 -0,001204980704716
0,9403333333 -0,001205407848776
0,9406666667 -0,001205834992727
0,9410000000 -0,001206262136570
0,9413333333 -0,001206689280303
0,9416666667 -0,001207116423928
0,9420000000 -0,001207543567443
0,9423333333 -0,001207970710850
0,9426666667 -0,001208397854147
0,9430000000 -0,001208824997336
0,9433333333 -0,001209252140416
0,9436666667 -0,001209679283386
0,9440000000 -0,001210106426248
0,9443333333 -0,001210533569001
0,9446666667 -0,001210960711644
0,9450000000 -0,001211387854179
0,9453333333 -0,001211814996605
0,9456666667 -0,001212242138922
0,9460000000 -0,001212669281130
0,9463333333 -0,001213096423228
0,9466666667 -0,001213523565218
0,9470000000 -0,001213950707099
0,9473333333 -0,001214377848871
0,9476666667 -0,001214804990534
0,9480000000 -0,001215232132088
0,9483333333 -0,001215659273533
0,9486666667 -0,001216086414869
0,9490000000 -0,001216513556096
0,9493333333 -0,001216940697214
0,9496666667 -0,001217367838224
0,9500000000 -0,001217794979124
0,9503333333 -0,001218222119915
0,9506666667 -0,001218649260597
0,9510000000 -0,001219076401170
0,9513333333 -0,001219503541635
0,9516666667 -0,001219930681990
0,9520000000 -0,001220357822236
0,9523333333 -0,001220784962374
0,9526666667 -0,001221212102402
0,9530000000 -0,001221639242322
0,9533333333 -0,001222066382132
0,9536666667 -0,001222493521834
0,9540000000 -0,001222920661426
0,9543333333 -0,001223347800910
0,9546666667 -0,001223774940284
0,9550000000 -0,001224202079550
0,9553333333 -0,001224629218707
0,9556666667 -0,001225056357754
0,9560000000 -0,001225483496693
0,9563333333 -0,001225910635523
0,9566666667 -0,001226337774244
0,9570000000 -0,001226764912856
0,9573333333 -0,001227192051359
0,9576666667 -0,001227619189752
0,9580000000 -0,001228046328037
0,9583333333 -0,001228473466213
0,9586666667 -0,001228900604280
0,9590000000 -0,001229327742239
0,9593333333 -0,001229754880088
0,9596666667 -0,001230182017828
0,9600000000 -0,001230609155459
0,9603333333 -0,001231036292981
0,9606666667 -0,001231463430394
0,9610000000 -0,001231890567699
0,9613333333 -0,001232317704894
0,9616666667 -0,001232744841980
0,9620000000 -0,001233171978958
0,9623333333 -0,001233599115826
0,9626666667 -0,001234026252586
0,9630000000 -0,001234453389236
0,9633333333 -0,001234880525778
0,9636666667 -0,001235307662211
0,9640000000 -0,001235734798534
0,9643333333 -0,001236161934749
0,9646666667 -0,001236589070855
0,9650000000 -0,001237016206851
0,9653333333 -0,001237443342739
0,9656666667 -0,001237870478518
0,9660000000 -0,001238297614188
0,9663333333 -0,001238724749749
0,9666666667 -0,001239151885201
0,9670000000 -0,001239579020544
0,9673333333 -0,001240006155778
0,9676666667 -0,001240433290903
0,9680000000 -0,001240860425919
0,9683333333 -0,001241287560827
0,9686666667 -0,001241714695625
0,9690000000 -0,001242141830314
0,9693333333 -0,001242568964895
0,9696666667 -0,001242996099366
0,9700000000 -0,001243423233728
0,9703333333 -0,001243850367982
0,9706666667 -0,001244277502126
0,9710000000 -0,001244704636162
0,9713333333 -0,001245131770089
0,9716666667 -0,001245558903906
0,9720000000 -0,001245986037615
0,9723333333 -0,001246413171215
0,9726666667 -0,001246840304706
0,9730000000 -0,001247267438088
0,9733333333 -0,001247694571360
0,9736666667 -0,001248121704524
0,9740000000 -0,001248548837579
0,9743333333 -0,001248975970526
0,9746666667 -0,001249403103363
0,9750000000 -0,001249830236091
0,9753333333 -0,001250257368710
0,9756666667 -0,001250684501220
0,9760000000 -0,001251111633622
0,9763333333 -0,001251538765914
0,9766666667 -0,001251965898097
0,9770000000 -0,001252393030172
0,9773333333 -0,001252820162137
0,9776666667 -0,001253247293994
0,9780000000 -0,001253674425741
0,9783333333 -0,001254101557380
0,9786666667 -0,001254528688910
0,9790000000 -0,001254955820331
0,9793333333 -0,001255382951642
0,9796666667 -0,001255810082845
0,9800000000 -0,001256237213939
0,9803333333 -0,001256664344924
0,9806666667 -0,001257091475800
0,9810000000 -0,001257518606567
0,9813333333 -0,001257945737226
0,9816666667 -0,001258372867775
0,9820000000 -0,001258799998215
0,9823333333 -0,001259227128546
0,9826666667 -0,001259654258769
0,9830000000 -0,001260081388882
0,9833333333 -0,001260508518887
0,9836666667 -0,001260935648782
0,9840000000 -0,001261362778569
0,9843333333 -0,001261789908246
0,9846666667 -0,001262217037815
0,9850000000 -0,001262644167275
0,9853333333 -0,001263071296626
0,9856666667 -0,001263498425868
0,9860000000 -0,001263925555001
0,9863333333 -0,001264352684025
0,9866666667 -0,001264779812940
0,9870000000 -0,001265206941746
0,9873333333 -0,001265634070443
0,9876666667 -0,001266061199031
0,9880000000 -0,001266488327510
0,9883333333 -0,001266915455881
0,9886666667 -0,001267342584142
0,9890000000 -0,001267769712295
0,9893333333 -0,001268196840338
0,9896666667 -0,001268623968273
0,9900000000 -0,001269051096099
0,9903333333 -0,001269478223806
0,9906666667 -0,001269905351423
0,9910000000 -0,001270332478922
0,9913333333 -0,001270759606312
0,9916666667 -0,001271186733593
0,9920000000 -0,001271613860765
0,9923333333 -0,001272040987828
0,9926666667 -0,001272468114782
0,9930000000 -0,001272895241627
0,9933333333 -0,001273322368364
0,9936666667 -0,001273749494991
0,9940000000 -0,001274176621509
0,9943333333 -0,001274603747919
0,9946666667 -0,001275030874219
0,9950000000 -0,001275458000411
0,9953333333 -0,001275885126494
0,9956666667 -0,001276312252467
0,9960000000 -0,001276739378332
0,9963333333 -0,001277166504088
0,9966666667 -0,001277593629735
0,9970000000 -0,001278020755273
0,9973333333 -0,001278447880702
0,9976666667 -0,001278875006022
0,9980000000 -0,001279302131234
0,9983333333 -0,001279729256336
0,9986666667 -0,001280156381329
0,9990000000 -0,001280583506214
0,9993333333 -0,001281010630989
0,9996666667 -0,001281437755656
