(923.15, -6.527079005859197E-5, -1.5594332072547112E-6, 7.561102271713853E-9, -789.6739786493115)
(924.15, -6.535258300878022E-5, -1.5427719403919998E-6, 7.373620455039862E-9, -790.4458851156181)
(925.15, -6.543397527609336E-5, -1.5263095670014283E-6, 7.191081008474915E-9, -791.2153485379565)
(926.15, -6.551497132243341E-5, -1.510043660044981E-6, 7.0133473861209255E-9, -791.982394576871)
(927.15, -6.55955755687641E-5, -1.4939718188389396E-6, 6.84028694344755E-9, -792.7470486744558)
(928.15, -6.567579239506053E-5, -1.478091668908095E-6, 6.671770823540914E-9, -793.5093360533823)
(929.15, -6.575562614027595E-5, -1.4624008618361624E-6, 6.50767384668796E-9, -794.2692817160425)
(930.15, -6.583508110232751E-5, -1.4468970751115391E-6, 6.347874403201008E-9, -795.0269104438252)
(931.15, -6.591416153809776E-5, -1.4315780119701491E-6, 6.192254349388498E-9, -795.7822467965055)
(932.15, -6.59928716634524E-5, -1.4164414012344268E-6, 6.0406989065777776E-9, -796.535315111745)
(933.15, -6.607121565327502E-5, -1.401484997148464E-6, 5.893096563103755E-9, -797.2861395047131)
(934.15, -6.614919764151475E-5, -1.3867065792109521E-6, 5.7493389791771835E-9, -798.0347438677987)
(935.15, -6.622682172125022E-5, -1.372103952004118E-6, 5.609320894547018E-9, -798.7811518704376)
(936.15, -6.630409194476648E-5, -1.3576749450202996E-6, 5.472940038875604E-9, -799.5253869590292)
(937.15, -6.638101232364479E-5, -1.343417412486011E-6, 5.340097044748603E-9, -800.2674723569487)
(938.15, -6.645758682886685E-5, -1.3293292331826923E-6, 5.210695363240837E-9, -801.0074310646556)
(939.15, -6.653381939092892E-5, -1.3154083102660065E-6, 5.0846411819665555E-9, -801.7452858598785)
(940.15, -6.660971389997E-5, -1.3016525710820933E-6, 4.961843345536764E-9, -802.4810592978956)
(941.15, -6.668527420590907E-5, -1.2880599669824208E-6, 4.842213278357382E-9, -803.2147737118822)
(942.15, -6.676050411859475E-5, -1.2746284731360685E-6, 4.725664909697929E-9, -803.9464512133474)
(943.15, -6.683540740796416E-5, -1.2613560883407049E-6, 4.612114600963623E-9, -804.676113692634)
(944.15, -6.69099878042123E-5, -1.2482408348313619E-6, 4.501481075106214E-9, -805.4037828194985)
(945.15, -6.69842489979696E-5, -1.235280758088348E-6, 4.393685348113654E-9, -806.1294800437461)
(946.15, -6.705819464048969E-5, -1.2224739266431922E-6, 4.288650662512965E-9, -806.8532265959429)
(947.15, -6.713182834384488E-5, -1.209818431883322E-6, 4.186302422829365E-9, -807.5750434881814)
(948.15, -6.72051536811298E-5, -1.1973123878559743E-6, 4.086568132947629E-9, -808.2949515149087)
(949.15, -6.727817418667234E-5, -1.1849539310707496E-6, 3.989377335311388E-9, -809.0129712538055)
(950.15, -6.73508933562527E-5, -1.1727412203012011E-6, 3.894661551914801E-9, -809.729123066726)
(951.15, -6.742331464732819E-5, -1.1606724363858554E-6, 3.802354227028786E-9, -810.443427100682)
(952.15, -6.749544147926565E-5, -1.1487457820281473E-6, 3.7123906716123704E-9, -811.1559032888797)
(953.15, -6.756727723357906E-5, -1.136959481596162E-6, 3.6247080093591902E-9, -811.866571351801)
(954.15, -6.763882525417319E-5, -1.125311780921575E-6, 3.539245124330238E-9, -812.5754507983232)
(955.15, -6.771008884759326E-5, -1.1138009470982397E-6, 3.455942610128367E-9, -813.2825609268932)
(956.15, -6.77810712832789E-5, -1.102425268280563E-6, 3.3747427205654243E-9, -813.9879208267245)
(957.15, -6.785177579382337E-5, -1.091183053481539E-6, 3.2955893217814845E-9, -814.6915493790436)
(958.15, -6.792220557523737E-5, -1.0800726323706765E-6, 3.2184278457709115E-9, -815.3934652583669)
(959.15, -6.79923637872167E-5, -1.0690923550718938E-6, 3.143205245274408E-9, -816.0936869338087)
(960.15, -6.80622535534144E-5, -1.0582405919613494E-6, 3.0698699499969773E-9, -816.7922326704254)
(961.15, -6.813187796171552E-5, -1.0475157334657274E-6, 2.9983718241133513E-9, -817.4891205305813)
(962.15, -6.820124006451626E-5, -1.0369161898603313E-6, 2.928662125019307E-9, -818.1843683753486)
(963.15, -6.827034287900638E-5, -1.0264403910672774E-6, 2.8606934632962912E-9, -818.8779938659329)
(964.15, -6.833918938745302E-5, -1.0160867864548114E-6, 2.794419763851965E-9, -819.5700144651154)
(965.15, -6.840778253748906E-5, -1.0058538446360909E-6, 2.7297962281999576E-9, -820.2604474387275)
(966.15, -6.847612524240221E-5, -9.957400532691606E-7, 2.6667792978480714E-9, -820.9493098571372)
(967.15, -6.854422038142741E-5, -9.85743918856993E-7, 2.6053266187595686E-9, -821.6366185967609)
(968.15, -6.861207080004062E-5, -9.758639665483499E-7, 2.5453970068579235E-9, -822.3223903415887)
(969.15, -6.867967931025467E-5, -9.660987399391958E-7, 2.4869504145416988E-9, -823.006641584731)
(970.15, -6.874704869091627E-5, -9.564468008748516E-7, 2.429947898182476E-9, -823.6893886299742)
(971.15, -6.881418168800479E-5, -9.469067292529931E-7, 2.374351586574379E-9, -824.3706475933548)
(972.15, -6.888108101517575E-5, -9.374771228337461E-7, 2.3201247360787194E-9, -825.0504344066886)
(973.15, -6.894774935284287E-5, -9.281565970114965E-7, 2.267231272037769E-9, -825.7287648094433)
(974.15, -6.901418935091686E-5, -9.189437846862379E-7, 2.2156366176303648E-9, -826.4056543697905)
(975.15, -6.908040362667062E-5, -9.098373360039326E-7, 2.1653068081418664E-9, -827.0811184667751)
(976.15, -6.914639476626023E-5, -9.008359181971105E-7, 2.1162088926266234E-9, -827.7551723016608)
(977.15, -6.92121653249946E-5, -8.91938215391822E-7, 2.0683108954090688E-9, -828.4278308992886)
(978.15, -6.927771782679258E-5, -8.831429283955872E-7, 2.0215814935621435E-9, -829.0991091029674)
(979.15, -6.934305476576454E-5, -8.744487745408687E-7, 1.975990440731737E-9, -829.7690215863076)
(980.15, -6.940817860565712E-5, -8.658544874746609E-7, 1.931508241555612E-9, -830.4375828480171)
(981.15, -6.947309178037233E-5, -8.573588169769791E-7, 1.8881062041557993E-9, -831.1048072152735)
(982.15, -6.953779669427042E-5, -8.489605287748844E-7, 1.845756417373286E-9, -831.7707088453728)
(983.15, -6.960229572229636E-5, -8.406584043537558E-7, 1.804431667205598E-9, -832.4353017259818)
(984.15, -6.966659121115963E-5, -8.324512407948839E-7, 1.7641057226560449E-9, -833.0985996837838)
(985.15, -6.973068547787891E-5, -8.243378505511127E-7, 1.7247527002880242E-9, -833.7606163721363)
(986.15, -6.979458081167784E-5, -8.16317061304542E-7, 1.6863476024453617E-9, -834.4213652854348)
(987.15, -6.985827947420964E-5, -8.083877157847136E-7, 1.648866271135255E-9, -835.0808597601615)
(988.15, -6.992178369842419E-5, -8.005486715570254E-7, 1.6122848687723475E-9, -835.7391129651345)
(989.15, -6.998509569047219E-5, -7.927988008836562E-7, 1.5765804213137811E-9, -836.3961379159471)
(990.15, -7.004821762919773E-5, -7.851369905292601E-7, 1.5417305194616961E-9, -837.0519474702062)
(991.15, -7.011115166659394E-5, -7.775621415908785E-7, 1.5077133573734222E-9, -837.7065543304498)
(992.15, -7.017389992796195E-5, -7.700731693222879E-7, 1.4745076687649561E-9, -838.359971044705)
(993.15, -7.023646451287628E-5, -7.626690029777827E-7, 1.4420929452028629E-9, -839.0122100134702)
(994.15, -7.029884749412899E-5, -7.553485856127732E-7, 1.4104489506305502E-9, -839.6632834806186)
(995.15, -7.03610509193654E-5, -7.481108739453151E-7, 1.3795561753448363E-9, -840.313203545727)
(996.15, -7.042307681069867E-5, -7.409548381743969E-7, 1.3493955861831735E-9, -840.9619821603256)
(997.15, -7.048492716513029E-5, -7.338794618176919E-7, 1.319948658839871E-9, -841.6096311305685)
(998.15, -7.054660395483413E-5, -7.268837415478913E-7, 1.2911973636576048E-9, -842.2561621188233)
(999.15, -7.060810912743945E-5, -7.199666870302273E-7, 1.2631241518281003E-9, -842.9015866452596)
(1000.15, -7.066944460631133E-5, -7.13127320761744E-7, 1.2357119419915548E-9, -843.5459160894211)
(1001.15, -7.073061229082952E-5, -7.063646779121543E-7, 1.2089441072225743E-9, -844.1891616917948)
(1002.15, -7.079161405666554E-5, -6.996778061659067E-7, 1.182804462390924E-9, -844.8313345553671)
(1003.15, -7.085245175605771E-5, -6.930657655660428E-7, 1.157277251885682E-9, -845.4724456471762)
(1004.15, -7.091312721808453E-5, -6.865276283593336E-7, 1.1323471376933918E-9, -846.1125057998514)
(1005.15, -7.097364224893489E-5, -6.800624788433808E-7, 1.1079991878190103E-9, -846.7515257131377)
(1006.15, -7.103399863217826E-5, -6.7366941321457E-7, 1.0842188650384918E-9, -847.3895159554233)
(1007.15, -7.109419812903067E-5, -6.673475394182107E-7, 1.0609920159754222E-9, -848.0264869652425)
(1008.15, -7.115424247862025E-5, -6.610959769997496E-7, 1.0383048604902984E-9, -848.6624490527804)
(1009.15, -7.121413339824949E-5, -6.549138569577457E-7, 1.0161439813742075E-9, -849.297412401356)
(1010.15, -7.127387258365612E-5, -6.488003215982706E-7, 9.944963143376439E-10, -849.931387068903)
(1011.15, -7.13334617092714E-5, -6.427545243908384E-7, 9.733491382856354E-10, -850.5643829894346)
(1012.15, -7.139290242847632E-5, -6.367756298259304E-7, 9.526900658713756E-10, -851.1964099744991)
(1013.15, -7.145219637385566E-5, -6.308628132738969E-7, 9.325070343192308E-10, -851.8274777146238)
(1014.15, -7.151134515744959E-5, -6.250152608455592E-7, 9.127882965101562E-10, -852.4575957807449)
(1015.15, -7.157035037100354E-5, -6.192321692540584E-7, 8.935224123209494E-10, -853.0867736256315)
(1016.15, -7.162921358621493E-5, -6.135127456785689E-7, 8.746982402110735E-10, -853.7150205852895)
(1017.15, -7.16879363549787E-5, -6.078562076291124E-7, 8.563049290480209E-10, -854.342345880362)
(1018.15, -7.174652020962963E-5, -6.022617828131856E-7, 8.383319101661816E-10, -854.9687586175116)
(1019.15, -7.180496666318296E-5, -5.967287090036864E-7, 8.207688896509163E-10, -855.5942677907926)
(1020.15, -7.18632772095725E-5, -5.912562339083927E-7, 8.036058408418045E-10, -856.218882283013)
(1021.15, -7.192145332388631E-5, -5.858436150409662E-7, 7.868329970491045E-10, -856.8426108670803)
(1022.15, -7.197949646260041E-5, -5.804901195932335E-7, 7.704408444759585E-10, -857.465462207337)
(1023.15, -7.203740806380988E-5, -5.751950243091793E-7, 7.54420115341751E-10, -858.0874448608852)
(1024.15, -7.209518954745764E-5, -5.699576153602663E-7, 7.387617811997808E-10, -858.7085672788952)
(1025.15, -7.215284231556137E-5, -5.64777188222062E-7, 7.234570464436775E-10, -859.3288378079058)
(1026.15, -7.221036775243754E-5, -5.59653047552597E-7, 7.084973419977133E-10, -859.9482646911076)
(1027.15, -7.226776722492322E-5, -5.545845070719143E-7, 6.938743191848438E-10, -860.5668560696171)
(1028.15, -7.232504208259615E-5, -5.495708894431162E-7, 6.795798437677724E-10, -861.1846199837366)
(1029.15, -7.23821936579918E-5, -5.446115261547936E-7, 6.656059901578261E-10, -861.8015643742035)
(1030.15, -7.243922326681846E-5, -5.39705757404953E-7, 6.519450357868584E-10, -862.4176970834236)
(1031.15, -7.249613220817009E-5, -5.348529319861373E-7, 6.385894556373399E-10, -863.0330258566946)
(1032.15, -7.255292176473666E-5, -5.300524071721784E-7, 6.25531916926213E-10, -863.6475583434162)
(1033.15, -7.260959320301252E-5, -5.25303548606005E-7, 6.127652739376135E-10, -864.2613020982889)
(1034.15, -7.266614777350221E-5, -5.206057301891289E-7, 6.002825630009797E-10, -864.874264582497)
(1035.15, -7.272258671092402E-5, -5.159583339722937E-7, 5.880769976092443E-10, -865.4864531648817)
(1036.15, -7.277891123441147E-5, -5.113607500474638E-7, 5.761419636740509E-10, -866.0978751231012)
(1037.15, -7.283512254771261E-5, -5.068123764411874E-7, 5.64471014913221E-10, -866.7085376447801)
(1038.15, -7.289122183938671E-5, -5.023126190092554E-7, 5.530578683674064E-10, -867.3184478286415)
(1039.15, -7.294721028299901E-5, -4.978608913326901E-7, 5.418964000415587E-10, -867.9276126856321)
(1040.15, -7.300308903731331E-5, -4.934566146149827E-7, 5.309806406678356E-10, -868.5360391400316)
(1041.15, -7.305885924648195E-5, -4.890992175806498E-7, 5.203047715866516E-10, -869.1437340305504)
(1042.15, -7.311452204023438E-5, -4.84788136374992E-7, 5.098631207420421E-10, -869.7507041114181)
(1043.15, -7.31700785340625E-5, -4.80522814465262E-7, 4.996501587886048E-10, -870.3569560534544)
(1044.15, -7.322552982940492E-5, -4.763027025428543E-7, 4.896604953060355E-10, -870.9624964451323)
(1045.15, -7.328087701382815E-5, -4.7212725842694467E-7, 4.798888751190791E-10, -871.5673317936274)
(1046.15, -7.333612116120644E-5, -4.6799594696919407E-7, 4.703301747190638E-10, -872.1714685258571)
(1047.15, -7.339126333189869E-5, -4.6390823995980516E-7, 4.6097939878460673E-10, -872.774912989503)
(1048.15, -7.344630457292408E-5, -4.598636160346432E-7, 4.5183167679847165E-10, -873.3776714540284)
(1049.15, -7.350124591813492E-5, -4.558615605836594E-7, 4.4288225975769787E-10, -873.9797501116776)
(1050.15, -7.355608838838815E-5, -4.5190156566033363E-7, 4.3412651697450325E-10, -874.5811550784709)
(1051.15, -7.361083299171374E-5, -4.4798312989251516E-7, 4.255599329655662E-10, -875.1818923951772)
(1052.15, -7.366548072348217E-5, -4.441057583941925E-7, 4.171781044264634E-10, -875.7819680282865)
(1053.15, -7.372003256656914E-5, -4.402689626785574E-7, 4.089767372896699E-10, -876.3813878709632)
(1054.15, -7.377448949151865E-5, -4.364722605720637E-7, 4.00951643863121E-10, -876.9801577439924)
(1055.15, -7.382885245670376E-5, -4.3271517612975263E-7, 3.9309874004734843E-10, -877.5782833967118)
(1056.15, -7.388312240848585E-5, -4.2899723955151806E-7, 3.854140426287807E-10, -878.1757705079349)
(1057.15, -7.393730028137123E-5, -4.253179870996674E-7, 3.778936666473036E-10, -878.7726246868602)
(1058.15, -7.39913869981666E-5, -4.21676961017321E-7, 3.7053382283558297E-10, -879.3688514739747)
(1059.15, -7.40453834701319E-5, -4.1807370944812267E-7, 3.6333081512840913E-10, -879.9644563419381)
(1060.15, -7.409929059713178E-5, -4.1450778635679155E-7, 3.5628103824002075E-10, -880.559444696465)
(1061.15, -7.415310926778486E-5, -4.109787514508745E-7, 3.493809753073244E-10, -881.1538218771917)
(1062.15, -7.420684035961118E-5, -4.07486170103482E-7, 3.4262719559733364E-10, -881.7475931585315)
(1063.15, -7.426048473917778E-5, -4.0402961327704036E-7, 3.360163522770365E-10, -882.3407637505215)
(1064.15, -7.431404326224266E-5, -4.0060865744803197E-7, 3.2954518024352176E-10, -882.9333387996596)
(1065.15, -7.436751677389663E-5, -3.972228845327975E-7, 3.232104940133422E-10, -883.5253233897288)
(1066.15, -7.442090610870349E-5, -3.9387188181425797E-7, 3.170091856686945E-10, -884.1167225426129)
(1067.15, -7.44742120908385E-5, -3.905552418696356E-7, 3.1093822285949823E-10, -884.7075412191014)
(1068.15, -7.452743553422487E-5, -3.8727256249921393E-7, 3.0499464685929513E-10, -885.297784319683)
(1069.15, -7.458057724266885E-5, -3.8402344665592625E-7, 2.99175570673635E-10, -885.8874566853351)
(1070.15, -7.463363800999259E-5, -3.8080750237594713E-7, 2.934781771995962E-10, -886.476563098292)
(1071.15, -7.468661862016591E-5, -3.77624342710246E-7, 2.878997174347687E-10, -887.0651082828161)
(1072.15, -7.473951984743592E-5, -3.7447358565698673E-7, 2.8243750873450225E-10, -887.6530969059517)
(1073.15, -7.479234245645493E-5, -3.71354854094955E-7, 2.7708893311593566E-10, -888.2405335782689)
(1074.15, -7.484508720240718E-5, -3.682677757176826E-7, 2.718514356075802E-10, -888.8274228546023)
(1075.15, -7.489775483113347E-5, -3.6521198296870745E-7, 2.667225226431873E-10, -889.4137692347796)
(1076.15, -7.495034607925426E-5, -3.6218711297753123E-7, 2.616997604985659E-10, -889.999577164335)
(1077.15, -7.50028616742913E-5, -3.5919280749650085E-7, 2.567807737702503E-10, -890.5848510352206)
(1078.15, -7.505530233478776E-5, -3.562287128385082E-7, 2.5196324389478703E-10, -891.1695951865073)
(1079.15, -7.510766877042639E-5, -3.5329447981566785E-7, 2.4724490770760606E-10, -891.7538139050724)
(1080.15, -7.515996168214654E-5, -3.5038976367859684E-7, 2.426235560401755E-10, -892.3375114262828)
(1081.15, -7.521218176225948E-5, -3.4751422405673156E-7, 2.3809703235463345E-10, -892.9206919346676)
(1082.15, -7.526432969456224E-5, -3.446675248993798E-7, 2.336632314146728E-10, -893.5033595645828)
(1083.15, -7.531640615444972E-5, -3.4184933441752496E-7, 2.2932009799171853E-10, -894.0855184008642)
(1084.15, -7.536841180902585E-5, -3.3905932502652506E-7, 2.2506562560541985E-10, -894.6671724794778)
(1085.15, -7.54203473172129E-5, -3.362971732894474E-7, 2.2089785529749477E-10, -895.2483257881579)
(1086.15, -7.54722133298592E-5, -3.335625598613855E-7, 2.1681487443813584E-10, -895.8289822670336)
(1087.15, -7.552401048984584E-5, -3.3085516943434826E-7, 2.1281481556381091E-10, -896.4091458092554)
(1088.15, -7.557573943219175E-5, -3.281746906829538E-7, 2.0889585524580555E-10, -896.9888202616064)
(1089.15, -7.562740078415742E-5, -3.2552081621095076E-7, 2.050562129886693E-10, -897.5680094251095)
(1090.15, -7.567899516534705E-5, -3.2289324249840245E-7, 2.0129415015754222E-10, -898.1467170556232)
(1091.15, -7.57305231878098E-5, -3.202916698495155E-7, 1.976079689337726E-10, -898.7249468644344)
(1092.15, -7.578198545613923E-5, -3.177158023413947E-7, 1.9399601129797083E-10, -899.3027025188387)
(1093.15, -7.583338256757158E-5, -3.1516534777328046E-7, 1.9045665803973704E-10, -899.8799876427154)
(1094.15, -7.588471511208284E-5, -3.1264001761664494E-7, 1.8698832779330342E-10, -900.4568058170946)
(1095.15, -7.593598367248435E-5, -3.1013952696586614E-7, 1.8358947609847313E-10, -901.0331605807162)
(1096.15, -7.59871888245173E-5, -3.0766359448966647E-7, 1.8025859448606555E-10, -901.6090554305831)
(1097.15, -7.603833113694585E-5, -3.0521194238312785E-7, 1.7699420958723487E-10, -902.1844938225049)
(1098.15, -7.608941117164888E-5, -3.0278429632048194E-7, 1.7379488226610353E-10, -902.7594791716358)
(1099.15, -7.614042948371087E-5, -3.0038038540842744E-7, 1.706592067748258E-10, -903.3340148530051)
(1100.15, -7.619138662151116E-5, -2.979999421401857E-7, 1.6758580993077303E-10, -903.90810420204)
(1101.15, -7.624228312681231E-5, -2.956427023501634E-7, 1.6457335031503692E-10, -904.4817505150833)
(1102.15, -7.629311953484716E-5, -2.9330840516920453E-7, 1.6162051749171195E-10, -905.0549570499018)
(1103.15, -7.634389637440454E-5, -2.909967929805171E-7, 1.5872603124745095E-10, -905.6277270261884)
(1104.15, -7.63946141679142E-5, -2.8870761137615157E-7, 1.5588864085066193E-10, -906.2000636260601)
(1105.15, -7.644527343153031E-5, -2.8644060911413504E-7, 1.5310712432988448E-10, -906.7719699945462)
(1106.15, -7.649587467521385E-5, -2.8419553807617656E-7, 1.5038028777079437E-10, -907.3434492400705)
(1107.15, -7.654641840281411E-5, -2.8197215322591396E-7, 1.4770696463128825E-10, -907.9145044349293)
(1108.15, -7.659690511214877E-5, -2.797702125678324E-7, 1.450860150742978E-10, -908.4851386157603)
(1109.15, -7.66473352950831E-5, -2.7758947710665754E-7, 1.4251632531768007E-10, -909.055354784006)
(1110.15, -7.669770943760808E-5, -2.754297108073524E-7, 1.399968070008118E-10, -909.625155906372)
(1111.15, -7.674802801991757E-5, -2.7329068055570005E-7, 1.375263965675083E-10, -910.1945449152797)
(1112.15, -7.67982915164839E-5, -2.711721561193548E-7, 1.3510405466467339E-10, -910.7635247093073)
(1113.15, -7.684850039613323E-5, -2.6907391010949437E-7, 1.3272876555637126E-10, -911.332098153634)
(1114.15, -7.689865512211934E-5, -2.669957179429743E-7, 1.3039953655285953E-10, -911.9002680804708)
(1115.15, -7.694875615219646E-5, -2.6493735780505387E-7, 1.2811539745421864E-10, -912.468037289488)
(1116.15, -7.699880393869145E-5, -2.6289861061254415E-7, 1.2587540000816499E-10, -913.0354085482386)
(1117.15, -7.704879892857454E-5, -2.608792599775494E-7, 1.236786173816022E-10, -913.6023845925723)
(1118.15, -7.709874156352952E-5, -2.5887909217171416E-7, 1.2152414364572374E-10, -914.1689681270493)
(1119.15, -7.714863228002265E-5, -2.5689789609088375E-7, 1.194110932740741E-10, -914.7351618253404)
(1120.15, -7.719847150937098E-5, -2.5493546322033533E-7, 1.1733860065343497E-10, -915.3009683306321)
(1121.15, -7.724825967780923E-5, -2.529915876004663E-7, 1.1530581960701572E-10, -915.866390256017)
(1122.15, -7.729799720655639E-5, -2.510660657929494E-7, 1.1331192292979792E-10, -916.4314301848832)
(1123.15, -7.734768451188103E-5, -2.4915869684735426E-7, 1.1135610193553585E-10, -916.9960906713007)
(1124.15, -7.739732200516552E-5, -2.472692822682512E-7, 1.0943756601523918E-10, -917.5603742403949)
(1125.15, -7.744691009297E-5, -2.4539762598276667E-7, 1.0755554220675324E-10, -918.1242833887244)
(1126.15, -7.7496449177095E-5, -2.43543534308536E-7, 1.0570927477516996E-10, -918.6878205846482)
(1127.15, -7.75459396546432E-5, -2.4170681592220537E-7, 1.0389802480384031E-10, -919.2509882686862)
(1128.15, -7.759538191808066E-5, -2.3988728182829186E-7, 1.0212106979557224E-10, -919.8137888538819)
(1129.15, -7.7644776355297E-5, -2.3808474532844206E-7, 1.003777032838715E-10, -920.3762247261528)
(1130.15, -7.769412334966468E-5, -2.362990219912579E-7, 9.866723445392271E-11, -920.9382982446405)
(1131.15, -7.774342328009784E-5, -2.3452992962236686E-7, 9.69889877730156E-11, -921.5000117420556)
(1132.15, -7.779267652110975E-5, -2.3277728823503762E-7, 9.534230263023263E-11, -922.0613675250137)
(1133.15, -7.784188344287024E-5, -2.3104092002113253E-7, 9.37265329851061E-11, -922.6223678743754)
(1134.15, -7.789104441126137E-5, -2.2932064932251443E-7, 9.214104702502388E-11, -923.183015045571)
(1135.15, -7.794015978793358E-5, -2.2761630260278488E-7, 9.058522683117648E-11, -923.7433112689314)
(1136.15, -7.798922993035983E-5, -2.2592770841945676E-7, 8.905846805276409E-11, -924.3032587500068)
(1137.15, -7.803825519188978E-5, -2.2425469739653443E-7, 8.756017958934995E-11, -924.8628596698827)
(1138.15, -7.808723592180316E-5, -2.2259710219738686E-7, 8.608978328100395E-11, -925.4221161854966)
(1139.15, -7.813617246536199E-5, -2.2095475749809185E-7, 8.464671360618578E-11, -925.9810304299425)
(1140.15, -7.818506516386257E-5, -2.1932749996110759E-7, 8.323041738705945E-11, -926.5396045127773)
(1141.15, -7.823391435468646E-5, -2.1771516820928616E-7, 8.184035350208146E-11, -927.0978405203206)
(1142.15, -7.828272037135104E-5, -2.1611760280029392E-7, 8.04759926056799E-11, -927.6557405159527)
(1143.15, -7.833148354355897E-5, -2.145346462013297E-7, 7.913681685483866E-11, -928.2133065404028)
(1144.15, -7.83802041972474E-5, -2.1296614276425685E-7, 7.782231964239432E-11, -928.7705406120406)
(1145.15, -7.842888265463626E-5, -2.1141193870102456E-7, 7.653200533689092E-11, -929.3274447271605)
(1146.15, -7.847751923427602E-5, -2.0987188205944266E-7, 7.526538902880378E-11, -929.8840208602606)
(1147.15, -7.852611425109459E-5, -2.0834582269932702E-7, 7.402199628297426E-11, -930.4402709643197)
(1148.15, -7.857466801644398E-5, -2.0683361226888895E-7, 7.28013628971193E-11, -930.9961969710716)
(1149.15, -7.862318083814585E-5, -2.0533510418156976E-7, 7.160303466622883E-11, -931.5518007912725)
(1150.15, -7.867165302053678E-5, -2.0385015359309008E-7, 7.042656715270235E-11, -932.1070843149686)
(1151.15, -7.872008486451284E-5, -2.0237861737884743E-7, 6.927152546208377E-11, -932.6620494117567)
(1152.15, -7.876847666757354E-5, -2.0092035411166087E-7, 6.813748402427111E-11, -933.2166979310439)
(1153.15, -7.881682872386499E-5, -1.9947522403976724E-7, 6.702402638003313E-11, -933.7710317023003)
(1154.15, -7.886514132422295E-5, -1.9804308906519176E-7, 6.593074497269401E-11, -934.325052535315)
(1155.15, -7.891341475621472E-5, -1.9662381272229692E-7, 6.485724094487414E-11, -934.8787622204381)
(1156.15, -7.896164930418101E-5, -1.9521726015676312E-7, 6.38031239401593E-11, -935.4321625288325)
(1157.15, -7.900984524927677E-5, -1.9382329810478004E-7, 6.276801190955538E-11, -935.9852552127101)
(1158.15, -7.905800286951176E-5, -1.924417948725262E-7, 6.175153092260543E-11, -936.538042005572)
(1159.15, -7.910612243979047E-5, -1.9107262031594785E-7, 6.07533149830786E-11, -937.0905246224439)
(1160.15, -7.915420423195154E-5, -1.897156458208217E-7, 5.977300584907681E-11, -937.6427047601077)
(1161.15, -7.920224851480658E-5, -1.8837074428307297E-7, 5.881025285748752E-11, -938.1945840973303)
(1162.15, -7.925025555417856E-5, -1.8703779008937216E-7, 5.7864712752633074E-11, -938.746164295089)
(1163.15, -7.929822561293948E-5, -1.8571665909798893E-7, 5.693604951902604E-11, -939.2974469967945)
(1164.15, -7.934615895104788E-5, -1.844072286199333E-7, 5.6023934218163975E-11, -939.8484338285108)
(1165.15, -7.939405582558548E-5, -1.83109377400311E-7, 5.512804482917169E-11, -940.399126399171)
(1166.15, -7.94419164907935E-5, -1.8182298560001887E-7, 5.424806609331397E-11, -940.949526300792)
(1167.15, -7.94897411981086E-5, -1.8054793477752453E-7, 5.338368936214273E-11, -941.4996351086858)
(1168.15, -7.953753019619799E-5, -1.79284107871123E-7, 5.253461244933815E-11, -942.0494543816656)
(1169.15, -7.958528373099447E-5, -1.7803138918124122E-7, 5.170053948602013E-11, -942.5989856622537)
(1170.15, -7.963300204573073E-5, -1.767896643530777E-7, 5.0881180779513095E-11, -943.1482304768824)
(1171.15, -7.968068538097324E-5, -1.755588203594692E-7, 5.007625267547253E-11, -943.6971903360941)
(1172.15, -7.972833397465565E-5, -1.7433874548396245E-7, 4.9285477423263445E-11, -944.2458667347377)
(1173.15, -7.977594806211207E-5, -1.7312932930416407E-7, 4.850858304453288E-11, -944.7942611521657)
(1174.15, -7.98235278761093E-5, -1.7193046267526071E-7, 4.7745303204882705E-11, -945.3423750524239)
(1175.15, -7.987107364687905E-5, -1.7074203771381204E-7, 4.6995377088579165E-11, -945.8902098844392)
(1176.15, -7.991858560214986E-5, -1.695639477817356E-7, 4.625854927620761E-11, -946.4377670822117)
(1177.15, -7.996606396717795E-5, -1.6839608747051774E-7, 4.553456962520718E-11, -946.9850480649926)
(1178.15, -8.00135089647785E-5, -1.672383525856449E-7, 4.482319315322002E-11, -947.5320542374719)
(1179.15, -8.00609208153557E-5, -1.660906401312418E-7, 4.412417992417424E-11, -948.0787869899524)
(1180.15, -8.010829973693299E-5, -1.6495284829491436E-7, 4.343729493704467E-11, -948.6252476985306)
(1181.15, -8.015564594518267E-5, -1.638248764328031E-7, 4.2762308017197864E-11, -949.17143772527)
(1182.15, -8.020295965345507E-5, -1.6270662505482793E-7, 4.209899371030484E-11, -949.7173584183741)
(1183.15, -8.025024107280735E-5, -1.615979958101663E-7, 4.144713117871914E-11, -950.2630111123544)
(1184.15, -8.029749041203197E-5, -1.6049889147288107E-7, 4.0806504100258365E-11, -950.8083971282005)
(1185.15, -8.034470787768478E-5, -1.5940921592777412E-7, 4.0176900569371264E-11, -951.3535177735438)
(1186.15, -8.039189367411276E-5, -1.5832887415642457E-7, 3.9558113000576377E-11, -951.8983743428237)
(1187.15, -8.04390480034811E-5, -1.572577722234196E-7, 3.894993803415581E-11, -952.4429681174437)
(1188.15, -8.048617106580044E-5, -1.5619581726275508E-7, 3.835217644404658E-11, -952.9873003659352)
(1189.15, -8.053326305895328E-5, -1.5514291746443554E-7, 3.776463304784335E-11, -953.5313723441124)
(1190.15, -8.058032417872025E-5, -1.5409898206124884E-7, 3.7187116618898175E-11, -954.0751852952266)
(1191.15, -8.062735461880607E-5, -1.530639213157267E-7, 3.661943980045714E-11, -954.6187404501206)
(1192.15, -8.067435457086499E-5, -1.5203764650726094E-7, 3.6061419021750386E-11, -955.1620390273773)
(1193.15, -8.072132422452604E-5, -1.5102006991941784E-7, 3.551287441605885E-11, -955.7050822334708)
(1194.15, -8.076826376741788E-5, -1.500111048274133E-7, 3.4973629740619345E-11, -956.2478712629105)
(1195.15, -8.081517338519333E-5, -1.490106654857409E-7, 3.444351229841311E-11, -956.790407298388)
(1196.15, -8.086205326155367E-5, -1.4801866711599024E-7, 3.39223528617138E-11, -957.3326915109197)
(1197.15, -8.090890357827232E-5, -1.470350258948332E-7, 3.340998559742163E-11, -957.8747250599865)
(1198.15, -8.095572451521857E-5, -1.460596589421104E-7, 3.290624799406834E-11, -958.416509093674)
(1199.15, -8.10025162503808E-5, -1.4509248430917483E-7, 3.2410980790528716E-11, -958.9580447488095)
(1200.15, -8.104927895988945E-5, -1.4413342096730691E-7, 3.192402790633937E-11, -959.4993331510981)
(1201.15, -8.109601281803962E-5, -1.4318238879635168E-7, 3.1445236373600875E-11, -960.0403754152558)
(1202.15, -8.114271799731342E-5, -1.4223930857341935E-7, 3.097445627045323E-11, -960.5811726451411)
(1203.15, -8.118939466840202E-5, -1.4130410196184999E-7, 3.0511540656039364E-11, -961.1217259338866)
(1204.15, -8.123604300022735E-5, -1.4037669150022627E-7, 3.0056345506961485E-11, -961.6620363640245)
(1205.15, -8.128266315996376E-5, -1.3945700059159624E-7, 2.9608729655174186E-11, -962.2021050076175)
(1206.15, -8.132925531305895E-5, -1.3854495349280524E-7, 2.916855472728205E-11, -962.7419329263809)
(1207.15, -8.137581962325512E-5, -1.376404753039852E-7, 2.8735685085212404E-11, -963.2815211718076)
(1208.15, -8.142235625260937E-5, -1.367434919581868E-7, 2.8309987768228338E-11, -963.8208707852892)
(1209.15, -8.146886536151411E-5, -1.3585393021113355E-7, 2.7891332436254903E-11, -964.3599827982355)
(1210.15, -8.151534710871743E-5, -1.3497171763111973E-7, 2.7479591314464576E-11, -964.8988582321956)
(1211.15, -8.156180165134244E-5, -1.340967825890563E-7, 2.7074639139134803E-11, -965.437498098973)
(1212.15, -8.160822914490732E-5, -1.3322905424862838E-7, 2.6676353104703068E-11, -965.9759034007428)
(1213.15, -8.165462974334417E-5, -1.3236846255659765E-7, 2.6284612812017182E-11, -966.5140751301628)
(1214.15, -8.170100359901851E-5, -1.315149382332151E-7, 2.5899300217745127E-11, -967.0520142704903)
(1215.15, -8.17473508627477E-5, -1.306684127627912E-7, 2.5520299584918524E-11, -967.5897217956896)
(1216.15, -8.179367168381976E-5, -1.2982881838434863E-7, 2.5147497434573928E-11, -968.1271986705447)
(1217.15, -8.183996621001155E-5, -1.2899608808245148E-7, 2.478078249848619E-11, -968.6644458507644)
(1218.15, -8.188623458760693E-5, -1.2817015557809956E-7, 2.442004567294583E-11, -969.2014642830924)
(1219.15, -8.19324769614145E-5, -1.273509553197762E-7, 2.4065179973565298E-11, -969.7382549054103)
(1220.15, -8.197869347478518E-5, -1.265384224746321E-7, 2.371608049110212E-11, -970.2748186468418)
(1221.15, -8.202488426962993E-5, -1.2573249291972144E-7, 2.3372644348242974E-11, -970.8111564278588)
(1222.15, -8.207104948643632E-5, -1.2493310323342023E-7, 2.3034770657364883E-11, -971.3472691603779)
(1223.15, -8.211718926428591E-5, -1.241401906869173E-7, 2.270236047922081E-11, -971.8831577478627)