623.15 -3.1549944522599454E-11 -2.1477213148041463E-12 -1.7605751393961383E-5 -176.59126039023786
624.15 -3.277655626480082E-11 -2.2116756111924145E-12 -1.7624404031032093E-5 -176.7783648320709
625.15 -3.410286253408151E-11 -2.2840676965502508E-12 -1.764304648164443E-5 -176.96536818529634
626.15 -3.552812398644614E-11 -2.364409362690478E-12 -1.7661678768166584E-5 -177.15227066196107
627.15 -3.705000432288105E-11 -2.452088950933077E-12 -1.7680300913522924E-5 -177.33907246243436
628.15 -3.96820741849134E-11 -2.662253871378199E-12 -1.7698912509139697E-5 -177.52578080997776
629.15 -4.113747892380466E-11 -2.7326769698897156E-12 -1.7717514548924387E-5 -177.71238010573035
630.15 -4.271624257511884E-11 -2.813738088546703E-12 -1.7736106500540792E-5 -177.8988795581839
631.15 -4.4419443543909305E-11 -2.9050237565082137E-12 -1.775468838527981E-5 -178.08527938756194
632.15 -4.624589034483795E-11 -3.005926256158856E-12 -1.777326022527162E-5 -178.27157979779025
633.15 -4.8192535350381274E-11 -3.115700842227814E-12 -1.7791822043302142E-5 -178.45778097937978
634.15 -5.0255180909704686E-11 -3.2335444185648298E-12 -1.781037386251401E-5 -178.64388311429897
635.15 -5.341270928906492E-11 -3.466069242576344E-12 -1.782891529278029E-5 -178.8298931772916
636.15 -5.54258285827212E-11 -3.5672551982702045E-12 -1.78474472972739E-5 -179.01579590084975
637.15 -5.759419554241888E-11 -3.680896050594727E-12 -1.786596934927004E-5 -179.20160048000497
638.15 -5.991630603880303E-11 -3.806260728270179E-12 -1.788448147063033E-5 -179.38730711161617
639.15 -6.238842585957817E-11 -3.942457503190085E-12 -1.790298368401788E-5 -179.57291597660145
640.15 -6.500542230227095E-11 -4.088524648344865E-12 -1.792147601254723E-5 -179.7584272456776
641.15 -6.906792849755513E-11 -4.382716389314061E-12 -1.7939957934041517E-5 -179.94385011372347
642.15 -7.16114318580643E-11 -4.507191061314556E-12 -1.79584307081767E-5 -180.12916429267435
643.15 -7.434856157509296E-11 -4.64691789522851E-12 -1.7976893638491428E-5 -180.31438183029212
644.15 -7.727780206269605E-11 -4.801045380775889E-12 -1.799534674648816E-5 -180.49950291851022
645.15 -8.039486828648701E-11 -4.968523225426512E-12 -1.801379005468292E-5 -180.68452772965625
646.15 -8.369364191433673E-11 -5.148204246941392E-12 -1.803222358621215E-5 -180.8694564229202
647.15 -8.716736383763398E-11 -5.338959578178484E-12 -1.805064736434288E-5 -181.0542891525586
648.15 -9.21664027048394E-11 -5.676441518125881E-12 -1.806906085258886E-5 -181.23903544268688
649.15 -9.558901944119461E-11 -5.846081601734961E-12 -1.8087465351598132E-5 -181.42367407261105
650.15 -9.92519755234187E-11 -6.0335281025192934E-12 -1.8105860130118497E-5 -181.60821779241942
651.15 -1.0315091381866811E-10 -6.237569556861215E-12 -1.8124245210372357E-5 -181.7926667691546
652.15 -1.0727893525873345E-10 -6.45684949554233E-12 -1.814262061547919E-5 -181.9770211519064
653.15 -1.1162792695360386E-10 -6.689997312637617E-12 -1.816098636890898E-5 -182.16128108096328
654.15 -1.1619000649197706E-10 -6.93575719165625E-12 -1.8179342493897995E-5 -182.34544669773297
655.15 -1.2262891691718243E-10 -7.331128766804868E-12 -1.8197688348670746E-5 -182.5295296270009
656.15 -1.2714462377891062E-10 -7.556433438225294E-12 -1.821602546847904E-5 -182.71350394585224
657.15 -1.3195687922391546E-10 -7.802510684292225E-12 -1.8234352984161742E-5 -182.89738511529328
658.15 -1.3705948889408363E-10 -8.067784391547106E-12 -1.8252670918343957E-5 -183.0811732843203
659.15 -1.4244402075372464E-10 -8.350602600159479E-12 -1.8270979294394142E-5 -183.26486858618048
660.15 -1.4810136173468534E-10 -8.649389928908683E-12 -1.828927813578469E-5 -183.4484711491006
661.15 -1.540232575250528E-10 -8.962781671245398E-12 -1.830756746547256E-5 -183.6319811068641
662.15 -1.602035553501413E-10 -9.289716648143948E-12 -1.8325847305411297E-5 -183.8153986073135
663.15 -1.6663895375009125E-10 -9.629476136064905E-12 -1.8344117676270098E-5 -183.99872381744333
664.15 -1.733292058342165E-10 -9.98167023086139E-12 -1.836237859737667E-5 -184.18195692472906
665.15 -1.802768680992731E-10 -1.0346185654468638E-11 -1.838063008684199E-5 -184.3650981353353
666.15 -1.874867800119244E-10 -1.0723115607771296E-11 -1.8398872161789044E-5 -184.5481476704869
667.15 -1.9496547313399133E-10 -1.1112691135675024E-11 -1.8417104838603676E-5 -184.73110576236962
668.15 -2.0272065556151206E-10 -1.151522657685444E-11 -1.8435328133149594E-5 -184.91397265056864
669.15 -2.1253430395047713E-10 -1.1934219696699393E-11 -1.8453541467342447E-5 -185.09676044556542
670.15 -2.206921255334895E-10 -1.2362032580421288E-11 -1.8471746103729187E-5 -185.27944447900975
671.15 -2.2918035308303699E-10 -1.2804884763686325E-11 -1.848994139390633E-5 -185.462038232111
672.15 -2.3800270184555357E-10 -1.3262737540382528E-11 -1.8508127355084255E-5 -185.64454191437122
673.15 -2.4716488082851473E-10 -1.3735764759038047E-11 -1.8526304003580473E-5 -185.8269557484667
674.15 -2.566741690113771E-10 -1.4224278314081677E-11 -1.85444713550191E-5 -186.00927996725068
675.15 -2.665390560465917E-10 -1.4728672061114417E-11 -1.856262942449443E-5 -186.1915148112277
676.15 -2.767689802803411E-10 -1.524938597112859E-11 -1.858077822668637E-5 -186.37366052672388
677.15 -2.8737415336277135E-10 -1.5786886591069975E-11 -1.8598917775934312E-5 -186.55571736467326
678.15 -2.9836544508282446E-10 -1.6341658023304398E-11 -1.8617048086282865E-5 -186.73768557983033
679.15 -3.097543057130318E-10 -1.691419849022721E-11 -1.8635169171510683E-5 -186.919565430246
680.15 -3.215527125553688E-10 -1.7505019359990873E-11 -1.8653281045149364E-5 -187.10135717691128
681.15 -3.3377313400386483E-10 -1.811464507279084E-11 -1.86713837204958E-5 -187.28306108351993
682.15 -3.4642850685134144E-10 -1.8743613340978372E-11 -1.868947721061992E-5 -187.4646774163206
683.15 -3.595322230103444E-10 -1.939247542000683E-11 -1.870756152836923E-5 -187.6462064440316
684.15 -3.730981223636213E-10 -2.0061796397373756E-11 -1.8725636686371276E-5 -187.82764843779728
685.15 -3.8714048957229565E-10 -2.0752155488676472E-11 -1.87437026970348E-5 -188.00900367116998
686.15 -4.0167405380585373E-10 -2.1464146339055425E-11 -1.876175957254992E-5 -188.1902724201126
687.15 -4.1671399099575634E-10 -2.2198377329859823E-11 -1.877980732488744E-5 -188.37145496301727
688.15 -4.3227592832068826E-10 -2.2955471890578007E-11 -1.8797845965797464E-5 -188.55255158073942
689.15 -4.48375950505123E-10 -2.3736068816110304E-11 -1.881587550680732E-5 -188.73356255664348
690.15 -4.6503060744753215E-10 -2.4540822589428942E-11 -1.883389595921909E-5 -188.91448817665778
691.15 -4.82256922791491E-10 -2.5370403709707842E-11 -1.885190733410682E-5 -189.09532872933576
692.15 -5.000724031996173E-10 -2.622549902597612E-11 -1.886990964231348E-5 -189.27608450592197
693.15 -5.184950482728653E-10 -2.7106812076377873E-11 -1.888790289444767E-5 -189.4567558004219
694.15 -5.375433610670343E-10 -2.8015063433078168E-11 -1.8905887100880197E-5 -189.63734290967645
695.15 -5.572363591732016E-10 -2.8950991052912118E-11 -1.8923862271740376E-5 -189.81784613343982
696.15 -5.775935862909928E-10 -2.9915350633825144E-11 -1.8941828416912228E-5 -189.99826577446058
697.15 -5.986351242182838E-10 -3.0908915977177125E-11 -1.8959785546030486E-5 -190.17860213856585
698.15 -6.203816051883424E-10 -3.193247935597592E-11 -1.897773366847649E-5 -190.35885553474742
699.15 -6.42854224526843E-10 -3.2986851889120884E-11 -1.8995672793374035E-5 -190.53902627525088
700.15 -6.660747536169478E-10 -3.407286392169895E-11 -1.901360292958495E-5 -190.71911467566505
701.15 -6.900655531630261E-10 -3.5191365411435536E-11 -1.9031524085704777E-5 -190.8991210550156
702.15 -7.148495867545255E-10 -3.6343226321343204E-11 -1.9049436270058186E-5 -191.0790457358591
703.15 -7.404504347174121E-10 -3.75293370186389E-11 -1.906733949069434E-5 -191.25888904437937
704.15 -7.668923082449193E-10 -3.8750608680025185E-11 -1.908523375538221E-5 -191.43865131048628
705.15 -7.942000637976262E-10 -4.0007973703373995E-11 -1.9103119071605698E-5 -191.6183328679156
706.15 -8.223992177748127E-10 -4.130238612589656E-11 -1.912099544655875E-5 -191.79793405433108
707.15 -8.515159614559936E-10 -4.263482204887174E-11 -1.9138862887140306E-5 -191.977455211428
708.15 -8.815771762155868E-10 -4.400628006900207E-11 -1.9156721399949225E-5 -192.1568966850393
709.15 -9.126104490173582E-10 -4.5417781716465985E-11 -1.9174570991279018E-5 -192.3362588252425
710.15 -9.446440881886378E-10 -4.6870371899744246E-11 -1.9192411667112605E-5 -192.51554198646974
711.15 -9.777071394809394E-10 -4.8365119357272616E-11 -1.921024343311681E-5 -192.69474652761826
712.15 -1.011829402418222E-9 -4.9903117116018304E-11 -1.9228066294636914E-5 -192.87387281216422
713.15 -1.0470414469386387E-9 -5.1485482957044334E-11 -1.9245880256691E-5 -193.0529212082778
714.15 -1.0833746303353826E-9 -5.3113359888107646E-11 -1.9263685323964233E-5 -193.23189208894019
715.15 -1.1208611145005518E-9 -5.478791662341066E-11 -1.9281481500803012E-5 -193.4107858320631
716.15 -1.1595338834806866E-9 -5.65103480705317E-11 -1.9299268791209057E-5 -193.58960282060997
717.15 -1.199426761345174E-9 -5.828187582464854E-11 -1.93170471988333E-5 -193.76834344271916
718.15 -1.2405744303776275E-9 -6.010374867007921E-11 -1.9334816726969754E-5 -193.94700809182984
719.15 -1.2830124495931351E-9 -6.197724308927241E-11 -1.9352577378549228E-5 -194.12559716681008
720.15 -1.3267772735875742E-9 -6.390366377926807E-11 -1.9370329156132888E-5 -194.3041110720859
721.15 -1.371906271724527E-9 -6.588434417571717E-11 -1.9388072061905784E-5 -194.48255021777467
722.15 -1.4184377476656051E-9 -6.792064698457175E-11 -1.940580609767015E-5 -194.66091501981873
723.15 -1.466410959249686E-9 -7.00139647214359E-11 -1.9423531264838684E-5 -194.83920590012306
724.15 -1.5158661387259415E-9 -7.216572025875186E-11 -1.944124756442762E-5 -195.017423286694
725.15 -1.5701716115040182E-9 -7.437736455481778E-11 -1.945895388801911E-5 -195.1955898616302
726.15 -1.6225044568341907E-9 -7.665038862147314E-11 -1.9476652524199104E-5 -195.37366015916015
727.15 -1.676455776155856E-9 -7.898630683667573E-11 -1.9494342290147056E-5 -195.55165835024724
728.15 -1.7320697357313304E-9 -8.138666912982048E-11 -1.95120231852797E-5 -195.7295848875881
729.15 -1.7893915648649038E-9 -8.385305864230285E-11 -1.9529695208586952E-5 -195.90744023059412
730.15 -1.848467579978166E-9 -8.638709232291562E-11 -1.9547358358623667E-5 -196.08522484555584
731.15 -1.90934520907157E-9 -8.899042153157441E-11 -1.956501263350135E-5 -196.26293920581185
732.15 -1.9720730165956596E-9 -9.166473265142262E-11 -1.9582658030879582E-5 -196.4405837919178
733.15 -2.0367007287027644E-9 -9.441174770935152E-11 -1.960029454795749E-5 -196.6181590918206
734.15 -2.1032792588861473E-9 -9.723322500508044E-11 -1.9617922181464863E-5 -196.79566560103285
735.15 -2.1718607340011352E-9 -1.0013095974881445E-10 -1.9635540927653382E-5 -196.97310382281213
736.15 -2.2424985206645297E-9 -1.0310678470758509E-10 -1.965315078228749E-5 -197.15047426834082
737.15 -2.3152472520228166E-9 -1.0616257086031656E-10 -1.9670751740635283E-5 -197.32777745690967
738.15 -2.390162854896536E-9 -1.093002280617355E-10 -1.9688343797459236E-5 -197.5050139161038
739.15 -2.467302577293721E-9 -1.1252170571516123E-10 -1.9705926947006703E-5 -197.68218418199012
740.15 -2.5456367721803697E-9 -1.1582899487442778E-10 -1.972350154574745E-5 -197.85928152237122
741.15 -2.628490146294869E-9 -1.192241218338496E-10 -1.9741066498628855E-5 -198.03632832166542
742.15 -2.712659347649115E-9 -1.227091630298138E-10 -1.9758622886536268E-5 -198.21330331172828
743.15 -2.799295435646861E-9 -1.262862315482196E-10 -1.97761703388129E-5 -198.39021434142518
744.15 -2.8884626898949075E-9 -1.2995748494364723E-10 -1.9793708846984807E-5 -198.56706199214423
745.15 -2.980226884060711E-9 -1.3372512454694106E-10 -1.981123840200369E-5 -198.74384685493786
746.15 -3.0746553160040646E-9 -1.3759139620228652E-10 -1.9828758994236527E-5 -198.920569530728
747.15 -3.1718168382926615E-9 -1.41558591013807E-10 -1.9846270613455092E-5 -199.09723063051467
748.15 -3.271781889106926E-9 -1.4562904610174655E-10 -1.986377324882533E-5 -199.27383077558702
749.15 -3.3746225235447594E-9 -1.4980514536819144E-10 -1.9881266888896605E-5 -199.450370597737
750.15 -3.480412445329999E-9 -1.5408932027259435E-10 -1.98987515215908E-5 -199.62685073947614
751.15 -3.589227038926633E-9 -1.5848405061701082E-10 -1.9916227134191227E-5 -199.80327185425392
752.15 -3.7011434020757884E-9 -1.6299186534118978E-10 -1.9933693713331503E-5 -199.97963460668095
753.15 -3.816240378756277E-9 -1.6761534332760792E-10 -1.9951151244984116E-5 -200.15593967275257
754.15 -3.934598592578716E-9 -1.7235711421645175E-10 -1.996859971444902E-5 -200.33218774007773
755.15 -4.056300480621779E-9 -1.772198592307092E-10 -1.998603910634191E-5 -200.5083795081093
756.15 -4.181430327722114E-9 -1.8220631201134372E-10 -2.0003469404582442E-5 -200.68451568837773
757.15 -4.31007430122241E-9 -1.8731925946271E-10 -2.002089059238224E-5 -200.86059700472822
758.15 -4.442320486191178E-9 -1.9256154260824656E-10 -2.0038302652232784E-5 -201.03662419356098
759.15 -4.578258921121452E-9 -1.9793605745647963E-10 -2.005570556589308E-5 -201.21259800407378
760.15 -4.7179816341188994E-9 -2.0344575587745377E-10 -2.0073099314377203E-5 -201.38851919850995
761.15 -4.861582679588785E-9 -2.0909364648967295E-10 -2.0090483877941624E-5 -201.5643885524067
762.15 -5.009158175431324E-9 -2.1488279555758824E-10 -2.0107859236072374E-5 -201.74020685484962
763.15 -5.160806340755698E-9 -2.2081632789965244E-10 -2.0125225367472088E-5 -201.9159749087295
764.15 -5.31662753412186E-9 -2.2689742780716432E-10 -2.014258225004672E-5 -202.09169353100222
765.15 -5.476724292318896E-9 -2.331293399737998E-10 -2.0159929860892262E-5 -202.26736355295324
766.15 -5.641201369691861E-9 -2.395153704359779E-10 -2.0177268176281068E-5 -202.4429858204652
767.15 -5.810165778023013E-9 -2.460588875241774E-10 -2.0194597171648177E-5 -202.6185611942895
768.15 -5.9837268269787056E-9 -2.527633228251247E-10 -2.02119168215773E-5 -202.7940905503215
769.15 -6.161996165130804E-9 -2.596321721551153E-10 -2.0229227099786644E-5 -202.96957477987948
770.15 -6.345087821559768E-9 -2.6666899654435183E-10 -2.0246527979114593E-5 -203.14501478998812
771.15 -6.533118248049682E-9 -2.738774232324582E-10 -2.0263819431505115E-5 -203.32041150366544
772.15 -6.726206361882062E-9 -2.812611466752491E-10 -2.0281101427992945E-5 -203.49576586021334
773.15 -6.924473589237698E-9 -2.888239295627804E-10 -2.029837393868866E-5 -203.6710788155136
774.15 -7.1280439092122726E-9 -2.965696038487061E-10 -2.0315636932763426E-5 -203.84635134232676
775.15 -7.337043898457043E-9 -3.045020717911195E-10 -2.033289037843359E-5 -204.02158443059557
776.15 -7.551602776448966E-9 -3.1262530700484764E-10 -2.0350134242945045E-5 -204.19677908775296
777.15 -7.771852451507656E-9 -3.209433555252638E-10 -2.036736849255731E-5 -204.3719363390344
778.15 -7.998206436535308E-9 -3.294797298783494E-10 -2.038459298557945E-5 -204.5470591467327
779.15 -8.229973502956105E-9 -3.3818109893082626E-10 -2.0401867165176437E-5 -204.72273627531555
780.15 -8.470891911061058E-9 -3.472927505643831E-10 -2.0419012137867512E-5 -204.89721332614127
781.15 -8.712502790850149E-9 -3.5624791547742844E-10 -2.0436270313069385E-5 -205.07283120790498
782.15 -8.963292640137481E-9 -3.6560452793308164E-10 -2.0453457239174832E-5 -205.2478305344744
783.15 -9.220604398631488E-9 -3.751794881571808E-10 -2.047063435812016E-5 -205.42279909909314
784.15 -9.48464112453617E-9 -3.849826673343862E-10 -2.0487801608934632E-5 -205.59773842595175
785.15 -9.757203897907043E-9 -3.951244565950942E-10 -2.0504891307196816E-5 -205.77198879279848
786.15 -1.0033353352190343E-8 -4.052781398556779E-10 -2.0522106399683556E-5 -205.94753299578605
787.15 -1.0318397659172082E-8 -4.157842041711225E-10 -2.0539243833571634E-5 -206.12239101243827
788.15 -1.0616274756344546E-8 -4.26891205394564E-10 -2.0556369184882658E-5 -206.29726258152715
789.15 -1.09106369347059E-8 -4.3753280960405123E-10 -2.0573488571169494E-5 -206.47203439589808
790.15 -1.1218199613826646E-8 -4.487878870826493E-10 -2.05905957697139E-5 -206.6468225218555
791.15 -1.1533560486538962E-8 -4.602990055193009E-10 -2.0607617038560896E-5 -206.82082953376047
792.15 -1.1856992511988649E-8 -4.720785956242656E-10 -2.0624779616608888E-5 -206.9963375678895
793.15 -1.2188658852762038E-8 -4.841301056626991E-10 -2.064185613469582E-5 -207.17106771508438
794.15 -1.2528643334541881E-8 -4.964525543704153E-10 -2.0658922352893018E-5 -207.3457807023456
795.15 -1.2882164241106132E-8 -5.090577440361323E-10 -2.067597653685154E-5 -207.5205115929561
796.15 -1.3235238543388625E-8 -5.219907116282596E-10 -2.0693023332120063E-5 -207.69516718094488
797.15 -1.3601322202884636E-8 -5.351594501701991E-10 -2.0709972798193407E-5 -207.86897938073506
798.15 -1.3982562022592967E-8 -5.490067259220694E-10 -2.07270805309587E-5 -208.04453786923796
799.15 -1.4364970665176848E-8 -5.624085381477333E-10 -2.074409532647574E-5 -208.21917142501104
800.15 -1.4755952143667812E-8 -5.765159380977181E-10 -2.0761099542408807E-5 -208.39379192975883
801.15 -1.516011029202046E-8 -5.909248653888854E-10 -2.0778091905744015E-5 -208.5684287397516
802.15 -1.5574508189201304E-8 -6.056706073121946E-10 -2.0794978918286365E-5 -208.74211493603778
803.15 -1.6001445005807756E-8 -6.207272432566551E-10 -2.0811946893584542E-5 -208.9167421002935
804.15 -1.6436218566516572E-8 -6.361324474902688E-10 -2.0829003036929784E-5 -209.09233571739978
805.15 -1.68816660475469E-8 -6.518779386953608E-10 -2.0845951835599902E-5 -209.26696311126526
806.15 -1.7338122789142565E-8 -6.67972295005262E-10 -2.08628895349724E-5 -209.44159310125303
807.15 -1.7803763390956132E-8 -6.84423668738093E-10 -2.0879816750377364E-5 -209.61621363176877
808.15 -1.8283023052803306E-8 -7.012453882586907E-10 -2.0896732007034148E-5 -209.79085453038454
809.15 -1.8773981132792085E-8 -7.184400589312469E-10 -2.0913635955376425E-5 -209.96550308266674
810.15 -1.9277299945866066E-8 -7.360400123526193E-10 -2.0930528366391666E-5 -210.14016395906296
811.15 -1.9791442267088586E-8 -7.539425743560009E-10 -2.094740982791397E-5 -210.31482660704842
812.15 -2.0318336053559824E-8 -7.722574733458099E-10 -2.0964279641005892E-5 -210.4895044546642
813.15 -2.0860492418374015E-8 -7.911288767674746E-10 -2.098113689084533E-5 -210.66421495922611
814.15 -2.1410909125794865E-8 -8.101204661674443E-10 -2.099786484191483E-5 -210.8377126178664
815.15 -2.1977869379521888E-8 -8.296722693564426E-10 -2.101469686451757E-5 -211.01242570073606
816.15 -2.2557354012104857E-8 -8.49646537988133E-10 -2.1031517315573332E-5 -211.1871525782469
817.15 -2.3149949081477157E-8 -8.700607756449703E-10 -2.1048452403463232E-5 -211.36316521189704
818.15 -2.3757835565012282E-8 -8.908923719094554E-10 -2.1065122215581736E-5 -211.53667461433034
819.15 -2.4379536799862217E-8 -9.121802266536169E-10 -2.1081906441526087E-5 -211.71147476393574
820.15 -2.501544572892338E-8 -9.339268941825167E-10 -2.1098812372506877E-5 -211.8876427606783
821.15 -2.566727439330074E-8 -9.561275101854367E-10 -2.1115438002378718E-5 -212.06116348685515
822.15 -2.6333928370965385E-8 -9.788040133830019E-10 -2.1132185142436626E-5 -212.23605647192645
823.15 -2.701588701357609E-8 -1.0019663201921803E-9 -2.1149061427248884E-5 -212.4124032003869
824.15 -2.7714454771764678E-8 -1.0256110970626691E-9 -2.1165785905470457E-5 -212.58739869728288
825.15 -2.8428918620524095E-8 -1.0497551010008375E-9 -2.1182497782399842E-5 -212.7624322493824
826.15 -2.9159979393330086E-8 -1.0744063338439478E-9 -2.1199196830696624E-5 -212.93750868622257
827.15 -2.990797746991228E-8 -1.0995740900097072E-9 -2.1215882942331905E-5 -213.1126304315771
828.15 -3.06732592567424E-8 -1.1252678070888703E-9 -2.1232556007143805E-5 -213.2877999497113
829.15 -3.1456177273334376E-8 -1.1514970675717615E-9 -2.1249215912807767E-5 -213.4630197459673
830.15 -3.225709023998718E-8 -1.1782716005884455E-9 -2.1265862544806223E-5 -213.63829236735708
831.15 -3.30763631671702E-8 -1.2056012836623328E-9 -2.128249578639783E-5 -213.81362040316847
832.15 -3.391436744712165E-8 -1.2334961444766553E-9 -2.1299115518585878E-5 -213.98900648558424
833.15 -3.477148094859193E-8 -1.2619663626547171E-9 -2.131572162008574E-5 -214.16445329032413
834.15 -3.564808811551742E-8 -1.2910222715528427E-9 -2.133231396729085E-5 -214.3399635373111
835.15 -3.6544580072943115E-8 -1.3206743600670202E-9 -2.1348892434236397E-5 -214.51553999138793
836.15 -3.746135474194044E-8 -1.350933274452235E-9 -2.1365456892559955E-5 -214.69118546309326
837.15 -3.8398816976636326E-8 -1.3818098201549305E-9 -2.1382007211454703E-5 -214.86690280958464
838.15 -3.935737874006738E-8 -1.4133149636577893E-9 -2.139854325760977E-5 -215.04269493582345
839.15 -4.033745940052984E-8 -1.4454598343359178E-9 -2.141506489511033E-5 -215.2185647965632
840.15 -4.133948638067262E-8 -1.478255726319913E-9 -2.1431571985220142E-5 -215.39451540069786
841.15 -4.2363897227674355E-8 -1.5117141005134323E-9 -2.1448064385690334E-5 -215.5705498251135
842.15 -4.341114934171654E-8 -1.545846628818393E-9 -2.146454194748892E-5 -215.7466712799075
843.15 -4.448179687176615E-8 -1.5806672923946147E-9 -2.1481004487854844E-5 -215.9228836304464
844.15 -4.557716960660135E-8 -1.6162246369136589E-9 -2.1497451543790915E-5 -216.09919605783497
845.15 -4.670283834761114E-8 -1.652793679293014E-9 -2.151388109659734E-5 -216.27564694921003
846.15 -4.783718582625269E-8 -1.6893598665407955E-9 -2.153030099861113E-5 -216.45208806194657
847.15 -4.90060538969124E-8 -1.7270823895143764E-9 -2.1546701919861725E-5 -216.62869664217894
848.15 -5.0204080740960305E-8 -1.765750124211983E-9 -2.156308579040171E-5 -216.80543615063658
849.15 -5.1418957933820275E-8 -1.8046634607143558E-9 -2.1579457162445935E-5 -216.98222177293368
850.15 -5.266562856452302E-8 -1.844638044053321E-9 -2.159581055381105E-5 -217.1591565859302
851.15 -5.394013538059607E-8 -1.8854391694017465E-9 -2.1612147441248615E-5 -217.33621335530495
852.15 -5.5244436783771E-8 -1.9271608044066964E-9 -2.1628467123362998E-5 -217.51340563172647
853.15 -5.6569755881558316E-8 -1.9692961627692548E-9 -2.1644772854446522E-5 -217.69067293865533
854.15 -5.792791855396172E-8 -2.012490449456025E-9 -2.1661060297763095E-5 -217.86809686603
855.15 -5.931538474002025E-8 -2.0565292025961778E-9 -2.167733077833641E-5 -218.0456530452515
856.15 -6.073275655210242E-8 -2.1014292977182496E-9 -2.1693584095171444E-5 -218.22334566891274
857.15 -6.218063301988214E-8 -2.147207129440831E-9 -2.1709820048569237E-5 -218.40117890686238
858.15 -6.365957420566436E-8 -2.193876629359462E-9 -2.1726038453335617E-5 -218.5791566588774
859.15 -6.517008482908393E-8 -2.2414483766768045E-9 -2.17422391448015E-5 -218.7572824418784
860.15 -6.671263497941114E-8 -2.2899307625053843E-9 -2.1758421971189315E-5 -218.9355595327918
861.15 -6.828770848799894E-8 -2.3393326702285758E-9 -2.1774586775803854E-5 -219.1139913019935
862.15 -6.989585122409069E-8 -2.3896661274685382E-9 -2.179073337926372E-5 -219.29258154610602
863.15 -7.153769382097627E-8 -2.440947523856408E-9 -2.180686157115667E-5 -219.47133464446446
864.15 -7.32139403390545E-8 -2.4931969436814836E-9 -2.182297111423591E-5 -219.65025548079942
865.15 -7.492533291747715E-8 -2.5464361911526104E-9 -2.183906175744454E-5 -219.82934919951464
866.15 -7.667261225319224E-8 -2.60068661441125E-9 -2.1855133250459457E-5 -220.0086209333339
867.15 -7.845649169870867E-8 -2.655967701723729E-9 -2.1871185353210686E-5 -220.18807562489476
868.15 -8.027765244494377E-8 -2.7122968413916344E-9 -2.1887217837639866E-5 -220.36771799366147
869.15 -8.213675565043888E-8 -2.7696900003303075E-9 -2.1903230483231008E-5 -220.5475526195627
870.15 -8.4034460809818E-8 -2.8281627280297954E-9 -2.1919223070255713E-5 -220.72758406955055
871.15 -8.597144041125857E-8 -2.8877309463114923E-9 -2.19351953743897E-5 -220.90781699854276
872.15 -8.795830757994281E-8 -2.948945396538249E-9 -2.1951143520261844E-5 -221.08832451231595
873.15 -8.9970627541766E-8 -3.010468795016396E-9 -2.196707650642701E-5 -221.26893836764734
874.15 -9.2026948795316E-8 -3.0732803171660893E-9 -2.1982987542034378E-5 -221.44978631866132
875.15 -9.412690955313306E-8 -3.1373378916985465E-9 -2.1998876783972413E-5 -221.63086588817265
876.15 -9.627051617079605E-8 -3.202619554524844E-9 -2.201474425370872E-5 -221.81217713494968
877.15 -9.845810856789834E-8 -3.26912119048658E-9 -2.2030589850236445E-5 -221.99372241408196
878.15 -1.0069026114813742E-7 -3.336850986283694E-9 -2.2046413386596864E-5 -222.1755056938729
879.15 -1.0297697515874476E-7 -3.406314756969428E-9 -2.206221121904578E-5 -222.35759581544409
880.15 -1.0529459791077061E-7 -3.476239632838057E-9 -2.2077992045830743E-5 -222.53983001403907
881.15 -1.0766257719928196E-7 -3.547631726349572E-9 -2.209374875816718E-5 -222.72234214520986
882.15 -1.1007976268704926E-7 -3.6204055796915936E-9 -2.2109481803061746E-5 -222.90512429717455
883.15 -1.12546030853585E-7 -3.694530601820376E-9 -2.212519125055839E-5 -223.08817562671013
884.15 -1.150618385732158E-7 -3.770006700786329E-9 -2.2140876957936985E-5 -223.27149928395437
885.15 -1.1763784895102426E-7 -3.847339501087741E-9 -2.2156535060389545E-5 -223.45516852941307
886.15 -1.2024853302777218E-7 -3.925238920240536E-9 -2.2172174893327082E-5 -223.63900799707065
887.15 -1.2291530260197533E-7 -4.0047516225869875E-9 -2.21877886666748E-5 -223.82316481522165
888.15 -1.2563659560772908E-7 -4.085772487543808E-9 -2.2203376977031043E-5 -224.00762824554863
889.15 -1.284122462557903E-7 -4.168268980374549E-9 -2.2218939909623635E-5 -224.19239715366348
890.15 -1.3124278361543674E-7 -4.2522437352866636E-9 -2.2234477295782478E-5 -224.37747518089907
891.15 -1.3412902633819578E-7 -4.3377134615316465E-9 -2.2249988861374783E-5 -224.56286795653904
892.15 -1.3708201288277186E-7 -4.424812018311798E-9 -2.2265470851417962E-5 -224.74864987866255
893.15 -1.4007816973815594E-7 -4.513254147846997E-9 -2.2280931313757257E-5 -224.93466235900434
894.15 -1.4313509244429854E-7 -4.60331866617949E-9 -2.2296364215825798E-5 -225.1210241742309
895.15 -1.4625256670764165E-7 -4.694987022299832E-9 -2.231176965002857E-5 -225.30773391569156
896.15 -1.4943107859276213E-7 -4.78826959149782E-9 -2.2327147456966855E-5 -225.49479496400923
897.15 -1.5267142578876593E-7 -4.883187047146957E-9 -2.2342497366814106E-5 -225.68221282116247
898.15 -1.5597454255321135E-7 -4.979763145064596E-9 -2.2357819062238907E-5 -225.8699939133818
899.15 -1.5934142934690342E-7 -5.078022540220068E-9 -2.2373112203243523E-5 -226.05814511260505
900.15 -1.6277312513866647E-7 -5.177990282873357E-9 -2.2388376436714895E-5 -226.2466735494309
901.15 -1.66270695759704E-7 -5.2796917343245636E-9 -2.2403611400360118E-5 -226.4355865349393
902.15 -1.6983522857795948E-7 -5.383152559179634E-9 -2.241881672448643E-5 -226.62489152504918
903.15 -1.7346782991501633E-7 -5.488398727241567E-9 -2.2433992032861186E-5 -226.81459610325473
904.15 -1.7716962373672435E-7 -5.595456516079105E-9 -2.244913694314668E-5 -227.0047079718785
905.15 -1.8094175097759333E-7 -5.704352513562739E-9 -2.2464251067123794E-5 -227.19523494756405
906.15 -1.8478536921005246E-7 -5.815113620375302E-9 -2.2479334010800612E-5 -227.38618495907284
907.15 -1.8870165251121241E-7 -5.927767052511127E-9 -2.2494385374455405E-5 -227.57756604640412
908.15 -1.926917914423565E-7 -6.042340343774349E-9 -2.2509404752641777E-5 -227.76938636066603
909.15 -1.9675699309321465E-7 -6.158861348273562E-9 -2.252439173417244E-5 -227.96165416438168
910.15 -2.0089848116685448E-7 -6.2773582429151896E-9 -2.253934590208935E-5 -228.15437783206636
911.15 -2.0511749609248183E-7 -6.3978595298958E-9 -2.2554266833624526E-5 -228.34756585099083
912.15 -2.094152951577126E-7 -6.5203940391955824E-9 -2.2569154100154455E-5 -228.54122682207577
913.15 -2.137931526535911E-7 -6.6449909310651415E-9 -2.258400726715012E-5 -228.73536946087003
914.15 -2.182523600278803E-7 -6.771679698518014E-9 -2.2598825894124462E-5 -228.9300025985862
915.15 -2.2279422604399418E-7 -6.9004901698146885E-9 -2.2613609534577724E-5 -229.12513518317166
916.15 -2.2742007694447556E-7 -7.031452510948399E-9 -2.262835773594155E-5 -229.32077628041208
917.15 -2.3213125661817293E-7 -7.1645972281269365E-9 -2.2643070039521583E-5 -229.5169350750578
918.15 -2.3692912677031505E-7 -7.299955170252565E-9 -2.2657745980439272E-5 -229.7136208719709
919.15 -2.418150670947845E-7 -7.4375575313949095E-9 -2.2672385087572974E-5 -229.91084309728677
920.15 -2.4679047544806897E-7 -7.577435853264888E-9 -2.2686986883498278E-5 -230.1086112995858
921.15 -2.5185676802463654E-7 -7.719622027680932E-9 -2.270155088442813E-5 -230.30693515107592
922.15 -2.57015379533736E-7 -7.864148299030046E-9 -2.2716076600152308E-5 -230.5058244487841
923.15 -2.6226776337737993E-7 -8.011047266725143E-9 -2.2730563533976595E-5 -230.70528911575593
