(623.15, -176.59126039023786)
(624.15, -176.7783648320709)
(625.15, -176.96536818529634)
(626.15, -177.15227066196107)
(627.15, -177.33907246243436)
(628.15, -177.52578080997776)
(629.15, -177.71238010573035)
(630.15, -177.8988795581839)
(631.15, -178.08527938756194)
(632.15, -178.27157979779025)
(633.15, -178.45778097937978)
(634.15, -178.64388311429897)
(635.15, -178.8298931772916)
(636.15, -179.01579590084975)
(637.15, -179.20160048000497)
(638.15, -179.38730711161617)
(639.15, -179.57291597660145)
(640.15, -179.7584272456776)
(641.15, -179.94385011372347)
(642.15, -180.12916429267435)
(643.15, -180.31438183029212)
(644.15, -180.49950291851022)
(645.15, -180.68452772965625)
(646.15, -180.8694564229202)
(647.15, -181.0542891525586)
(648.15, -181.23903544268688)
(649.15, -181.42367407261105)
(650.15, -181.60821779241942)
(651.15, -181.7926667691546)
(652.15, -181.9770211519064)
(653.15, -182.16128108096328)
(654.15, -182.34544669773297)
(655.15, -182.5295296270009)
(656.15, -182.71350394585224)
(657.15, -182.89738511529328)
(658.15, -183.0811732843203)
(659.15, -183.26486858618048)
(660.15, -183.4484711491006)
(661.15, -183.6319811068641)
(662.15, -183.8153986073135)
(663.15, -183.99872381744333)
(664.15, -184.18195692472906)
(665.15, -184.3650981353353)
(666.15, -184.5481476704869)
(667.15, -184.73110576236962)
(668.15, -184.91397265056864)
(669.15, -185.09676044556542)
(670.15, -185.27944447900975)
(671.15, -185.462038232111)
(672.15, -185.64454191437122)
(673.15, -185.8269557484667)
(674.15, -186.00927996725068)
(675.15, -186.1915148112277)
(676.15, -186.37366052672388)
(677.15, -186.55571736467326)
(678.15, -186.73768557983033)
(679.15, -186.919565430246)
(680.15, -187.10135717691128)
(681.15, -187.28306108351993)
(682.15, -187.4646774163206)
(683.15, -187.6462064440316)
(684.15, -187.82764843779728)
(685.15, -188.00900367116998)
(686.15, -188.1902724201126)
(687.15, -188.37145496301727)
(688.15, -188.55255158073942)
(689.15, -188.73356255664348)
(690.15, -188.91448817665778)
(691.15, -189.09532872933576)
(692.15, -189.27608450592197)
(693.15, -189.4567558004219)
(694.15, -189.63734290967645)
(695.15, -189.81784613343982)
(696.15, -189.99826577446058)
(697.15, -190.17860213856585)
(698.15, -190.35885553474742)
(699.15, -190.53902627525088)
(700.15, -190.71911467566505)
(701.15, -190.8991210550156)
(702.15, -191.0790457358591)
(703.15, -191.25888904437937)
(704.15, -191.43865131048628)
(705.15, -191.6183328679156)
(706.15, -191.79793405433108)
(707.15, -191.977455211428)
(708.15, -192.1568966850393)
(709.15, -192.3362588252425)
(710.15, -192.51554198646974)
(711.15, -192.69474652761826)
(712.15, -192.87387281216422)
(713.15, -193.0529212082778)
(714.15, -193.23189208894019)
(715.15, -193.4107858320631)
(716.15, -193.58960282060997)
(717.15, -193.76834344271916)
(718.15, -193.94700809182984)
(719.15, -194.12559716681008)
(720.15, -194.3041110720859)
(721.15, -194.48255021777467)
(722.15, -194.66091501981873)
(723.15, -194.83920590012306)
(724.15, -195.017423286694)
(725.15, -195.1955898616302)
(726.15, -195.37366015916015)
(727.15, -195.55165835024724)
(728.15, -195.7295848875881)
(729.15, -195.90744023059412)
(730.15, -196.08522484555584)
(731.15, -196.26293920581185)
(732.15, -196.4405837919178)
(733.15, -196.6181590918206)
(734.15, -196.79566560103285)
(735.15, -196.97310382281213)
(736.15, -197.15047426834082)
(737.15, -197.32777745690967)
(738.15, -197.5050139161038)
(739.15, -197.68218418199012)
(740.15, -197.85928152237122)
(741.15, -198.03632832166542)
(742.15, -198.21330331172828)
(743.15, -198.39021434142518)
(744.15, -198.56706199214423)
(745.15, -198.74384685493786)
(746.15, -198.920569530728)
(747.15, -199.09723063051467)
(748.15, -199.27383077558702)
(749.15, -199.450370597737)
(750.15, -199.62685073947614)
(751.15, -199.80327185425392)
(752.15, -199.97963460668095)
(753.15, -200.15593967275257)
(754.15, -200.33218774007773)
(755.15, -200.5083795081093)
(756.15, -200.68451568837773)
(757.15, -200.86059700472822)
(758.15, -201.03662419356098)
(759.15, -201.21259800407378)
(760.15, -201.38851919850995)
(761.15, -201.5643885524067)
(762.15, -201.74020685484962)
(763.15, -201.9159749087295)
(764.15, -202.09169353100222)
(765.15, -202.26736355295324)
(766.15, -202.4429858204652)
(767.15, -202.6185611942895)
(768.15, -202.7940905503215)
(769.15, -202.96957477987948)
(770.15, -203.14501478998812)
(771.15, -203.32041150366544)
(772.15, -203.49576586021334)
(773.15, -203.6710788155136)
(774.15, -203.84635134232676)
(775.15, -204.02158443059557)
(776.15, -204.19677908775296)
(777.15, -204.3719363390344)
(778.15, -204.5470591467327)
(779.15, -204.72273627531555)
(780.15, -204.89721332614127)
(781.15, -205.07283120790498)
(782.15, -205.2478305344744)
(783.15, -205.42279909909314)
(784.15, -205.59773842595175)
(785.15, -205.77198879279848)
(786.15, -205.94753299578605)
(787.15, -206.12239101243827)
(788.15, -206.29726258152715)
(789.15, -206.47203439589808)
(790.15, -206.6468225218555)
(791.15, -206.82082953376047)
(792.15, -206.9963375678895)
(793.15, -207.17106771508438)
(794.15, -207.3457807023456)
(795.15, -207.5205115929561)
(796.15, -207.69516718094488)
(797.15, -207.86897938073506)
(798.15, -208.04453786923796)
(799.15, -208.21917142501104)
(800.15, -208.39379192975883)
(801.15, -208.5684287397516)
(802.15, -208.74211493603778)
(803.15, -208.9167421002935)
(804.15, -209.09233571739978)
(805.15, -209.26696311126526)
(806.15, -209.44159310125303)
(807.15, -209.61621363176877)
(808.15, -209.79085453038454)
(809.15, -209.96550308266674)
(810.15, -210.14016395906296)
(811.15, -210.31482660704842)
(812.15, -210.4895044546642)
(813.15, -210.66421495922611)
(814.15, -210.8377126178664)
(815.15, -211.01242570073606)
(816.15, -211.1871525782469)
(817.15, -211.36316521189704)
(818.15, -211.53667461433034)
(819.15, -211.71147476393574)
(820.15, -211.8876427606783)
(821.15, -212.06116348685515)
(822.15, -212.23605647192645)
(823.15, -212.4124032003869)
(824.15, -212.58739869728288)
(825.15, -212.7624322493824)
(826.15, -212.93750868622257)
(827.15, -213.1126304315771)
(828.15, -213.2877999497113)
(829.15, -213.4630197459673)
(830.15, -213.63829236735708)
(831.15, -213.81362040316847)
(832.15, -213.98900648558424)
(833.15, -214.16445329032413)
(834.15, -214.3399635373111)
(835.15, -214.51553999138793)
(836.15, -214.69118546309326)
(837.15, -214.86690280958464)
(838.15, -215.04269493582345)
(839.15, -215.2185647965632)
(840.15, -215.39451540069786)
(841.15, -215.5705498251135)
(842.15, -215.7466712799075)
(843.15, -215.9228836304464)
(844.15, -216.09919605783497)
(845.15, -216.27564694921003)
(846.15, -216.45208806194657)
(847.15, -216.62869664217894)
(848.15, -216.80543615063658)
(849.15, -216.98222177293368)
(850.15, -217.1591565859302)
(851.15, -217.33621335530495)
(852.15, -217.51340563172647)
(853.15, -217.69067293865533)
(854.15, -217.86809686603)
(855.15, -218.0456530452515)
(856.15, -218.22334566891274)
(857.15, -218.40117890686238)
(858.15, -218.5791566588774)
(859.15, -218.7572824418784)
(860.15, -218.9355595327918)
(861.15, -219.1139913019935)
(862.15, -219.29258154610602)
(863.15, -219.47133464446446)
(864.15, -219.65025548079942)
(865.15, -219.82934919951464)
(866.15, -220.0086209333339)
(867.15, -220.18807562489476)
(868.15, -220.36771799366147)
(869.15, -220.5475526195627)
(870.15, -220.72758406955055)
(871.15, -220.90781699854276)
(872.15, -221.08832451231595)
(873.15, -221.26893836764734)
(874.15, -221.44978631866132)
(875.15, -221.63086588817265)
(876.15, -221.81217713494968)
(877.15, -221.99372241408196)
(878.15, -222.1755056938729)
(879.15, -222.35759581544409)
(880.15, -222.53983001403907)
(881.15, -222.72234214520986)
(882.15, -222.90512429717455)
(883.15, -223.08817562671013)
(884.15, -223.27149928395437)
(885.15, -223.45516852941307)
(886.15, -223.63900799707065)
(887.15, -223.82316481522165)
(888.15, -224.00762824554863)
(889.15, -224.19239715366348)
(890.15, -224.37747518089907)
(891.15, -224.56286795653904)
(892.15, -224.74864987866255)
(893.15, -224.93466235900434)
(894.15, -225.1210241742309)
(895.15, -225.30773391569156)
(896.15, -225.49479496400923)
(897.15, -225.68221282116247)
(898.15, -225.8699939133818)
(899.15, -226.05814511260505)
(900.15, -226.2466735494309)
(901.15, -226.4355865349393)
(902.15, -226.62489152504918)
(903.15, -226.81459610325473)
(904.15, -227.0047079718785)
(905.15, -227.19523494756405)
(906.15, -227.38618495907284)
(907.15, -227.57756604640412)
(908.15, -227.76938636066603)
(909.15, -227.96165416438168)
(910.15, -228.15437783206636)
(911.15, -228.34756585099083)
(912.15, -228.54122682207577)
(913.15, -228.73536946087003)
(914.15, -228.9300025985862)
(915.15, -229.12513518317166)
(916.15, -229.32077628041208)
(917.15, -229.5169350750578)
(918.15, -229.7136208719709)
(919.15, -229.91084309728677)
(920.15, -230.1086112995858)
(921.15, -230.30693515107592)
(922.15, -230.5058244487841)
(923.15, -230.70528911575593)