0,0000000000 -0,000016539364409
0,0003333333 -0,000016539272264
0,0006666667 -0,000016539180118
0,0010000000 -0,000016539087974
0,0013333333 -0,000016538995833
0,0016666667 -0,000016538903693
0,0020000000 -0,000016538811555
0,0023333333 -0,000016538719420
0,0026666667 -0,000016538627286
0,0030000000 -0,000016538535154
0,0033333333 -0,000016538443024
0,0036666667 -0,000016538350896
0,0040000000 -0,000016538258770
0,0043333333 -0,000016538166646
0,0046666667 -0,000016538074524
0,0050000000 -0,000016537982404
0,0053333333 -0,000016537890286
0,0056666667 -0,000016537798170
0,0060000000 -0,000016537706056
0,0063333333 -0,000016537613944
0,0066666667 -0,000016537521833
0,0070000000 -0,000016537429725
0,0073333333 -0,000016537337619
0,0076666667 -0,000016537245514
0,0080000000 -0,000016537153412
0,0083333333 -0,000016537061312
0,0086666667 -0,000016536969213
0,0090000000 -0,000016536877117
0,0093333333 -0,000016536785022
0,0096666667 -0,000016536692930
0,0100000000 -0,000016536600839
0,0103333333 -0,000016536508750
0,0106666667 -0,000016536416664
0,0110000000 -0,000016536324579
0,0113333333 -0,000016536232496
0,0116666667 -0,000016536140415
0,0120000000 -0,000016536048337
0,0123333333 -0,000016535956260
0,0126666667 -0,000016535864185
0,0130000000 -0,000016535772112
0,0133333333 -0,000016535680041
0,0136666667 -0,000016535587972
0,0140000000 -0,000016535495905
0,0143333333 -0,000016535403840
0,0146666667 -0,000016535311776
0,0150000000 -0,000016535219715
0,0153333333 -0,000016535127656
0,0156666667 -0,000016535035599
0,0160000000 -0,000016534943543
0,0163333333 -0,000016534851490
0,0166666667 -0,000016534759439
0,0170000000 -0,000016534667389
0,0173333333 -0,000016534575342
0,0176666667 -0,000016534483296
0,0180000000 -0,000016534391253
0,0183333333 -0,000016534299211
0,0186666667 -0,000016534207171
0,0190000000 -0,000016534115134
0,0193333333 -0,000016534023098
0,0196666667 -0,000016533931064
0,0200000000 -0,000016533839032
0,0203333333 -0,000016533747002
0,0206666667 -0,000016533654974
0,0210000000 -0,000016533562948
0,0213333333 -0,000016533470924
0,0216666667 -0,000016533378902
0,0220000000 -0,000016533286882
0,0223333333 -0,000016533194864
0,0226666667 -0,000016533102848
0,0230000000 -0,000016533010834
0,0233333333 -0,000016532918821
0,0236666667 -0,000016532826811
0,0240000000 -0,000016532734803
0,0243333333 -0,000016532642796
0,0246666667 -0,000016532550792
0,0250000000 -0,000016532458789
0,0253333333 -0,000016532366788
0,0256666667 -0,000016532274790
0,0260000000 -0,000016532182793
0,0263333333 -0,000016532090798
0,0266666667 -0,000016531998806
0,0270000000 -0,000016531906815
0,0273333333 -0,000016531814826
0,0276666667 -0,000016531722839
0,0280000000 -0,000016531630854
0,0283333333 -0,000016531538871
0,0286666667 -0,000016531446890
0,0290000000 -0,000016531354911
0,0293333333 -0,000016531262934
0,0296666667 -0,000016531170959
0,0300000000 -0,000016531078985
0,0303333333 -0,000016530987014
0,0306666667 -0,000016530895045
0,0310000000 -0,000016530803077
0,0313333333 -0,000016530711112
0,0316666667 -0,000016530619148
0,0320000000 -0,000016530527187
0,0323333333 -0,000016530435227
0,0326666667 -0,000016530343269
0,0330000000 -0,000016530251314
0,0333333333 -0,000016530159360
0,0336666667 -0,000016530067408
0,0340000000 -0,000016529975458
0,0343333333 -0,000016529883510
0,0346666667 -0,000016529791564
0,0350000000 -0,000016529699620
0,0353333333 -0,000016529607678
0,0356666667 -0,000016529515738
0,0360000000 -0,000016529423800
0,0363333333 -0,000016529331864
0,0366666667 -0,000016529239929
0,0370000000 -0,000016529147997
0,0373333333 -0,000016529056066
0,0376666667 -0,000016528964138
0,0380000000 -0,000016528872211
0,0383333333 -0,000016528780287
0,0386666667 -0,000016528688364
0,0390000000 -0,000016528596444
0,0393333333 -0,000016528504525
0,0396666667 -0,000016528412608
0,0400000000 -0,000016528320693
0,0403333333 -0,000016528228780
0,0406666667 -0,000016528136869
0,0410000000 -0,000016528044960
0,0413333333 -0,000016527953053
0,0416666667 -0,000016527861148
0,0420000000 -0,000016527769245
0,0423333333 -0,000016527677343
0,0426666667 -0,000016527585444
0,0430000000 -0,000016527493547
0,0433333333 -0,000016527401651
0,0436666667 -0,000016527309758
0,0440000000 -0,000016527217866
0,0443333333 -0,000016527125977
0,0446666667 -0,000016527034089
0,0450000000 -0,000016526942203
0,0453333333 -0,000016526850320
0,0456666667 -0,000016526758438
0,0460000000 -0,000016526666558
0,0463333333 -0,000016526574680
0,0466666667 -0,000016526482804
0,0470000000 -0,000016526390930
0,0473333333 -0,000016526299058
0,0476666667 -0,000016526207187
0,0480000000 -0,000016526115319
0,0483333333 -0,000016526023453
0,0486666667 -0,000016525931588
0,0490000000 -0,000016525839726
0,0493333333 -0,000016525747865
0,0496666667 -0,000016525656007
0,0500000000 -0,000016525564150
0,0503333333 -0,000016525472295
0,0506666667 -0,000016525380443
0,0510000000 -0,000016525288592
0,0513333333 -0,000016525196743
0,0516666667 -0,000016525104896
0,0520000000 -0,000016525013051
0,0523333333 -0,000016524921208
0,0526666667 -0,000016524829367
0,0530000000 -0,000016524737528
0,0533333333 -0,000016524645690
0,0536666667 -0,000016524553855
0,0540000000 -0,000016524462022
0,0543333333 -0,000016524370190
0,0546666667 -0,000016524278361
0,0550000000 -0,000016524186533
0,0553333333 -0,000016524094707
0,0556666667 -0,000016524002884
0,0560000000 -0,000016523911062
0,0563333333 -0,000016523819242
0,0566666667 -0,000016523727424
0,0570000000 -0,000016523635608
0,0573333333 -0,000016523543794
0,0576666667 -0,000016523451982
0,0580000000 -0,000016523360172
0,0583333333 -0,000016523268364
0,0586666667 -0,000016523176557
0,0590000000 -0,000016523084753
0,0593333333 -0,000016522992950
0,0596666667 -0,000016522901150
0,0600000000 -0,000016522809351
0,0603333333 -0,000016522717555
0,0606666667 -0,000016522625760
0,0610000000 -0,000016522533967
0,0613333333 -0,000016522442176
0,0616666667 -0,000016522350387
0,0620000000 -0,000016522258600
0,0623333333 -0,000016522166815
0,0626666667 -0,000016522075032
0,0630000000 -0,000016521983251
0,0633333333 -0,000016521891472
0,0636666667 -0,000016521799694
0,0640000000 -0,000016521707919
0,0643333333 -0,000016521616145
0,0646666667 -0,000016521524374
0,0650000000 -0,000016521432604
0,0653333333 -0,000016521340836
0,0656666667 -0,000016521249071
0,0660000000 -0,000016521157307
0,0663333333 -0,000016521065545
0,0666666667 -0,000016520973785
0,0670000000 -0,000016520882027
0,0673333333 -0,000016520790271
0,0676666667 -0,000016520698516
0,0680000000 -0,000016520606764
0,0683333333 -0,000016520515014
0,0686666667 -0,000016520423265
0,0690000000 -0,000016520331519
0,0693333333 -0,000016520239774
0,0696666667 -0,000016520148032
0,0700000000 -0,000016520056291
0,0703333333 -0,000016519964552
0,0706666667 -0,000016519872815
0,0710000000 -0,000016519781080
0,0713333333 -0,000016519689347
0,0716666667 -0,000016519597616
0,0720000000 -0,000016519505887
0,0723333333 -0,000016519414160
0,0726666667 -0,000016519322434
0,0730000000 -0,000016519230711
0,0733333333 -0,000016519138990
0,0736666667 -0,000016519047270
0,0740000000 -0,000016518955552
0,0743333333 -0,000016518863837
0,0746666667 -0,000016518772123
0,0750000000 -0,000016518680411
0,0753333333 -0,000016518588701
0,0756666667 -0,000016518496993
0,0760000000 -0,000016518405287
0,0763333333 -0,000016518313583
0,0766666667 -0,000016518221881
0,0770000000 -0,000016518130180
0,0773333333 -0,000016518038482
0,0776666667 -0,000016517946786
0,0780000000 -0,000016517855091
0,0783333333 -0,000016517763398
0,0786666667 -0,000016517671708
0,0790000000 -0,000016517580019
0,0793333333 -0,000016517488332
0,0796666667 -0,000016517396647
0,0800000000 -0,000016517304964
0,0803333333 -0,000016517213283
0,0806666667 -0,000016517121604
0,0810000000 -0,000016517029926
0,0813333333 -0,000016516938251
0,0816666667 -0,000016516846578
0,0820000000 -0,000016516754906
0,0823333333 -0,000016516663237
0,0826666667 -0,000016516571569
0,0830000000 -0,000016516479903
0,0833333333 -0,000016516388239
0,0836666667 -0,000016516296577
0,0840000000 -0,000016516204917
0,0843333333 -0,000016516113259
0,0846666667 -0,000016516021603
0,0850000000 -0,000016515929949
0,0853333333 -0,000016515838297
0,0856666667 -0,000016515746646
0,0860000000 -0,000016515654998
0,0863333333 -0,000016515563351
0,0866666667 -0,000016515471706
0,0870000000 -0,000016515380064
0,0873333333 -0,000016515288423
0,0876666667 -0,000016515196784
0,0880000000 -0,000016515105147
0,0883333333 -0,000016515013512
0,0886666667 -0,000016514921879
0,0890000000 -0,000016514830247
0,0893333333 -0,000016514738618
0,0896666667 -0,000016514646991
0,0900000000 -0,000016514555365
0,0903333333 -0,000016514463742
0,0906666667 -0,000016514372120
0,0910000000 -0,000016514280500
0,0913333333 -0,000016514188882
0,0916666667 -0,000016514097266
0,0920000000 -0,000016514005652
0,0923333333 -0,000016513914040
0,0926666667 -0,000016513822430
0,0930000000 -0,000016513730822
0,0933333333 -0,000016513639215
0,0936666667 -0,000016513547611
0,0940000000 -0,000016513456008
0,0943333333 -0,000016513364408
0,0946666667 -0,000016513272809
0,0950000000 -0,000016513181212
0,0953333333 -0,000016513089617
0,0956666667 -0,000016512998024
0,0960000000 -0,000016512906433
0,0963333333 -0,000016512814844
0,0966666667 -0,000016512723257
0,0970000000 -0,000016512631672
0,0973333333 -0,000016512540088
0,0976666667 -0,000016512448507
0,0980000000 -0,000016512356927
0,0983333333 -0,000016512265349
0,0986666667 -0,000016512173773
0,0990000000 -0,000016512082200
0,0993333333 -0,000016511990628
0,0996666667 -0,000016511899058
0,1000000000 -0,000016511807489
0,1003333333 -0,000016511715923
0,1006666667 -0,000016511624359
0,1010000000 -0,000016511532796
0,1013333333 -0,000016511441236
0,1016666667 -0,000016511349677
0,1020000000 -0,000016511258120
0,1023333333 -0,000016511166566
0,1026666667 -0,000016511075013
0,1030000000 -0,000016510983462
0,1033333333 -0,000016510891913
0,1036666667 -0,000016510800366
0,1040000000 -0,000016510708820
0,1043333333 -0,000016510617277
0,1046666667 -0,000016510525735
0,1050000000 -0,000016510434196
0,1053333333 -0,000016510342658
0,1056666667 -0,000016510251123
0,1060000000 -0,000016510159589
0,1063333333 -0,000016510068057
0,1066666667 -0,000016509976527
0,1070000000 -0,000016509884999
0,1073333333 -0,000016509793472
0,1076666667 -0,000016509701948
0,1080000000 -0,000016509610426
0,1083333333 -0,000016509518905
0,1086666667 -0,000016509427387
0,1090000000 -0,000016509335870
0,1093333333 -0,000016509244355
0,1096666667 -0,000016509152842
0,1100000000 -0,000016509061331
0,1103333333 -0,000016508969822
0,1106666667 -0,000016508878315
0,1110000000 -0,000016508786810
0,1113333333 -0,000016508695306
0,1116666667 -0,000016508603805
0,1120000000 -0,000016508512305
0,1123333333 -0,000016508420808
0,1126666667 -0,000016508329312
0,1130000000 -0,000016508237818
0,1133333333 -0,000016508146326
0,1136666667 -0,000016508054836
0,1140000000 -0,000016507963348
0,1143333333 -0,000016507871861
0,1146666667 -0,000016507780377
0,1150000000 -0,000016507688895
0,1153333333 -0,000016507597414
0,1156666667 -0,000016507505935
0,1160000000 -0,000016507414459
0,1163333333 -0,000016507322984
0,1166666667 -0,000016507231511
0,1170000000 -0,000016507140040
0,1173333333 -0,000016507048571
0,1176666667 -0,000016506957103
0,1180000000 -0,000016506865638
0,1183333333 -0,000016506774175
0,1186666667 -0,000016506682713
0,1190000000 -0,000016506591253
0,1193333333 -0,000016506499795
0,1196666667 -0,000016506408340
0,1200000000 -0,000016506316886
0,1203333333 -0,000016506225434
0,1206666667 -0,000016506133983
0,1210000000 -0,000016506042535
0,1213333333 -0,000016505951089
0,1216666667 -0,000016505859644
0,1220000000 -0,000016505768202
0,1223333333 -0,000016505676761
0,1226666667 -0,000016505585322
0,1230000000 -0,000016505493885
0,1233333333 -0,000016505402450
0,1236666667 -0,000016505311017
0,1240000000 -0,000016505219586
0,1243333333 -0,000016505128156
0,1246666667 -0,000016505036729
0,1250000000 -0,000016504945303
0,1253333333 -0,000016504853880
0,1256666667 -0,000016504762458
0,1260000000 -0,000016504671038
0,1263333333 -0,000016504579620
0,1266666667 -0,000016504488204
0,1270000000 -0,000016504396790
0,1273333333 -0,000016504305378
0,1276666667 -0,000016504213967
0,1280000000 -0,000016504122559
0,1283333333 -0,000016504031152
0,1286666667 -0,000016503939747
0,1290000000 -0,000016503848345
0,1293333333 -0,000016503756944
0,1296666667 -0,000016503665545
0,1300000000 -0,000016503574147
0,1303333333 -0,000016503482752
0,1306666667 -0,000016503391359
0,1310000000 -0,000016503299967
0,1313333333 -0,000016503208578
0,1316666667 -0,000016503117190
0,1320000000 -0,000016503025804
0,1323333333 -0,000016502934420
0,1326666667 -0,000016502843038
0,1330000000 -0,000016502751658
0,1333333333 -0,000016502660280
0,1336666667 -0,000016502568904
0,1340000000 -0,000016502477529
0,1343333333 -0,000016502386157
0,1346666667 -0,000016502294786
0,1350000000 -0,000016502203417
0,1353333333 -0,000016502112050
0,1356666667 -0,000016502020685
0,1360000000 -0,000016501929322
0,1363333333 -0,000016501837961
0,1366666667 -0,000016501746601
0,1370000000 -0,000016501655244
0,1373333333 -0,000016501563888
0,1376666667 -0,000016501472535
0,1380000000 -0,000016501381183
0,1383333333 -0,000016501289833
0,1386666667 -0,000016501198485
0,1390000000 -0,000016501107139
0,1393333333 -0,000016501015794
0,1396666667 -0,000016500924452
0,1400000000 -0,000016500833112
0,1403333333 -0,000016500741773
0,1406666667 -0,000016500650436
0,1410000000 -0,000016500559101
0,1413333333 -0,000016500467768
0,1416666667 -0,000016500376437
0,1420000000 -0,000016500285108
0,1423333333 -0,000016500193781
0,1426666667 -0,000016500102455
0,1430000000 -0,000016500011132
0,1433333333 -0,000016499919810
0,1436666667 -0,000016499828491
0,1440000000 -0,000016499737173
0,1443333333 -0,000016499645857
0,1446666667 -0,000016499554543
0,1450000000 -0,000016499463230
0,1453333333 -0,000016499371920
0,1456666667 -0,000016499280612
0,1460000000 -0,000016499189305
0,1463333333 -0,000016499098000
0,1466666667 -0,000016499006697
0,1470000000 -0,000016498915397
0,1473333333 -0,000016498824098
0,1476666667 -0,000016498732800
0,1480000000 -0,000016498641505
0,1483333333 -0,000016498550212
0,1486666667 -0,000016498458920
0,1490000000 -0,000016498367630
0,1493333333 -0,000016498276343
0,1496666667 -0,000016498185057
0,1500000000 -0,000016498093773
0,1503333333 -0,000016498002491
0,1506666667 -0,000016497911210
0,1510000000 -0,000016497819932
0,1513333333 -0,000016497728656
0,1516666667 -0,000016497637381
0,1520000000 -0,000016497546108
0,1523333333 -0,000016497454837
0,1526666667 -0,000016497363569
0,1530000000 -0,000016497272301
0,1533333333 -0,000016497181036
0,1536666667 -0,000016497089773
0,1540000000 -0,000016496998511
0,1543333333 -0,000016496907252
0,1546666667 -0,000016496815994
0,1550000000 -0,000016496724738
0,1553333333 -0,000016496633484
0,1556666667 -0,000016496542232
0,1560000000 -0,000016496450982
0,1563333333 -0,000016496359734
0,1566666667 -0,000016496268487
0,1570000000 -0,000016496177243
0,1573333333 -0,000016496086000
0,1576666667 -0,000016495994759
0,1580000000 -0,000016495903520
0,1583333333 -0,000016495812283
0,1586666667 -0,000016495721048
0,1590000000 -0,000016495629815
0,1593333333 -0,000016495538584
0,1596666667 -0,000016495447354
0,1600000000 -0,000016495356126
0,1603333333 -0,000016495264900
0,1606666667 -0,000016495173677
0,1610000000 -0,000016495082454
0,1613333333 -0,000016494991234
0,1616666667 -0,000016494900016
0,1620000000 -0,000016494808800
0,1623333333 -0,000016494717585
0,1626666667 -0,000016494626372
0,1630000000 -0,000016494535162
0,1633333333 -0,000016494443953
0,1636666667 -0,000016494352746
0,1640000000 -0,000016494261540
0,1643333333 -0,000016494170337
0,1646666667 -0,000016494079136
0,1650000000 -0,000016493987936
0,1653333333 -0,000016493896738
0,1656666667 -0,000016493805542
0,1660000000 -0,000016493714348
0,1663333333 -0,000016493623156
0,1666666667 -0,000016493531966
0,1670000000 -0,000016493440778
0,1673333333 -0,000016493349591
0,1676666667 -0,000016493258407
0,1680000000 -0,000016493167224
0,1683333333 -0,000016493076043
0,1686666667 -0,000016492984864
0,1690000000 -0,000016492893687
0,1693333333 -0,000016492802512
0,1696666667 -0,000016492711338
0,1700000000 -0,000016492620167
0,1703333333 -0,000016492528997
0,1706666667 -0,000016492437829
0,1710000000 -0,000016492346663
0,1713333333 -0,000016492255499
0,1716666667 -0,000016492164337
0,1720000000 -0,000016492073177
0,1723333333 -0,000016491982018
0,1726666667 -0,000016491890862
0,1730000000 -0,000016491799707
0,1733333333 -0,000016491708554
0,1736666667 -0,000016491617403
0,1740000000 -0,000016491526254
0,1743333333 -0,000016491435107
0,1746666667 -0,000016491343962
0,1750000000 -0,000016491252818
0,1753333333 -0,000016491161676
0,1756666667 -0,000016491070537
0,1760000000 -0,000016490979399
0,1763333333 -0,000016490888263
0,1766666667 -0,000016490797129
0,1770000000 -0,000016490705996
0,1773333333 -0,000016490614866
0,1776666667 -0,000016490523737
0,1780000000 -0,000016490432611
0,1783333333 -0,000016490341486
0,1786666667 -0,000016490250363
0,1790000000 -0,000016490159242
0,1793333333 -0,000016490068122
0,1796666667 -0,000016489977005
0,1800000000 -0,000016489885889
0,1803333333 -0,000016489794776
0,1806666667 -0,000016489703664
0,1810000000 -0,000016489612554
0,1813333333 -0,000016489521446
0,1816666667 -0,000016489430340
0,1820000000 -0,000016489339235
0,1823333333 -0,000016489248133
0,1826666667 -0,000016489157032
0,1830000000 -0,000016489065933
0,1833333333 -0,000016488974836
0,1836666667 -0,000016488883741
0,1840000000 -0,000016488792648
0,1843333333 -0,000016488701557
0,1846666667 -0,000016488610467
0,1850000000 -0,000016488519380
0,1853333333 -0,000016488428294
0,1856666667 -0,000016488337210
0,1860000000 -0,000016488246128
0,1863333333 -0,000016488155048
0,1866666667 -0,000016488063970
0,1870000000 -0,000016487972893
0,1873333333 -0,000016487881819
0,1876666667 -0,000016487790746
0,1880000000 -0,000016487699675
0,1883333333 -0,000016487608606
0,1886666667 -0,000016487517539
0,1890000000 -0,000016487426474
0,1893333333 -0,000016487335410
0,1896666667 -0,000016487244349
0,1900000000 -0,000016487153289
0,1903333333 -0,000016487062231
0,1906666667 -0,000016486971175
0,1910000000 -0,000016486880121
0,1913333333 -0,000016486789069
0,1916666667 -0,000016486698018
0,1920000000 -0,000016486606970
0,1923333333 -0,000016486515923
0,1926666667 -0,000016486424878
0,1930000000 -0,000016486333835
0,1933333333 -0,000016486242794
0,1936666667 -0,000016486151755
0,1940000000 -0,000016486060717
0,1943333333 -0,000016485969682
0,1946666667 -0,000016485878648
0,1950000000 -0,000016485787616
0,1953333333 -0,000016485696586
0,1956666667 -0,000016485605558
0,1960000000 -0,000016485514532
0,1963333333 -0,000016485423507
0,1966666667 -0,000016485332485
0,1970000000 -0,000016485241464
0,1973333333 -0,000016485150445
0,1976666667 -0,000016485059428
0,1980000000 -0,000016484968413
0,1983333333 -0,000016484877400
0,1986666667 -0,000016484786388
0,1990000000 -0,000016484695379
0,1993333333 -0,000016484604371
0,1996666667 -0,000016484513365
0,2000000000 -0,000016484422361
0,2003333333 -0,000016484331359
0,2006666667 -0,000016484240358
0,2010000000 -0,000016484149360
0,2013333333 -0,000016484058363
0,2016666667 -0,000016483967368
0,2020000000 -0,000016483876375
0,2023333333 -0,000016483785384
0,2026666667 -0,000016483694395
0,2030000000 -0,000016483603408
0,2033333333 -0,000016483512422
0,2036666667 -0,000016483421438
0,2040000000 -0,000016483330457
0,2043333333 -0,000016483239477
0,2046666667 -0,000016483148498
0,2050000000 -0,000016483057522
0,2053333333 -0,000016482966548
0,2056666667 -0,000016482875575
0,2060000000 -0,000016482784604
0,2063333333 -0,000016482693636
0,2066666667 -0,000016482602668
0,2070000000 -0,000016482511703
0,2073333333 -0,000016482420740
0,2076666667 -0,000016482329778
0,2080000000 -0,000016482238819
0,2083333333 -0,000016482147861
0,2086666667 -0,000016482056905
0,2090000000 -0,000016481965951
0,2093333333 -0,000016481874999
0,2096666667 -0,000016481784048
0,2100000000 -0,000016481693100
0,2103333333 -0,000016481602153
0,2106666667 -0,000016481511208
0,2110000000 -0,000016481420265
0,2113333333 -0,000016481329324
0,2116666667 -0,000016481238385
0,2120000000 -0,000016481147447
0,2123333333 -0,000016481056511
0,2126666667 -0,000016480965578
0,2130000000 -0,000016480874646
0,2133333333 -0,000016480783716
0,2136666667 -0,000016480692787
0,2140000000 -0,000016480601861
0,2143333333 -0,000016480510936
0,2146666667 -0,000016480420014
0,2150000000 -0,000016480329093
0,2153333333 -0,000016480238174
0,2156666667 -0,000016480147257
0,2160000000 -0,000016480056341
0,2163333333 -0,000016479965428
0,2166666667 -0,000016479874516
0,2170000000 -0,000016479783606
0,2173333333 -0,000016479692698
0,2176666667 -0,000016479601792
0,2180000000 -0,000016479510888
0,2183333333 -0,000016479419985
0,2186666667 -0,000016479329085
0,2190000000 -0,000016479238186
0,2193333333 -0,000016479147289
0,2196666667 -0,000016479056394
0,2200000000 -0,000016478965501
0,2203333333 -0,000016478874609
0,2206666667 -0,000016478783720
0,2210000000 -0,000016478692832
0,2213333333 -0,000016478601946
0,2216666667 -0,000016478511062
0,2220000000 -0,000016478420180
0,2223333333 -0,000016478329300
0,2226666667 -0,000016478238421
0,2230000000 -0,000016478147545
0,2233333333 -0,000016478056670
0,2236666667 -0,000016477965797
0,2240000000 -0,000016477874926
0,2243333333 -0,000016477784056
0,2246666667 -0,000016477693189
0,2250000000 -0,000016477602323
0,2253333333 -0,000016477511459
0,2256666667 -0,000016477420598
0,2260000000 -0,000016477329737
0,2263333333 -0,000016477238879
0,2266666667 -0,000016477148023
0,2270000000 -0,000016477057168
0,2273333333 -0,000016476966315
0,2276666667 -0,000016476875464
0,2280000000 -0,000016476784615
0,2283333333 -0,000016476693768
0,2286666667 -0,000016476602923
0,2290000000 -0,000016476512079
0,2293333333 -0,000016476421237
0,2296666667 -0,000016476330397
0,2300000000 -0,000016476239559
0,2303333333 -0,000016476148723
0,2306666667 -0,000016476057889
0,2310000000 -0,000016475967056
0,2313333333 -0,000016475876225
0,2316666667 -0,000016475785397
0,2320000000 -0,000016475694570
0,2323333333 -0,000016475603744
0,2326666667 -0,000016475512921
0,2330000000 -0,000016475422099
0,2333333333 -0,000016475331280
0,2336666667 -0,000016475240462
0,2340000000 -0,000016475149646
0,2343333333 -0,000016475058832
0,2346666667 -0,000016474968019
0,2350000000 -0,000016474877209
0,2353333333 -0,000016474786400
0,2356666667 -0,000016474695593
0,2360000000 -0,000016474604788
0,2363333333 -0,000016474513985
0,2366666667 -0,000016474423183
0,2370000000 -0,000016474332384
0,2373333333 -0,000016474241586
0,2376666667 -0,000016474150790
0,2380000000 -0,000016474059996
0,2383333333 -0,000016473969204
0,2386666667 -0,000016473878414
0,2390000000 -0,000016473787625
0,2393333333 -0,000016473696838
0,2396666667 -0,000016473606053
0,2400000000 -0,000016473515270
0,2403333333 -0,000016473424489
0,2406666667 -0,000016473333710
0,2410000000 -0,000016473242932
0,2413333333 -0,000016473152156
0,2416666667 -0,000016473061382
0,2420000000 -0,000016472970610
0,2423333333 -0,000016472879840
0,2426666667 -0,000016472789072
0,2430000000 -0,000016472698305
0,2433333333 -0,000016472607540
0,2436666667 -0,000016472516777
0,2440000000 -0,000016472426016
0,2443333333 -0,000016472335257
0,2446666667 -0,000016472244500
0,2450000000 -0,000016472153744
0,2453333333 -0,000016472062990
0,2456666667 -0,000016471972238
0,2460000000 -0,000016471881488
0,2463333333 -0,000016471790740
0,2466666667 -0,000016471699993
0,2470000000 -0,000016471609249
0,2473333333 -0,000016471518506
0,2476666667 -0,000016471427765
0,2480000000 -0,000016471337026
0,2483333333 -0,000016471246288
0,2486666667 -0,000016471155553
0,2490000000 -0,000016471064819
0,2493333333 -0,000016470974087
0,2496666667 -0,000016470883357
0,2500000000 -0,000016470792629
0,2503333333 -0,000016470701903
0,2506666667 -0,000016470611178
0,2510000000 -0,000016470520455
0,2513333333 -0,000016470429734
0,2516666667 -0,000016470339015
0,2520000000 -0,000016470248298
0,2523333333 -0,000016470157582
0,2526666667 -0,000016470066869
0,2530000000 -0,000016469976157
0,2533333333 -0,000016469885447
0,2536666667 -0,000016469794739
0,2540000000 -0,000016469704033
0,2543333333 -0,000016469613328
0,2546666667 -0,000016469522625
0,2550000000 -0,000016469431925
0,2553333333 -0,000016469341226
0,2556666667 -0,000016469250528
0,2560000000 -0,000016469159833
0,2563333333 -0,000016469069139
0,2566666667 -0,000016468978448
0,2570000000 -0,000016468887758
0,2573333333 -0,000016468797070
0,2576666667 -0,000016468706383
0,2580000000 -0,000016468615699
0,2583333333 -0,000016468525016
0,2586666667 -0,000016468434335
0,2590000000 -0,000016468343656
0,2593333333 -0,000016468252979
0,2596666667 -0,000016468162304
0,2600000000 -0,000016468071630
0,2603333333 -0,000016467980959
0,2606666667 -0,000016467890289
0,2610000000 -0,000016467799621
0,2613333333 -0,000016467708954
0,2616666667 -0,000016467618290
0,2620000000 -0,000016467527627
0,2623333333 -0,000016467436966
0,2626666667 -0,000016467346307
0,2630000000 -0,000016467255650
0,2633333333 -0,000016467164995
0,2636666667 -0,000016467074341
0,2640000000 -0,000016466983690
0,2643333333 -0,000016466893040
0,2646666667 -0,000016466802392
0,2650000000 -0,000016466711746
0,2653333333 -0,000016466621101
0,2656666667 -0,000016466530458
0,2660000000 -0,000016466439818
0,2663333333 -0,000016466349179
0,2666666667 -0,000016466258541
0,2670000000 -0,000016466167906
0,2673333333 -0,000016466077273
0,2676666667 -0,000016465986641
0,2680000000 -0,000016465896011
0,2683333333 -0,000016465805383
0,2686666667 -0,000016465714757
0,2690000000 -0,000016465624132
0,2693333333 -0,000016465533509
0,2696666667 -0,000016465442889
0,2700000000 -0,000016465352270
0,2703333333 -0,000016465261652
0,2706666667 -0,000016465171037
0,2710000000 -0,000016465080423
0,2713333333 -0,000016464989812
0,2716666667 -0,000016464899202
0,2720000000 -0,000016464808594
0,2723333333 -0,000016464717987
0,2726666667 -0,000016464627383
0,2730000000 -0,000016464536780
0,2733333333 -0,000016464446179
0,2736666667 -0,000016464355580
0,2740000000 -0,000016464264983
0,2743333333 -0,000016464174388
0,2746666667 -0,000016464083794
0,2750000000 -0,000016463993202
0,2753333333 -0,000016463902612
0,2756666667 -0,000016463812024
0,2760000000 -0,000016463721438
0,2763333333 -0,000016463630853
0,2766666667 -0,000016463540270
0,2770000000 -0,000016463449689
0,2773333333 -0,000016463359110
0,2776666667 -0,000016463268533
0,2780000000 -0,000016463177957
0,2783333333 -0,000016463087384
0,2786666667 -0,000016462996812
0,2790000000 -0,000016462906242
0,2793333333 -0,000016462815673
0,2796666667 -0,000016462725107
0,2800000000 -0,000016462634542
0,2803333333 -0,000016462543979
0,2806666667 -0,000016462453418
0,2810000000 -0,000016462362859
0,2813333333 -0,000016462272302
0,2816666667 -0,000016462181746
0,2820000000 -0,000016462091192
0,2823333333 -0,000016462000640
0,2826666667 -0,000016461910090
0,2830000000 -0,000016461819542
0,2833333333 -0,000016461728995
0,2836666667 -0,000016461638450
0,2840000000 -0,000016461547907
0,2843333333 -0,000016461457366
0,2846666667 -0,000016461366827
0,2850000000 -0,000016461276289
0,2853333333 -0,000016461185754
0,2856666667 -0,000016461095220
0,2860000000 -0,000016461004688
0,2863333333 -0,000016460914157
0,2866666667 -0,000016460823629
0,2870000000 -0,000016460733102
0,2873333333 -0,000016460642577
0,2876666667 -0,000016460552054
0,2880000000 -0,000016460461533
0,2883333333 -0,000016460371013
0,2886666667 -0,000016460280496
0,2890000000 -0,000016460189980
0,2893333333 -0,000016460099466
0,2896666667 -0,000016460008954
0,2900000000 -0,000016459918443
0,2903333333 -0,000016459827935
0,2906666667 -0,000016459737428
0,2910000000 -0,000016459646923
0,2913333333 -0,000016459556419
0,2916666667 -0,000016459465918
0,2920000000 -0,000016459375418
0,2923333333 -0,000016459284921
0,2926666667 -0,000016459194425
0,2930000000 -0,000016459103930
0,2933333333 -0,000016459013438
0,2936666667 -0,000016458922947
0,2940000000 -0,000016458832459
0,2943333333 -0,000016458741972
0,2946666667 -0,000016458651486
0,2950000000 -0,000016458561003
0,2953333333 -0,000016458470521
0,2956666667 -0,000016458380042
0,2960000000 -0,000016458289564
0,2963333333 -0,000016458199087
0,2966666667 -0,000016458108613
0,2970000000 -0,000016458018140
0,2973333333 -0,000016457927670
0,2976666667 -0,000016457837201
0,2980000000 -0,000016457746733
0,2983333333 -0,000016457656268
0,2986666667 -0,000016457565804
0,2990000000 -0,000016457475343
0,2993333333 -0,000016457384883
0,2996666667 -0,000016457294424
0,3000000000 -0,000016457203968
0,3003333333 -0,000016457113513
0,3006666667 -0,000016457023061
0,3010000000 -0,000016456932610
0,3013333333 -0,000016456842160
0,3016666667 -0,000016456751713
0,3020000000 -0,000016456661267
0,3023333333 -0,000016456570824
0,3026666667 -0,000016456480381
0,3030000000 -0,000016456389941
0,3033333333 -0,000016456299503
0,3036666667 -0,000016456209066
0,3040000000 -0,000016456118631
0,3043333333 -0,000016456028198
0,3046666667 -0,000016455937767
0,3050000000 -0,000016455847338
0,3053333333 -0,000016455756910
0,3056666667 -0,000016455666484
0,3060000000 -0,000016455576060
0,3063333333 -0,000016455485638
0,3066666667 -0,000016455395218
0,3070000000 -0,000016455304799
0,3073333333 -0,000016455214382
0,3076666667 -0,000016455123967
0,3080000000 -0,000016455033554
0,3083333333 -0,000016454943142
0,3086666667 -0,000016454852732
0,3090000000 -0,000016454762325
0,3093333333 -0,000016454671918
0,3096666667 -0,000016454581514
0,3100000000 -0,000016454491112
0,3103333333 -0,000016454400711
0,3106666667 -0,000016454310312
0,3110000000 -0,000016454219915
0,3113333333 -0,000016454129520
0,3116666667 -0,000016454039126
0,3120000000 -0,000016453948734
0,3123333333 -0,000016453858344
0,3126666667 -0,000016453767956
0,3130000000 -0,000016453677570
0,3133333333 -0,000016453587185
0,3136666667 -0,000016453496802
0,3140000000 -0,000016453406421
0,3143333333 -0,000016453316042
0,3146666667 -0,000016453225665
0,3150000000 -0,000016453135289
0,3153333333 -0,000016453044915
0,3156666667 -0,000016452954543
0,3160000000 -0,000016452864173
0,3163333333 -0,000016452773805
0,3166666667 -0,000016452683438
0,3170000000 -0,000016452593073
0,3173333333 -0,000016452502710
0,3176666667 -0,000016452412349
0,3180000000 -0,000016452321989
0,3183333333 -0,000016452231631
0,3186666667 -0,000016452141276
0,3190000000 -0,000016452050921
0,3193333333 -0,000016451960569
0,3196666667 -0,000016451870218
0,3200000000 -0,000016451779870
0,3203333333 -0,000016451689523
0,3206666667 -0,000016451599178
0,3210000000 -0,000016451508834
0,3213333333 -0,000016451418493
0,3216666667 -0,000016451328153
0,3220000000 -0,000016451237815
0,3223333333 -0,000016451147478
0,3226666667 -0,000016451057144
0,3230000000 -0,000016450966811
0,3233333333 -0,000016450876480
0,3236666667 -0,000016450786151
0,3240000000 -0,000016450695824
0,3243333333 -0,000016450605498
0,3246666667 -0,000016450515175
0,3250000000 -0,000016450424853
0,3253333333 -0,000016450334532
0,3256666667 -0,000016450244214
0,3260000000 -0,000016450153897
0,3263333333 -0,000016450063583
0,3266666667 -0,000016449973270
0,3270000000 -0,000016449882958
0,3273333333 -0,000016449792649
0,3276666667 -0,000016449702341
0,3280000000 -0,000016449612035
0,3283333333 -0,000016449521731
0,3286666667 -0,000016449431429
0,3290000000 -0,000016449341128
0,3293333333 -0,000016449250830
0,3296666667 -0,000016449160533
0,3300000000 -0,000016449070237
0,3303333333 -0,000016448979944
0,3306666667 -0,000016448889652
0,3310000000 -0,000016448799363
0,3313333333 -0,000016448709074
0,3316666667 -0,000016448618788
0,3320000000 -0,000016448528504
0,3323333333 -0,000016448438221
0,3326666667 -0,000016448347940
0,3330000000 -0,000016448257661
0,3333333333 -0,000016448167384
0,3336666667 -0,000016448077108
0,3340000000 -0,000016447986834
0,3343333333 -0,000016447896562
0,3346666667 -0,000016447806292
0,3350000000 -0,000016447716023
0,3353333333 -0,000016447625757
0,3356666667 -0,000016447535492
0,3360000000 -0,000016447445229
0,3363333333 -0,000016447354967
0,3366666667 -0,000016447264708
0,3370000000 -0,000016447174450
0,3373333333 -0,000016447084194
0,3376666667 -0,000016446993940
0,3380000000 -0,000016446903687
0,3383333333 -0,000016446813437
0,3386666667 -0,000016446723188
0,3390000000 -0,000016446632941
0,3393333333 -0,000016446542695
0,3396666667 -0,000016446452452
0,3400000000 -0,000016446362210
0,3403333333 -0,000016446271970
0,3406666667 -0,000016446181732
0,3410000000 -0,000016446091495
0,3413333333 -0,000016446001261
0,3416666667 -0,000016445911028
0,3420000000 -0,000016445820797
0,3423333333 -0,000016445730568
0,3426666667 -0,000016445640340
0,3430000000 -0,000016445550114
0,3433333333 -0,000016445459890
0,3436666667 -0,000016445369668
0,3440000000 -0,000016445279448
0,3443333333 -0,000016445189229
0,3446666667 -0,000016445099012
0,3450000000 -0,000016445008797
0,3453333333 -0,000016444918584
0,3456666667 -0,000016444828372
0,3460000000 -0,000016444738162
0,3463333333 -0,000016444647954
0,3466666667 -0,000016444557748
0,3470000000 -0,000016444467543
0,3473333333 -0,000016444377341
0,3476666667 -0,000016444287140
0,3480000000 -0,000016444196941
0,3483333333 -0,000016444106743
0,3486666667 -0,000016444016548
0,3490000000 -0,000016443926354
0,3493333333 -0,000016443836162
0,3496666667 -0,000016443745972
0,3500000000 -0,000016443655783
0,3503333333 -0,000016443565596
0,3506666667 -0,000016443475411
0,3510000000 -0,000016443385228
0,3513333333 -0,000016443295047
0,3516666667 -0,000016443204867
0,3520000000 -0,000016443114689
0,3523333333 -0,000016443024513
0,3526666667 -0,000016442934339
0,3530000000 -0,000016442844166
0,3533333333 -0,000016442753996
0,3536666667 -0,000016442663827
0,3540000000 -0,000016442573659
0,3543333333 -0,000016442483494
0,3546666667 -0,000016442393330
0,3550000000 -0,000016442303168
0,3553333333 -0,000016442213008
0,3556666667 -0,000016442122850
0,3560000000 -0,000016442032693
0,3563333333 -0,000016441942538
0,3566666667 -0,000016441852385
0,3570000000 -0,000016441762234
0,3573333333 -0,000016441672085
0,3576666667 -0,000016441581937
0,3580000000 -0,000016441491791
0,3583333333 -0,000016441401647
0,3586666667 -0,000016441311504
0,3590000000 -0,000016441221363
0,3593333333 -0,000016441131225
0,3596666667 -0,000016441041087
0,3600000000 -0,000016440950952
0,3603333333 -0,000016440860818
0,3606666667 -0,000016440770687
0,3610000000 -0,000016440680556
0,3613333333 -0,000016440590428
0,3616666667 -0,000016440500302
0,3620000000 -0,000016440410177
0,3623333333 -0,000016440320054
0,3626666667 -0,000016440229933
0,3630000000 -0,000016440139813
0,3633333333 -0,000016440049695
0,3636666667 -0,000016439959580
0,3640000000 -0,000016439869465
0,3643333333 -0,000016439779353
0,3646666667 -0,000016439689242
0,3650000000 -0,000016439599133
0,3653333333 -0,000016439509026
0,3656666667 -0,000016439418921
0,3660000000 -0,000016439328817
0,3663333333 -0,000016439238716
0,3666666667 -0,000016439148616
0,3670000000 -0,000016439058517
0,3673333333 -0,000016438968421
0,3676666667 -0,000016438878326
0,3680000000 -0,000016438788233
0,3683333333 -0,000016438698142
0,3686666667 -0,000016438608052
0,3690000000 -0,000016438517965
0,3693333333 -0,000016438427879
0,3696666667 -0,000016438337794
0,3700000000 -0,000016438247712
0,3703333333 -0,000016438157631
0,3706666667 -0,000016438067553
0,3710000000 -0,000016437977475
0,3713333333 -0,000016437887400
0,3716666667 -0,000016437797326
0,3720000000 -0,000016437707255
0,3723333333 -0,000016437617185
0,3726666667 -0,000016437527116
0,3730000000 -0,000016437437050
0,3733333333 -0,000016437346985
0,3736666667 -0,000016437256922
0,3740000000 -0,000016437166861
0,3743333333 -0,000016437076801
0,3746666667 -0,000016436986743
0,3750000000 -0,000016436896687
0,3753333333 -0,000016436806633
0,3756666667 -0,000016436716581
0,3760000000 -0,000016436626530
0,3763333333 -0,000016436536481
0,3766666667 -0,000016436446434
0,3770000000 -0,000016436356388
0,3773333333 -0,000016436266345
0,3776666667 -0,000016436176303
0,3780000000 -0,000016436086263
0,3783333333 -0,000016435996224
0,3786666667 -0,000016435906188
0,3790000000 -0,000016435816153
0,3793333333 -0,000016435726120
0,3796666667 -0,000016435636088
0,3800000000 -0,000016435546059
0,3803333333 -0,000016435456031
0,3806666667 -0,000016435366005
0,3810000000 -0,000016435275980
0,3813333333 -0,000016435185958
0,3816666667 -0,000016435095937
0,3820000000 -0,000016435005918
0,3823333333 -0,000016434915901
0,3826666667 -0,000016434825885
0,3830000000 -0,000016434735871
0,3833333333 -0,000016434645859
0,3836666667 -0,000016434555849
0,3840000000 -0,000016434465841
0,3843333333 -0,000016434375834
0,3846666667 -0,000016434285829
0,3850000000 -0,000016434195826
0,3853333333 -0,000016434105824
0,3856666667 -0,000016434015824
0,3860000000 -0,000016433925826
0,3863333333 -0,000016433835830
0,3866666667 -0,000016433745836
0,3870000000 -0,000016433655843
0,3873333333 -0,000016433565852
0,3876666667 -0,000016433475863
0,3880000000 -0,000016433385875
0,3883333333 -0,000016433295890
0,3886666667 -0,000016433205906
0,3890000000 -0,000016433115924
0,3893333333 -0,000016433025943
0,3896666667 -0,000016432935964
0,3900000000 -0,000016432845988
0,3903333333 -0,000016432756012
0,3906666667 -0,000016432666039
0,3910000000 -0,000016432576067
0,3913333333 -0,000016432486097
0,3916666667 -0,000016432396129
0,3920000000 -0,000016432306163
0,3923333333 -0,000016432216198
0,3926666667 -0,000016432126235
0,3930000000 -0,000016432036274
0,3933333333 -0,000016431946315
0,3936666667 -0,000016431856357
0,3940000000 -0,000016431766401
0,3943333333 -0,000016431676447
0,3946666667 -0,000016431586494
0,3950000000 -0,000016431496544
0,3953333333 -0,000016431406595
0,3956666667 -0,000016431316648
0,3960000000 -0,000016431226702
0,3963333333 -0,000016431136759
0,3966666667 -0,000016431046817
0,3970000000 -0,000016430956877
0,3973333333 -0,000016430866938
0,3976666667 -0,000016430777002
0,3980000000 -0,000016430687067
0,3983333333 -0,000016430597133
0,3986666667 -0,000016430507202
0,3990000000 -0,000016430417272
0,3993333333 -0,000016430327344
0,3996666667 -0,000016430237418
0,4000000000 -0,000016430147494
0,4003333333 -0,000016430057571
0,4006666667 -0,000016429967650
0,4010000000 -0,000016429877731
0,4013333333 -0,000016429787814
0,4016666667 -0,000016429697898
0,4020000000 -0,000016429607984
0,4023333333 -0,000016429518072
0,4026666667 -0,000016429428161
0,4030000000 -0,000016429338253
0,4033333333 -0,000016429248346
0,4036666667 -0,000016429158441
0,4040000000 -0,000016429068537
0,4043333333 -0,000016428978635
0,4046666667 -0,000016428888735
0,4050000000 -0,000016428798837
0,4053333333 -0,000016428708941
0,4056666667 -0,000016428619046
0,4060000000 -0,000016428529153
0,4063333333 -0,000016428439262
0,4066666667 -0,000016428349372
0,4070000000 -0,000016428259485
0,4073333333 -0,000016428169599
0,4076666667 -0,000016428079714
0,4080000000 -0,000016427989832
0,4083333333 -0,000016427899951
0,4086666667 -0,000016427810072
0,4090000000 -0,000016427720195
0,4093333333 -0,000016427630319
0,4096666667 -0,000016427540445
0,4100000000 -0,000016427450573
0,4103333333 -0,000016427360703
0,4106666667 -0,000016427270834
0,4110000000 -0,000016427180968
0,4113333333 -0,000016427091103
0,4116666667 -0,000016427001239
0,4120000000 -0,000016426911378
0,4123333333 -0,000016426821518
0,4126666667 -0,000016426731660
0,4130000000 -0,000016426641803
0,4133333333 -0,000016426551949
0,4136666667 -0,000016426462096
0,4140000000 -0,000016426372245
0,4143333333 -0,000016426282395
0,4146666667 -0,000016426192548
0,4150000000 -0,000016426102702
0,4153333333 -0,000016426012857
0,4156666667 -0,000016425923015
0,4160000000 -0,000016425833174
0,4163333333 -0,000016425743335
0,4166666667 -0,000016425653498
0,4170000000 -0,000016425563663
0,4173333333 -0,000016425473829
0,4176666667 -0,000016425383997
0,4180000000 -0,000016425294167
0,4183333333 -0,000016425204338
0,4186666667 -0,000016425114511
0,4190000000 -0,000016425024686
0,4193333333 -0,000016424934863
0,4196666667 -0,000016424845041
0,4200000000 -0,000016424755221
0,4203333333 -0,000016424665403
0,4206666667 -0,000016424575587
0,4210000000 -0,000016424485772
0,4213333333 -0,000016424395959
0,4216666667 -0,000016424306148
0,4220000000 -0,000016424216339
0,4223333333 -0,000016424126531
0,4226666667 -0,000016424036725
0,4230000000 -0,000016423946921
0,4233333333 -0,000016423857119
0,4236666667 -0,000016423767318
0,4240000000 -0,000016423677519
0,4243333333 -0,000016423587722
0,4246666667 -0,000016423497926
0,4250000000 -0,000016423408132
0,4253333333 -0,000016423318340
0,4256666667 -0,000016423228550
0,4260000000 -0,000016423138761
0,4263333333 -0,000016423048975
0,4266666667 -0,000016422959189
0,4270000000 -0,000016422869406
0,4273333333 -0,000016422779624
0,4276666667 -0,000016422689845
0,4280000000 -0,000016422600066
0,4283333333 -0,000016422510290
0,4286666667 -0,000016422420515
0,4290000000 -0,000016422330742
0,4293333333 -0,000016422240971
0,4296666667 -0,000016422151201
0,4300000000 -0,000016422061434
0,4303333333 -0,000016421971668
0,4306666667 -0,000016421881903
0,4310000000 -0,000016421792141
0,4313333333 -0,000016421702380
0,4316666667 -0,000016421612621
0,4320000000 -0,000016421522863
0,4323333333 -0,000016421433108
0,4326666667 -0,000016421343354
0,4330000000 -0,000016421253602
0,4333333333 -0,000016421163851
0,4336666667 -0,000016421074103
0,4340000000 -0,000016420984356
0,4343333333 -0,000016420894610
0,4346666667 -0,000016420804867
0,4350000000 -0,000016420715125
0,4353333333 -0,000016420625385
0,4356666667 -0,000016420535647
0,4360000000 -0,000016420445910
0,4363333333 -0,000016420356175
0,4366666667 -0,000016420266442
0,4370000000 -0,000016420176711
0,4373333333 -0,000016420086981
0,4376666667 -0,000016419997253
0,4380000000 -0,000016419907527
0,4383333333 -0,000016419817802
0,4386666667 -0,000016419728079
0,4390000000 -0,000016419638358
0,4393333333 -0,000016419548639
0,4396666667 -0,000016419458922
0,4400000000 -0,000016419369206
0,4403333333 -0,000016419279492
0,4406666667 -0,000016419189779
0,4410000000 -0,000016419100069
0,4413333333 -0,000016419010360
0,4416666667 -0,000016418920652
0,4420000000 -0,000016418830947
0,4423333333 -0,000016418741243
0,4426666667 -0,000016418651541
0,4430000000 -0,000016418561841
0,4433333333 -0,000016418472142
0,4436666667 -0,000016418382445
0,4440000000 -0,000016418292750
0,4443333333 -0,000016418203057
0,4446666667 -0,000016418113365
0,4450000000 -0,000016418023675
0,4453333333 -0,000016417933987
0,4456666667 -0,000016417844301
0,4460000000 -0,000016417754616
0,4463333333 -0,000016417664933
0,4466666667 -0,000016417575251
0,4470000000 -0,000016417485572
0,4473333333 -0,000016417395894
0,4476666667 -0,000016417306218
0,4480000000 -0,000016417216543
0,4483333333 -0,000016417126871
0,4486666667 -0,000016417037200
0,4490000000 -0,000016416947530
0,4493333333 -0,000016416857863
0,4496666667 -0,000016416768197
0,4500000000 -0,000016416678533
0,4503333333 -0,000016416588871
0,4506666667 -0,000016416499210
0,4510000000 -0,000016416409551
0,4513333333 -0,000016416319894
0,4516666667 -0,000016416230238
0,4520000000 -0,000016416140585
0,4523333333 -0,000016416050933
0,4526666667 -0,000016415961282
0,4530000000 -0,000016415871634
0,4533333333 -0,000016415781987
0,4536666667 -0,000016415692342
0,4540000000 -0,000016415602698
0,4543333333 -0,000016415513057
0,4546666667 -0,000016415423417
0,4550000000 -0,000016415333779
0,4553333333 -0,000016415244142
0,4556666667 -0,000016415154507
0,4560000000 -0,000016415064874
0,4563333333 -0,000016414975243
0,4566666667 -0,000016414885613
0,4570000000 -0,000016414795985
0,4573333333 -0,000016414706359
0,4576666667 -0,000016414616735
0,4580000000 -0,000016414527112
0,4583333333 -0,000016414437491
0,4586666667 -0,000016414347871
0,4590000000 -0,000016414258254
0,4593333333 -0,000016414168638
0,4596666667 -0,000016414079024
0,4600000000 -0,000016413989411
0,4603333333 -0,000016413899801
0,4606666667 -0,000016413810192
0,4610000000 -0,000016413720584
0,4613333333 -0,000016413630979
0,4616666667 -0,000016413541375
0,4620000000 -0,000016413451773
0,4623333333 -0,000016413362172
0,4626666667 -0,000016413272574
0,4630000000 -0,000016413182977
0,4633333333 -0,000016413093381
0,4636666667 -0,000016413003788
0,4640000000 -0,000016412914196
0,4643333333 -0,000016412824606
0,4646666667 -0,000016412735017
0,4650000000 -0,000016412645431
0,4653333333 -0,000016412555846
0,4656666667 -0,000016412466262
0,4660000000 -0,000016412376681
0,4663333333 -0,000016412287101
0,4666666667 -0,000016412197523
0,4670000000 -0,000016412107947
0,4673333333 -0,000016412018372
0,4676666667 -0,000016411928799
0,4680000000 -0,000016411839228
0,4683333333 -0,000016411749658
0,4686666667 -0,000016411660090
0,4690000000 -0,000016411570524
0,4693333333 -0,000016411480960
0,4696666667 -0,000016411391397
0,4700000000 -0,000016411301836
0,4703333333 -0,000016411212277
0,4706666667 -0,000016411122719
0,4710000000 -0,000016411033164
0,4713333333 -0,000016410943609
0,4716666667 -0,000016410854057
0,4720000000 -0,000016410764506
0,4723333333 -0,000016410674957
0,4726666667 -0,000016410585410
0,4730000000 -0,000016410495865
0,4733333333 -0,000016410406321
0,4736666667 -0,000016410316779
0,4740000000 -0,000016410227238
0,4743333333 -0,000016410137699
0,4746666667 -0,000016410048162
0,4750000000 -0,000016409958627
0,4753333333 -0,000016409869094
0,4756666667 -0,000016409779562
0,4760000000 -0,000016409690032
0,4763333333 -0,000016409600503
0,4766666667 -0,000016409510976
0,4770000000 -0,000016409421451
0,4773333333 -0,000016409331928
0,4776666667 -0,000016409242406
0,4780000000 -0,000016409152887
0,4783333333 -0,000016409063368
0,4786666667 -0,000016408973852
0,4790000000 -0,000016408884337
0,4793333333 -0,000016408794824
0,4796666667 -0,000016408705313
0,4800000000 -0,000016408615803
0,4803333333 -0,000016408526295
0,4806666667 -0,000016408436789
0,4810000000 -0,000016408347285
0,4813333333 -0,000016408257782
0,4816666667 -0,000016408168281
0,4820000000 -0,000016408078781
0,4823333333 -0,000016407989284
0,4826666667 -0,000016407899788
0,4830000000 -0,000016407810293
0,4833333333 -0,000016407720801
0,4836666667 -0,000016407631310
0,4840000000 -0,000016407541821
0,4843333333 -0,000016407452333
0,4846666667 -0,000016407362848
0,4850000000 -0,000016407273364
0,4853333333 -0,000016407183881
0,4856666667 -0,000016407094401
0,4860000000 -0,000016407004922
0,4863333333 -0,000016406915445
0,4866666667 -0,000016406825969
0,4870000000 -0,000016406736495
0,4873333333 -0,000016406647023
0,4876666667 -0,000016406557553
0,4880000000 -0,000016406468084
0,4883333333 -0,000016406378617
0,4886666667 -0,000016406289152
0,4890000000 -0,000016406199689
0,4893333333 -0,000016406110227
0,4896666667 -0,000016406020767
0,4900000000 -0,000016405931308
0,4903333333 -0,000016405841851
0,4906666667 -0,000016405752396
0,4910000000 -0,000016405662943
0,4913333333 -0,000016405573491
0,4916666667 -0,000016405484042
0,4920000000 -0,000016405394593
0,4923333333 -0,000016405305147
0,4926666667 -0,000016405215702
0,4930000000 -0,000016405126259
0,4933333333 -0,000016405036817
0,4936666667 -0,000016404947378
0,4940000000 -0,000016404857940
0,4943333333 -0,000016404768503
0,4946666667 -0,000016404679069
0,4950000000 -0,000016404589636
0,4953333333 -0,000016404500205
0,4956666667 -0,000016404410775
0,4960000000 -0,000016404321347
0,4963333333 -0,000016404231921
0,4966666667 -0,000016404142497
0,4970000000 -0,000016404053074
0,4973333333 -0,000016403963653
0,4976666667 -0,000016403874234
0,4980000000 -0,000016403784816
0,4983333333 -0,000016403695401
0,4986666667 -0,000016403605986
0,4990000000 -0,000016403516574
0,4993333333 -0,000016403427163
0,4996666667 -0,000016403337754
0,5000000000 -0,000016403248347
0,5003333333 -0,000016403158941
0,5006666667 -0,000016403069537
0,5010000000 -0,000016402980135
0,5013333333 -0,000016402890734
0,5016666667 -0,000016402801335
0,5020000000 -0,000016402711938
0,5023333333 -0,000016402622543
0,5026666667 -0,000016402533149
0,5030000000 -0,000016402443757
0,5033333333 -0,000016402354366
0,5036666667 -0,000016402264978
0,5040000000 -0,000016402175591
0,5043333333 -0,000016402086205
0,5046666667 -0,000016401996822
0,5050000000 -0,000016401907440
0,5053333333 -0,000016401818059
0,5056666667 -0,000016401728681
0,5060000000 -0,000016401639304
0,5063333333 -0,000016401549929
0,5066666667 -0,000016401460556
0,5070000000 -0,000016401371184
0,5073333333 -0,000016401281814
0,5076666667 -0,000016401192445
0,5080000000 -0,000016401103079
0,5083333333 -0,000016401013714
0,5086666667 -0,000016400924351
0,5090000000 -0,000016400834989
0,5093333333 -0,000016400745629
0,5096666667 -0,000016400656271
0,5100000000 -0,000016400566914
0,5103333333 -0,000016400477560
0,5106666667 -0,000016400388207
0,5110000000 -0,000016400298855
0,5113333333 -0,000016400209506
0,5116666667 -0,000016400120157
0,5120000000 -0,000016400030811
0,5123333333 -0,000016399941467
0,5126666667 -0,000016399852124
0,5130000000 -0,000016399762782
0,5133333333 -0,000016399673443
0,5136666667 -0,000016399584105
0,5140000000 -0,000016399494769
0,5143333333 -0,000016399405434
0,5146666667 -0,000016399316102
0,5150000000 -0,000016399226771
0,5153333333 -0,000016399137441
0,5156666667 -0,000016399048113
0,5160000000 -0,000016398958787
0,5163333333 -0,000016398869463
0,5166666667 -0,000016398780141
0,5170000000 -0,000016398690820
0,5173333333 -0,000016398601500
0,5176666667 -0,000016398512183
0,5180000000 -0,000016398422867
0,5183333333 -0,000016398333553
0,5186666667 -0,000016398244240
0,5190000000 -0,000016398154930
0,5193333333 -0,000016398065620
0,5196666667 -0,000016397976313
0,5200000000 -0,000016397887007
0,5203333333 -0,000016397797703
0,5206666667 -0,000016397708401
0,5210000000 -0,000016397619100
0,5213333333 -0,000016397529801
0,5216666667 -0,000016397440504
0,5220000000 -0,000016397351209
0,5223333333 -0,000016397261915
0,5226666667 -0,000016397172622
0,5230000000 -0,000016397083332
0,5233333333 -0,000016396994043
0,5236666667 -0,000016396904756
0,5240000000 -0,000016396815471
0,5243333333 -0,000016396726187
0,5246666667 -0,000016396636905
0,5250000000 -0,000016396547624
0,5253333333 -0,000016396458346
0,5256666667 -0,000016396369069
0,5260000000 -0,000016396279793
0,5263333333 -0,000016396190520
0,5266666667 -0,000016396101248
0,5270000000 -0,000016396011977
0,5273333333 -0,000016395922709
0,5276666667 -0,000016395833442
0,5280000000 -0,000016395744177
0,5283333333 -0,000016395654913
0,5286666667 -0,000016395565651
0,5290000000 -0,000016395476391
0,5293333333 -0,000016395387133
0,5296666667 -0,000016395297876
0,5300000000 -0,000016395208621
0,5303333333 -0,000016395119368
0,5306666667 -0,000016395030116
0,5310000000 -0,000016394940866
0,5313333333 -0,000016394851617
0,5316666667 -0,000016394762371
0,5320000000 -0,000016394673126
0,5323333333 -0,000016394583882
0,5326666667 -0,000016394494641
0,5330000000 -0,000016394405401
0,5333333333 -0,000016394316163
0,5336666667 -0,000016394226926
0,5340000000 -0,000016394137691
0,5343333333 -0,000016394048458
0,5346666667 -0,000016393959227
0,5350000000 -0,000016393869997
0,5353333333 -0,000016393780769
0,5356666667 -0,000016393691542
0,5360000000 -0,000016393602317
0,5363333333 -0,000016393513094
0,5366666667 -0,000016393423873
0,5370000000 -0,000016393334653
0,5373333333 -0,000016393245435
0,5376666667 -0,000016393156219
0,5380000000 -0,000016393067004
0,5383333333 -0,000016392977791
0,5386666667 -0,000016392888580
0,5390000000 -0,000016392799370
0,5393333333 -0,000016392710162
0,5396666667 -0,000016392620956
0,5400000000 -0,000016392531751
0,5403333333 -0,000016392442548
0,5406666667 -0,000016392353347
0,5410000000 -0,000016392264147
0,5413333333 -0,000016392174949
0,5416666667 -0,000016392085753
0,5420000000 -0,000016391996559
0,5423333333 -0,000016391907366
0,5426666667 -0,000016391818175
0,5430000000 -0,000016391728985
0,5433333333 -0,000016391639797
0,5436666667 -0,000016391550611
0,5440000000 -0,000016391461427
0,5443333333 -0,000016391372244
0,5446666667 -0,000016391283063
0,5450000000 -0,000016391193884
0,5453333333 -0,000016391104706
0,5456666667 -0,000016391015530
0,5460000000 -0,000016390926355
0,5463333333 -0,000016390837183
0,5466666667 -0,000016390748012
0,5470000000 -0,000016390658842
0,5473333333 -0,000016390569675
0,5476666667 -0,000016390480509
0,5480000000 -0,000016390391344
0,5483333333 -0,000016390302182
0,5486666667 -0,000016390213021
0,5490000000 -0,000016390123861
0,5493333333 -0,000016390034704
0,5496666667 -0,000016389945548
0,5500000000 -0,000016389856394
0,5503333333 -0,000016389767241
0,5506666667 -0,000016389678090
0,5510000000 -0,000016389588941
0,5513333333 -0,000016389499793
0,5516666667 -0,000016389410647
0,5520000000 -0,000016389321503
0,5523333333 -0,000016389232361
0,5526666667 -0,000016389143220
0,5530000000 -0,000016389054081
0,5533333333 -0,000016388964943
0,5536666667 -0,000016388875807
0,5540000000 -0,000016388786673
0,5543333333 -0,000016388697541
0,5546666667 -0,000016388608410
0,5550000000 -0,000016388519281
0,5553333333 -0,000016388430153
0,5556666667 -0,000016388341027
0,5560000000 -0,000016388251903
0,5563333333 -0,000016388162781
0,5566666667 -0,000016388073660
0,5570000000 -0,000016387984541
0,5573333333 -0,000016387895423
0,5576666667 -0,000016387806308
0,5580000000 -0,000016387717194
0,5583333333 -0,000016387628081
0,5586666667 -0,000016387538970
0,5590000000 -0,000016387449861
0,5593333333 -0,000016387360754
0,5596666667 -0,000016387271648
0,5600000000 -0,000016387182544
0,5603333333 -0,000016387093442
0,5606666667 -0,000016387004341
0,5610000000 -0,000016386915242
0,5613333333 -0,000016386826145
0,5616666667 -0,000016386737049
0,5620000000 -0,000016386647955
0,5623333333 -0,000016386558863
0,5626666667 -0,000016386469772
0,5630000000 -0,000016386380683
0,5633333333 -0,000016386291595
0,5636666667 -0,000016386202510
0,5640000000 -0,000016386113426
0,5643333333 -0,000016386024343
0,5646666667 -0,000016385935263
0,5650000000 -0,000016385846184
0,5653333333 -0,000016385757106
0,5656666667 -0,000016385668031
0,5660000000 -0,000016385578957
0,5663333333 -0,000016385489884
0,5666666667 -0,000016385400814
0,5670000000 -0,000016385311745
0,5673333333 -0,000016385222677
0,5676666667 -0,000016385133612
0,5680000000 -0,000016385044548
0,5683333333 -0,000016384955485
0,5686666667 -0,000016384866425
0,5690000000 -0,000016384777366
0,5693333333 -0,000016384688308
0,5696666667 -0,000016384599253
0,5700000000 -0,000016384510199
0,5703333333 -0,000016384421146
0,5706666667 -0,000016384332096
0,5710000000 -0,000016384243047
0,5713333333 -0,000016384153999
0,5716666667 -0,000016384064954
0,5720000000 -0,000016383975910
0,5723333333 -0,000016383886867
0,5726666667 -0,000016383797827
0,5730000000 -0,000016383708788
0,5733333333 -0,000016383619750
0,5736666667 -0,000016383530715
0,5740000000 -0,000016383441681
0,5743333333 -0,000016383352648
0,5746666667 -0,000016383263618
0,5750000000 -0,000016383174589
0,5753333333 -0,000016383085561
0,5756666667 -0,000016382996536
0,5760000000 -0,000016382907512
0,5763333333 -0,000016382818489
0,5766666667 -0,000016382729469
0,5770000000 -0,000016382640450
0,5773333333 -0,000016382551432
0,5776666667 -0,000016382462417
0,5780000000 -0,000016382373403
0,5783333333 -0,000016382284390
0,5786666667 -0,000016382195379
0,5790000000 -0,000016382106370
0,5793333333 -0,000016382017363
0,5796666667 -0,000016381928357
0,5800000000 -0,000016381839353
0,5803333333 -0,000016381750351
0,5806666667 -0,000016381661350
0,5810000000 -0,000016381572351
0,5813333333 -0,000016381483354
0,5816666667 -0,000016381394358
0,5820000000 -0,000016381305364
0,5823333333 -0,000016381216371
0,5826666667 -0,000016381127380
0,5830000000 -0,000016381038391
0,5833333333 -0,000016380949404
0,5836666667 -0,000016380860418
0,5840000000 -0,000016380771434
0,5843333333 -0,000016380682451
0,5846666667 -0,000016380593471
0,5850000000 -0,000016380504492
0,5853333333 -0,000016380415514
0,5856666667 -0,000016380326538
0,5860000000 -0,000016380237564
0,5863333333 -0,000016380148591
0,5866666667 -0,000016380059621
0,5870000000 -0,000016379970651
0,5873333333 -0,000016379881684
0,5876666667 -0,000016379792718
0,5880000000 -0,000016379703754
0,5883333333 -0,000016379614791
0,5886666667 -0,000016379525830
0,5890000000 -0,000016379436871
0,5893333333 -0,000016379347913
0,5896666667 -0,000016379258958
0,5900000000 -0,000016379170003
0,5903333333 -0,000016379081051
0,5906666667 -0,000016378992100
0,5910000000 -0,000016378903150
0,5913333333 -0,000016378814203
0,5916666667 -0,000016378725257
0,5920000000 -0,000016378636312
0,5923333333 -0,000016378547370
0,5926666667 -0,000016378458429
0,5930000000 -0,000016378369489
0,5933333333 -0,000016378280552
0,5936666667 -0,000016378191616
0,5940000000 -0,000016378102681
0,5943333333 -0,000016378013748
0,5946666667 -0,000016377924817
0,5950000000 -0,000016377835888
0,5953333333 -0,000016377746960
0,5956666667 -0,000016377658034
0,5960000000 -0,000016377569110
0,5963333333 -0,000016377480187
0,5966666667 -0,000016377391266
0,5970000000 -0,000016377302346
0,5973333333 -0,000016377213428
0,5976666667 -0,000016377124512
0,5980000000 -0,000016377035597
0,5983333333 -0,000016376946685
0,5986666667 -0,000016376857773
0,5990000000 -0,000016376768864
0,5993333333 -0,000016376679956
0,5996666667 -0,000016376591050
0,6000000000 -0,000016376502145
0,6003333333 -0,000016376413242
0,6006666667 -0,000016376324341
0,6010000000 -0,000016376235441
0,6013333333 -0,000016376146543
0,6016666667 -0,000016376057647
0,6020000000 -0,000016375968752
0,6023333333 -0,000016375879859
0,6026666667 -0,000016375790967
0,6030000000 -0,000016375702078
0,6033333333 -0,000016375613190
0,6036666667 -0,000016375524303
0,6040000000 -0,000016375435418
0,6043333333 -0,000016375346535
0,6046666667 -0,000016375257654
0,6050000000 -0,000016375168774
0,6053333333 -0,000016375079896
0,6056666667 -0,000016374991019
0,6060000000 -0,000016374902144
0,6063333333 -0,000016374813271
0,6066666667 -0,000016374724399
0,6070000000 -0,000016374635529
0,6073333333 -0,000016374546661
0,6076666667 -0,000016374457794
0,6080000000 -0,000016374368929
0,6083333333 -0,000016374280066
0,6086666667 -0,000016374191204
0,6090000000 -0,000016374102344
0,6093333333 -0,000016374013486
0,6096666667 -0,000016373924629
0,6100000000 -0,000016373835774
0,6103333333 -0,000016373746921
0,6106666667 -0,000016373658069
0,6110000000 -0,000016373569219
0,6113333333 -0,000016373480370
0,6116666667 -0,000016373391523
0,6120000000 -0,000016373302678
0,6123333333 -0,000016373213834
0,6126666667 -0,000016373124992
0,6130000000 -0,000016373036152
0,6133333333 -0,000016372947314
0,6136666667 -0,000016372858477
0,6140000000 -0,000016372769641
0,6143333333 -0,000016372680807
0,6146666667 -0,000016372591975
0,6150000000 -0,000016372503145
0,6153333333 -0,000016372414316
0,6156666667 -0,000016372325489
0,6160000000 -0,000016372236664
0,6163333333 -0,000016372147840
0,6166666667 -0,000016372059018
0,6170000000 -0,000016371970197
0,6173333333 -0,000016371881378
0,6176666667 -0,000016371792561
0,6180000000 -0,000016371703745
0,6183333333 -0,000016371614932
0,6186666667 -0,000016371526119
0,6190000000 -0,000016371437309
0,6193333333 -0,000016371348500
0,6196666667 -0,000016371259692
0,6200000000 -0,000016371170886
0,6203333333 -0,000016371082082
0,6206666667 -0,000016370993280
0,6210000000 -0,000016370904479
0,6213333333 -0,000016370815680
0,6216666667 -0,000016370726882
0,6220000000 -0,000016370638087
0,6223333333 -0,000016370549292
0,6226666667 -0,000016370460500
0,6230000000 -0,000016370371709
0,6233333333 -0,000016370282920
0,6236666667 -0,000016370194132
0,6240000000 -0,000016370105346
0,6243333333 -0,000016370016562
0,6246666667 -0,000016369927779
0,6250000000 -0,000016369838998
0,6253333333 -0,000016369750218
0,6256666667 -0,000016369661440
0,6260000000 -0,000016369572664
0,6263333333 -0,000016369483890
0,6266666667 -0,000016369395117
0,6270000000 -0,000016369306346
0,6273333333 -0,000016369217576
0,6276666667 -0,000016369128808
0,6280000000 -0,000016369040042
0,6283333333 -0,000016368951277
0,6286666667 -0,000016368862514
0,6290000000 -0,000016368773753
0,6293333333 -0,000016368684993
0,6296666667 -0,000016368596235
0,6300000000 -0,000016368507478
0,6303333333 -0,000016368418723
0,6306666667 -0,000016368329970
0,6310000000 -0,000016368241219
0,6313333333 -0,000016368152469
0,6316666667 -0,000016368063720
0,6320000000 -0,000016367974974
0,6323333333 -0,000016367886229
0,6326666667 -0,000016367797485
0,6330000000 -0,000016367708744
0,6333333333 -0,000016367620004
0,6336666667 -0,000016367531265
0,6340000000 -0,000016367442528
0,6343333333 -0,000016367353793
0,6346666667 -0,000016367265060
0,6350000000 -0,000016367176328
0,6353333333 -0,000016367087597
0,6356666667 -0,000016366998869
0,6360000000 -0,000016366910142
0,6363333333 -0,000016366821416
0,6366666667 -0,000016366732693
0,6370000000 -0,000016366643971
0,6373333333 -0,000016366555250
0,6376666667 -0,000016366466531
0,6380000000 -0,000016366377814
0,6383333333 -0,000016366289099
0,6386666667 -0,000016366200385
0,6390000000 -0,000016366111672
0,6393333333 -0,000016366022962
0,6396666667 -0,000016365934253
0,6400000000 -0,000016365845545
0,6403333333 -0,000016365756840
0,6406666667 -0,000016365668135
0,6410000000 -0,000016365579433
0,6413333333 -0,000016365490732
0,6416666667 -0,000016365402033
0,6420000000 -0,000016365313335
0,6423333333 -0,000016365224639
0,6426666667 -0,000016365135945
0,6430000000 -0,000016365047253
0,6433333333 -0,000016364958561
0,6436666667 -0,000016364869872
0,6440000000 -0,000016364781184
0,6443333333 -0,000016364692498
0,6446666667 -0,000016364603814
0,6450000000 -0,000016364515131
0,6453333333 -0,000016364426450
0,6456666667 -0,000016364337770
0,6460000000 -0,000016364249092
0,6463333333 -0,000016364160416
0,6466666667 -0,000016364071741
0,6470000000 -0,000016363983068
0,6473333333 -0,000016363894396
0,6476666667 -0,000016363805727
0,6480000000 -0,000016363717058
0,6483333333 -0,000016363628392
0,6486666667 -0,000016363539727
0,6490000000 -0,000016363451064
0,6493333333 -0,000016363362402
0,6496666667 -0,000016363273742
0,6500000000 -0,000016363185084
0,6503333333 -0,000016363096427
0,6506666667 -0,000016363007772
0,6510000000 -0,000016362919118
0,6513333333 -0,000016362830466
0,6516666667 -0,000016362741816
0,6520000000 -0,000016362653168
0,6523333333 -0,000016362564521
0,6526666667 -0,000016362475875
0,6530000000 -0,000016362387231
0,6533333333 -0,000016362298589
0,6536666667 -0,000016362209949
0,6540000000 -0,000016362121310
0,6543333333 -0,000016362032673
0,6546666667 -0,000016361944037
0,6550000000 -0,000016361855403
0,6553333333 -0,000016361766771
0,6556666667 -0,000016361678140
0,6560000000 -0,000016361589511
0,6563333333 -0,000016361500884
0,6566666667 -0,000016361412258
0,6570000000 -0,000016361323634
0,6573333333 -0,000016361235011
0,6576666667 -0,000016361146390
0,6580000000 -0,000016361057771
0,6583333333 -0,000016360969153
0,6586666667 -0,000016360880537
0,6590000000 -0,000016360791923
0,6593333333 -0,000016360703310
0,6596666667 -0,000016360614699
0,6600000000 -0,000016360526089
0,6603333333 -0,000016360437481
0,6606666667 -0,000016360348875
0,6610000000 -0,000016360260270
0,6613333333 -0,000016360171667
0,6616666667 -0,000016360083066
0,6620000000 -0,000016359994466
0,6623333333 -0,000016359905868
0,6626666667 -0,000016359817271
0,6630000000 -0,000016359728676
0,6633333333 -0,000016359640083
0,6636666667 -0,000016359551491
0,6640000000 -0,000016359462901
0,6643333333 -0,000016359374313
0,6646666667 -0,000016359285726
0,6650000000 -0,000016359197141
0,6653333333 -0,000016359108557
0,6656666667 -0,000016359019975
0,6660000000 -0,000016358931395
0,6663333333 -0,000016358842816
0,6666666667 -0,000016358754239
0,6670000000 -0,000016358665664
0,6673333333 -0,000016358577090
0,6676666667 -0,000016358488518
0,6680000000 -0,000016358399947
0,6683333333 -0,000016358311378
0,6686666667 -0,000016358222811
0,6690000000 -0,000016358134245
0,6693333333 -0,000016358045681
0,6696666667 -0,000016357957119
0,6700000000 -0,000016357868558
0,6703333333 -0,000016357779999
0,6706666667 -0,000016357691441
0,6710000000 -0,000016357602885
0,6713333333 -0,000016357514331
0,6716666667 -0,000016357425778
0,6720000000 -0,000016357337227
0,6723333333 -0,000016357248678
0,6726666667 -0,000016357160130
0,6730000000 -0,000016357071583
0,6733333333 -0,000016356983039
0,6736666667 -0,000016356894496
0,6740000000 -0,000016356805954
0,6743333333 -0,000016356717415
0,6746666667 -0,000016356628876
0,6750000000 -0,000016356540340
0,6753333333 -0,000016356451805
0,6756666667 -0,000016356363272
0,6760000000 -0,000016356274740
0,6763333333 -0,000016356186210
0,6766666667 -0,000016356097682
0,6770000000 -0,000016356009155
0,6773333333 -0,000016355920630
0,6776666667 -0,000016355832106
0,6780000000 -0,000016355743584
0,6783333333 -0,000016355655064
0,6786666667 -0,000016355566545
0,6790000000 -0,000016355478028
0,6793333333 -0,000016355389512
0,6796666667 -0,000016355300998
0,6800000000 -0,000016355212486
0,6803333333 -0,000016355123976
0,6806666667 -0,000016355035466
0,6810000000 -0,000016354946959
0,6813333333 -0,000016354858453
0,6816666667 -0,000016354769949
0,6820000000 -0,000016354681447
0,6823333333 -0,000016354592946
0,6826666667 -0,000016354504446
0,6830000000 -0,000016354415949
0,6833333333 -0,000016354327452
0,6836666667 -0,000016354238958
0,6840000000 -0,000016354150465
0,6843333333 -0,000016354061974
0,6846666667 -0,000016353973484
0,6850000000 -0,000016353884996
0,6853333333 -0,000016353796510
0,6856666667 -0,000016353708025
0,6860000000 -0,000016353619542
0,6863333333 -0,000016353531060
0,6866666667 -0,000016353442580
0,6870000000 -0,000016353354102
0,6873333333 -0,000016353265625
0,6876666667 -0,000016353177150
0,6880000000 -0,000016353088677
0,6883333333 -0,000016353000205
0,6886666667 -0,000016352911735
0,6890000000 -0,000016352823266
0,6893333333 -0,000016352734799
0,6896666667 -0,000016352646333
0,6900000000 -0,000016352557870
0,6903333333 -0,000016352469407
0,6906666667 -0,000016352380947
0,6910000000 -0,000016352292488
0,6913333333 -0,000016352204030
0,6916666667 -0,000016352115575
0,6920000000 -0,000016352027121
0,6923333333 -0,000016351938668
0,6926666667 -0,000016351850217
0,6930000000 -0,000016351761768
0,6933333333 -0,000016351673320
0,6936666667 -0,000016351584874
0,6940000000 -0,000016351496430
0,6943333333 -0,000016351407987
0,6946666667 -0,000016351319545
0,6950000000 -0,000016351231106
0,6953333333 -0,000016351142668
0,6956666667 -0,000016351054231
0,6960000000 -0,000016350965797
0,6963333333 -0,000016350877363
0,6966666667 -0,000016350788932
0,6970000000 -0,000016350700502
0,6973333333 -0,000016350612073
0,6976666667 -0,000016350523647
0,6980000000 -0,000016350435222
0,6983333333 -0,000016350346798
0,6986666667 -0,000016350258376
0,6990000000 -0,000016350169956
0,6993333333 -0,000016350081537
0,6996666667 -0,000016349993120
0,7000000000 -0,000016349904704
0,7003333333 -0,000016349816291
0,7006666667 -0,000016349727878
0,7010000000 -0,000016349639468
0,7013333333 -0,000016349551059
0,7016666667 -0,000016349462651
0,7020000000 -0,000016349374245
0,7023333333 -0,000016349285841
0,7026666667 -0,000016349197438
0,7030000000 -0,000016349109037
0,7033333333 -0,000016349020638
0,7036666667 -0,000016348932240
0,7040000000 -0,000016348843844
0,7043333333 -0,000016348755449
0,7046666667 -0,000016348667056
0,7050000000 -0,000016348578665
0,7053333333 -0,000016348490275
0,7056666667 -0,000016348401887
0,7060000000 -0,000016348313500
0,7063333333 -0,000016348225115
0,7066666667 -0,000016348136732
0,7070000000 -0,000016348048350
0,7073333333 -0,000016347959970
0,7076666667 -0,000016347871592
0,7080000000 -0,000016347783215
0,7083333333 -0,000016347694839
0,7086666667 -0,000016347606466
0,7090000000 -0,000016347518094
0,7093333333 -0,000016347429723
0,7096666667 -0,000016347341354
0,7100000000 -0,000016347252987
0,7103333333 -0,000016347164621
0,7106666667 -0,000016347076257
0,7110000000 -0,000016346987894
0,7113333333 -0,000016346899534
0,7116666667 -0,000016346811174
0,7120000000 -0,000016346722817
0,7123333333 -0,000016346634461
0,7126666667 -0,000016346546106
0,7130000000 -0,000016346457753
0,7133333333 -0,000016346369402
0,7136666667 -0,000016346281052
0,7140000000 -0,000016346192704
0,7143333333 -0,000016346104358
0,7146666667 -0,000016346016013
0,7150000000 -0,000016345927670
0,7153333333 -0,000016345839328
0,7156666667 -0,000016345750988
0,7160000000 -0,000016345662649
0,7163333333 -0,000016345574312
0,7166666667 -0,000016345485977
0,7170000000 -0,000016345397644
0,7173333333 -0,000016345309312
0,7176666667 -0,000016345220981
0,7180000000 -0,000016345132652
0,7183333333 -0,000016345044325
0,7186666667 -0,000016344955999
0,7190000000 -0,000016344867675
0,7193333333 -0,000016344779353
0,7196666667 -0,000016344691032
0,7200000000 -0,000016344602713
0,7203333333 -0,000016344514395
0,7206666667 -0,000016344426079
0,7210000000 -0,000016344337765
0,7213333333 -0,000016344249452
0,7216666667 -0,000016344161140
0,7220000000 -0,000016344072831
0,7223333333 -0,000016343984523
0,7226666667 -0,000016343896216
0,7230000000 -0,000016343807911
0,7233333333 -0,000016343719608
0,7236666667 -0,000016343631306
0,7240000000 -0,000016343543006
0,7243333333 -0,000016343454708
0,7246666667 -0,000016343366411
0,7250000000 -0,000016343278116
0,7253333333 -0,000016343189822
0,7256666667 -0,000016343101530
0,7260000000 -0,000016343013240
0,7263333333 -0,000016342924951
0,7266666667 -0,000016342836663
0,7270000000 -0,000016342748378
0,7273333333 -0,000016342660094
0,7276666667 -0,000016342571811
0,7280000000 -0,000016342483530
0,7283333333 -0,000016342395251
0,7286666667 -0,000016342306973
0,7290000000 -0,000016342218697
0,7293333333 -0,000016342130423
0,7296666667 -0,000016342042150
0,7300000000 -0,000016341953878
0,7303333333 -0,000016341865609
0,7306666667 -0,000016341777340
0,7310000000 -0,000016341689074
0,7313333333 -0,000016341600809
0,7316666667 -0,000016341512546
0,7320000000 -0,000016341424284
0,7323333333 -0,000016341336024
0,7326666667 -0,000016341247765
0,7330000000 -0,000016341159508
0,7333333333 -0,000016341071253
0,7336666667 -0,000016340982999
0,7340000000 -0,000016340894747
0,7343333333 -0,000016340806496
0,7346666667 -0,000016340718247
0,7350000000 -0,000016340630000
0,7353333333 -0,000016340541754
0,7356666667 -0,000016340453510
0,7360000000 -0,000016340365267
0,7363333333 -0,000016340277026
0,7366666667 -0,000016340188787
0,7370000000 -0,000016340100549
0,7373333333 -0,000016340012313
0,7376666667 -0,000016339924078
0,7380000000 -0,000016339835845
0,7383333333 -0,000016339747613
0,7386666667 -0,000016339659383
0,7390000000 -0,000016339571155
0,7393333333 -0,000016339482928
0,7396666667 -0,000016339394703
0,7400000000 -0,000016339306480
0,7403333333 -0,000016339218258
0,7406666667 -0,000016339130037
0,7410000000 -0,000016339041819
0,7413333333 -0,000016338953602
0,7416666667 -0,000016338865386
0,7420000000 -0,000016338777172
0,7423333333 -0,000016338688960
0,7426666667 -0,000016338600749
0,7430000000 -0,000016338512540
0,7433333333 -0,000016338424332
0,7436666667 -0,000016338336126
0,7440000000 -0,000016338247921
0,7443333333 -0,000016338159719
0,7446666667 -0,000016338071517
0,7450000000 -0,000016337983318
0,7453333333 -0,000016337895120
0,7456666667 -0,000016337806923
0,7460000000 -0,000016337718728
0,7463333333 -0,000016337630535
0,7466666667 -0,000016337542343
0,7470000000 -0,000016337454153
0,7473333333 -0,000016337365964
0,7476666667 -0,000016337277777
0,7480000000 -0,000016337189592
0,7483333333 -0,000016337101408
0,7486666667 -0,000016337013226
0,7490000000 -0,000016336925045
0,7493333333 -0,000016336836866
0,7496666667 -0,000016336748689
0,7500000000 -0,000016336660513
0,7503333333 -0,000016336572339
0,7506666667 -0,000016336484166
0,7510000000 -0,000016336395995
0,7513333333 -0,000016336307826
0,7516666667 -0,000016336219658
0,7520000000 -0,000016336131491
0,7523333333 -0,000016336043327
0,7526666667 -0,000016335955163
0,7530000000 -0,000016335867002
0,7533333333 -0,000016335778842
0,7536666667 -0,000016335690683
0,7540000000 -0,000016335602527
0,7543333333 -0,000016335514371
0,7546666667 -0,000016335426218
0,7550000000 -0,000016335338066
0,7553333333 -0,000016335249915
0,7556666667 -0,000016335161766
0,7560000000 -0,000016335073619
0,7563333333 -0,000016334985473
0,7566666667 -0,000016334897329
0,7570000000 -0,000016334809187
0,7573333333 -0,000016334721046
0,7576666667 -0,000016334632906
0,7580000000 -0,000016334544768
0,7583333333 -0,000016334456632
0,7586666667 -0,000016334368497
0,7590000000 -0,000016334280364
0,7593333333 -0,000016334192233
0,7596666667 -0,000016334104103
0,7600000000 -0,000016334015975
0,7603333333 -0,000016333927848
0,7606666667 -0,000016333839723
0,7610000000 -0,000016333751599
0,7613333333 -0,000016333663477
0,7616666667 -0,000016333575357
0,7620000000 -0,000016333487238
0,7623333333 -0,000016333399121
0,7626666667 -0,000016333311005
0,7630000000 -0,000016333222891
0,7633333333 -0,000016333134779
0,7636666667 -0,000016333046668
0,7640000000 -0,000016332958558
0,7643333333 -0,000016332870451
0,7646666667 -0,000016332782344
0,7650000000 -0,000016332694240
0,7653333333 -0,000016332606137
0,7656666667 -0,000016332518035
0,7660000000 -0,000016332429936
0,7663333333 -0,000016332341837
0,7666666667 -0,000016332253741
0,7670000000 -0,000016332165646
0,7673333333 -0,000016332077552
0,7676666667 -0,000016331989460
0,7680000000 -0,000016331901370
0,7683333333 -0,000016331813281
0,7686666667 -0,000016331725194
0,7690000000 -0,000016331637108
0,7693333333 -0,000016331549024
0,7696666667 -0,000016331460942
0,7700000000 -0,000016331372861
0,7703333333 -0,000016331284781
0,7706666667 -0,000016331196704
0,7710000000 -0,000016331108627
0,7713333333 -0,000016331020553
0,7716666667 -0,000016330932480
0,7720000000 -0,000016330844408
0,7723333333 -0,000016330756339
0,7726666667 -0,000016330668270
0,7730000000 -0,000016330580204
0,7733333333 -0,000016330492138
0,7736666667 -0,000016330404075
0,7740000000 -0,000016330316013
0,7743333333 -0,000016330227953
0,7746666667 -0,000016330139894
0,7750000000 -0,000016330051836
0,7753333333 -0,000016329963781
0,7756666667 -0,000016329875727
0,7760000000 -0,000016329787674
0,7763333333 -0,000016329699623
0,7766666667 -0,000016329611574
0,7770000000 -0,000016329523526
0,7773333333 -0,000016329435480
0,7776666667 -0,000016329347435
0,7780000000 -0,000016329259392
0,7783333333 -0,000016329171351
0,7786666667 -0,000016329083311
0,7790000000 -0,000016328995273
0,7793333333 -0,000016328907236
0,7796666667 -0,000016328819201
0,7800000000 -0,000016328731167
0,7803333333 -0,000016328643135
0,7806666667 -0,000016328555105
0,7810000000 -0,000016328467076
0,7813333333 -0,000016328379048
0,7816666667 -0,000016328291023
0,7820000000 -0,000016328202998
0,7823333333 -0,000016328114976
0,7826666667 -0,000016328026955
0,7830000000 -0,000016327938935
0,7833333333 -0,000016327850918
0,7836666667 -0,000016327762901
0,7840000000 -0,000016327674887
0,7843333333 -0,000016327586873
0,7846666667 -0,000016327498862
0,7850000000 -0,000016327410852
0,7853333333 -0,000016327322843
0,7856666667 -0,000016327234836
0,7860000000 -0,000016327146831
0,7863333333 -0,000016327058827
0,7866666667 -0,000016326970825
0,7870000000 -0,000016326882825
0,7873333333 -0,000016326794826
0,7876666667 -0,000016326706828
0,7880000000 -0,000016326618832
0,7883333333 -0,000016326530838
0,7886666667 -0,000016326442845
0,7890000000 -0,000016326354854
0,7893333333 -0,000016326266865
0,7896666667 -0,000016326178877
0,7900000000 -0,000016326090890
0,7903333333 -0,000016326002905
0,7906666667 -0,000016325914922
0,7910000000 -0,000016325826940
0,7913333333 -0,000016325738960
0,7916666667 -0,000016325650982
0,7920000000 -0,000016325563005
0,7923333333 -0,000016325475029
0,7926666667 -0,000016325387055
0,7930000000 -0,000016325299083
0,7933333333 -0,000016325211112
0,7936666667 -0,000016325123143
0,7940000000 -0,000016325035175
0,7943333333 -0,000016324947209
0,7946666667 -0,000016324859245
0,7950000000 -0,000016324771282
0,7953333333 -0,000016324683321
0,7956666667 -0,000016324595361
0,7960000000 -0,000016324507403
0,7963333333 -0,000016324419446
0,7966666667 -0,000016324331491
0,7970000000 -0,000016324243537
0,7973333333 -0,000016324155585
0,7976666667 -0,000016324067635
0,7980000000 -0,000016323979686
0,7983333333 -0,000016323891739
0,7986666667 -0,000016323803793
0,7990000000 -0,000016323715849
0,7993333333 -0,000016323627907
0,7996666667 -0,000016323539966
0,8000000000 -0,000016323452026
0,8003333333 -0,000016323364089
0,8006666667 -0,000016323276152
0,8010000000 -0,000016323188218
0,8013333333 -0,000016323100284
0,8016666667 -0,000016323012353
0,8020000000 -0,000016322924423
0,8023333333 -0,000016322836494
0,8026666667 -0,000016322748568
0,8030000000 -0,000016322660642
0,8033333333 -0,000016322572718
0,8036666667 -0,000016322484796
0,8040000000 -0,000016322396876
0,8043333333 -0,000016322308957
0,8046666667 -0,000016322221039
0,8050000000 -0,000016322133123
0,8053333333 -0,000016322045209
0,8056666667 -0,000016321957296
0,8060000000 -0,000016321869385
0,8063333333 -0,000016321781475
0,8066666667 -0,000016321693567
0,8070000000 -0,000016321605660
0,8073333333 -0,000016321517755
0,8076666667 -0,000016321429852
0,8080000000 -0,000016321341950
0,8083333333 -0,000016321254050
0,8086666667 -0,000016321166151
0,8090000000 -0,000016321078254
0,8093333333 -0,000016320990358
0,8096666667 -0,000016320902464
0,8100000000 -0,000016320814572
0,8103333333 -0,000016320726681
0,8106666667 -0,000016320638792
0,8110000000 -0,000016320550904
0,8113333333 -0,000016320463017
0,8116666667 -0,000016320375133
0,8120000000 -0,000016320287250
0,8123333333 -0,000016320199368
0,8126666667 -0,000016320111488
0,8130000000 -0,000016320023610
0,8133333333 -0,000016319935733
0,8136666667 -0,000016319847857
0,8140000000 -0,000016319759984
0,8143333333 -0,000016319672112
0,8146666667 -0,000016319584241
0,8150000000 -0,000016319496372
0,8153333333 -0,000016319408504
0,8156666667 -0,000016319320638
0,8160000000 -0,000016319232774
0,8163333333 -0,000016319144911
0,8166666667 -0,000016319057050
0,8170000000 -0,000016318969190
0,8173333333 -0,000016318881332
0,8176666667 -0,000016318793475
0,8180000000 -0,000016318705620
0,8183333333 -0,000016318617767
0,8186666667 -0,000016318529915
0,8190000000 -0,000016318442064
0,8193333333 -0,000016318354216
0,8196666667 -0,000016318266368
0,8200000000 -0,000016318178523
0,8203333333 -0,000016318090679
0,8206666667 -0,000016318002836
0,8210000000 -0,000016317914995
0,8213333333 -0,000016317827155
0,8216666667 -0,000016317739318
0,8220000000 -0,000016317651481
0,8223333333 -0,000016317563646
0,8226666667 -0,000016317475813
0,8230000000 -0,000016317387981
0,8233333333 -0,000016317300151
0,8236666667 -0,000016317212323
0,8240000000 -0,000016317124496
0,8243333333 -0,000016317036670
0,8246666667 -0,000016316948846
0,8250000000 -0,000016316861024
0,8253333333 -0,000016316773203
0,8256666667 -0,000016316685384
0,8260000000 -0,000016316597566
0,8263333333 -0,000016316509750
0,8266666667 -0,000016316421936
0,8270000000 -0,000016316334123
0,8273333333 -0,000016316246311
0,8276666667 -0,000016316158501
0,8280000000 -0,000016316070693
0,8283333333 -0,000016315982886
0,8286666667 -0,000016315895081
0,8290000000 -0,000016315807277
0,8293333333 -0,000016315719475
0,8296666667 -0,000016315631674
0,8300000000 -0,000016315543875
0,8303333333 -0,000016315456078
0,8306666667 -0,000016315368282
0,8310000000 -0,000016315280488
0,8313333333 -0,000016315192695
0,8316666667 -0,000016315104904
0,8320000000 -0,000016315017114
0,8323333333 -0,000016314929326
0,8326666667 -0,000016314841539
0,8330000000 -0,000016314753754
0,8333333333 -0,000016314665971
0,8336666667 -0,000016314578189
0,8340000000 -0,000016314490408
0,8343333333 -0,000016314402629
0,8346666667 -0,000016314314852
0,8350000000 -0,000016314227076
0,8353333333 -0,000016314139302
0,8356666667 -0,000016314051529
0,8360000000 -0,000016313963758
0,8363333333 -0,000016313875989
0,8366666667 -0,000016313788221
0,8370000000 -0,000016313700454
0,8373333333 -0,000016313612689
0,8376666667 -0,000016313524926
0,8380000000 -0,000016313437164
0,8383333333 -0,000016313349404
0,8386666667 -0,000016313261645
0,8390000000 -0,000016313173888
0,8393333333 -0,000016313086133
0,8396666667 -0,000016312998379
0,8400000000 -0,000016312910626
0,8403333333 -0,000016312822875
0,8406666667 -0,000016312735126
0,8410000000 -0,000016312647378
0,8413333333 -0,000016312559632
0,8416666667 -0,000016312471887
0,8420000000 -0,000016312384144
0,8423333333 -0,000016312296402
0,8426666667 -0,000016312208662
0,8430000000 -0,000016312120923
0,8433333333 -0,000016312033186
0,8436666667 -0,000016311945451
0,8440000000 -0,000016311857717
0,8443333333 -0,000016311769985
0,8446666667 -0,000016311682254
0,8450000000 -0,000016311594525
0,8453333333 -0,000016311506797
0,8456666667 -0,000016311419071
0,8460000000 -0,000016311331346
0,8463333333 -0,000016311243623
0,8466666667 -0,000016311155902
0,8470000000 -0,000016311068182
0,8473333333 -0,000016310980463
0,8476666667 -0,000016310892746
0,8480000000 -0,000016310805031
0,8483333333 -0,000016310717317
0,8486666667 -0,000016310629605
0,8490000000 -0,000016310541894
0,8493333333 -0,000016310454185
0,8496666667 -0,000016310366477
0,8500000000 -0,000016310278771
0,8503333333 -0,000016310191067
0,8506666667 -0,000016310103364
0,8510000000 -0,000016310015662
0,8513333333 -0,000016309927963
0,8516666667 -0,000016309840264
0,8520000000 -0,000016309752567
0,8523333333 -0,000016309664872
0,8526666667 -0,000016309577178
0,8530000000 -0,000016309489486
0,8533333333 -0,000016309401796
0,8536666667 -0,000016309314107
0,8540000000 -0,000016309226419
0,8543333333 -0,000016309138733
0,8546666667 -0,000016309051049
0,8550000000 -0,000016308963366
0,8553333333 -0,000016308875684
0,8556666667 -0,000016308788005
0,8560000000 -0,000016308700326
0,8563333333 -0,000016308612650
0,8566666667 -0,000016308524974
0,8570000000 -0,000016308437301
0,8573333333 -0,000016308349629
0,8576666667 -0,000016308261958
0,8580000000 -0,000016308174289
0,8583333333 -0,000016308086622
0,8586666667 -0,000016307998956
0,8590000000 -0,000016307911291
0,8593333333 -0,000016307823628
0,8596666667 -0,000016307735967
0,8600000000 -0,000016307648307
0,8603333333 -0,000016307560649
0,8606666667 -0,000016307472992
0,8610000000 -0,000016307385337
0,8613333333 -0,000016307297684
0,8616666667 -0,000016307210032
0,8620000000 -0,000016307122381
0,8623333333 -0,000016307034732
0,8626666667 -0,000016306947085
0,8630000000 -0,000016306859439
0,8633333333 -0,000016306771794
0,8636666667 -0,000016306684152
0,8640000000 -0,000016306596510
0,8643333333 -0,000016306508871
0,8646666667 -0,000016306421232
0,8650000000 -0,000016306333596
0,8653333333 -0,000016306245961
0,8656666667 -0,000016306158327
0,8660000000 -0,000016306070695
0,8663333333 -0,000016305983064
0,8666666667 -0,000016305895435
0,8670000000 -0,000016305807808
0,8673333333 -0,000016305720182
0,8676666667 -0,000016305632558
0,8680000000 -0,000016305544935
0,8683333333 -0,000016305457314
0,8686666667 -0,000016305369694
0,8690000000 -0,000016305282076
0,8693333333 -0,000016305194459
0,8696666667 -0,000016305106844
0,8700000000 -0,000016305019230
0,8703333333 -0,000016304931618
0,8706666667 -0,000016304844008
0,8710000000 -0,000016304756399
0,8713333333 -0,000016304668791
0,8716666667 -0,000016304581185
0,8720000000 -0,000016304493581
0,8723333333 -0,000016304405978
0,8726666667 -0,000016304318377
0,8730000000 -0,000016304230777
0,8733333333 -0,000016304143179
0,8736666667 -0,000016304055582
0,8740000000 -0,000016303967987
0,8743333333 -0,000016303880393
0,8746666667 -0,000016303792801
0,8750000000 -0,000016303705211
0,8753333333 -0,000016303617622
0,8756666667 -0,000016303530034
0,8760000000 -0,000016303442448
0,8763333333 -0,000016303354864
0,8766666667 -0,000016303267281
0,8770000000 -0,000016303179700
0,8773333333 -0,000016303092120
0,8776666667 -0,000016303004542
0,8780000000 -0,000016302916965
0,8783333333 -0,000016302829390
0,8786666667 -0,000016302741816
0,8790000000 -0,000016302654244
0,8793333333 -0,000016302566673
0,8796666667 -0,000016302479104
0,8800000000 -0,000016302391537
0,8803333333 -0,000016302303971
0,8806666667 -0,000016302216406
0,8810000000 -0,000016302128843
0,8813333333 -0,000016302041282
0,8816666667 -0,000016301953722
0,8820000000 -0,000016301866164
0,8823333333 -0,000016301778607
0,8826666667 -0,000016301691052
0,8830000000 -0,000016301603498
0,8833333333 -0,000016301515946
0,8836666667 -0,000016301428395
0,8840000000 -0,000016301340846
0,8843333333 -0,000016301253298
0,8846666667 -0,000016301165752
0,8850000000 -0,000016301078208
0,8853333333 -0,000016300990665
0,8856666667 -0,000016300903123
0,8860000000 -0,000016300815583
0,8863333333 -0,000016300728045
0,8866666667 -0,000016300640508
0,8870000000 -0,000016300552972
0,8873333333 -0,000016300465439
0,8876666667 -0,000016300377906
0,8880000000 -0,000016300290376
0,8883333333 -0,000016300202846
0,8886666667 -0,000016300115319
0,8890000000 -0,000016300027792
0,8893333333 -0,000016299940268
0,8896666667 -0,000016299852745
0,8900000000 -0,000016299765223
0,8903333333 -0,000016299677703
0,8906666667 -0,000016299590184
0,8910000000 -0,000016299502667
0,8913333333 -0,000016299415152
0,8916666667 -0,000016299327638
0,8920000000 -0,000016299240126
0,8923333333 -0,000016299152615
0,8926666667 -0,000016299065105
0,8930000000 -0,000016298977597
0,8933333333 -0,000016298890091
0,8936666667 -0,000016298802586
0,8940000000 -0,000016298715083
0,8943333333 -0,000016298627581
0,8946666667 -0,000016298540081
0,8950000000 -0,000016298452582
0,8953333333 -0,000016298365085
0,8956666667 -0,000016298277590
0,8960000000 -0,000016298190096
0,8963333333 -0,000016298102603
0,8966666667 -0,000016298015112
0,8970000000 -0,000016297927622
0,8973333333 -0,000016297840134
0,8976666667 -0,000016297752648
0,8980000000 -0,000016297665163
0,8983333333 -0,000016297577680
0,8986666667 -0,000016297490198
0,8990000000 -0,000016297402717
0,8993333333 -0,000016297315239
0,8996666667 -0,000016297227761
0,9000000000 -0,000016297140286
0,9003333333 -0,000016297052811
0,9006666667 -0,000016296965339
0,9010000000 -0,000016296877867
0,9013333333 -0,000016296790398
0,9016666667 -0,000016296702929
0,9020000000 -0,000016296615463
0,9023333333 -0,000016296527998
0,9026666667 -0,000016296440534
0,9030000000 -0,000016296353072
0,9033333333 -0,000016296265612
0,9036666667 -0,000016296178153
0,9040000000 -0,000016296090695
0,9043333333 -0,000016296003239
0,9046666667 -0,000016295915785
0,9050000000 -0,000016295828332
0,9053333333 -0,000016295740880
0,9056666667 -0,000016295653430
0,9060000000 -0,000016295565982
0,9063333333 -0,000016295478535
0,9066666667 -0,000016295391090
0,9070000000 -0,000016295303646
0,9073333333 -0,000016295216204
0,9076666667 -0,000016295128763
0,9080000000 -0,000016295041324
0,9083333333 -0,000016294953886
0,9086666667 -0,000016294866450
0,9090000000 -0,000016294779015
0,9093333333 -0,000016294691582
0,9096666667 -0,000016294604151
0,9100000000 -0,000016294516721
0,9103333333 -0,000016294429292
0,9106666667 -0,000016294341865
0,9110000000 -0,000016294254440
0,9113333333 -0,000016294167016
0,9116666667 -0,000016294079593
0,9120000000 -0,000016293992172
0,9123333333 -0,000016293904753
0,9126666667 -0,000016293817335
0,9130000000 -0,000016293729918
0,9133333333 -0,000016293642503
0,9136666667 -0,000016293555090
0,9140000000 -0,000016293467678
0,9143333333 -0,000016293380268
0,9146666667 -0,000016293292859
0,9150000000 -0,000016293205452
0,9153333333 -0,000016293118046
0,9156666667 -0,000016293030642
0,9160000000 -0,000016292943239
0,9163333333 -0,000016292855838
0,9166666667 -0,000016292768438
0,9170000000 -0,000016292681040
0,9173333333 -0,000016292593643
0,9176666667 -0,000016292506248
0,9180000000 -0,000016292418855
0,9183333333 -0,000016292331463
0,9186666667 -0,000016292244072
0,9190000000 -0,000016292156683
0,9193333333 -0,000016292069295
0,9196666667 -0,000016291981909
0,9200000000 -0,000016291894525
0,9203333333 -0,000016291807142
0,9206666667 -0,000016291719760
0,9210000000 -0,000016291632380
0,9213333333 -0,000016291545002
0,9216666667 -0,000016291457625
0,9220000000 -0,000016291370250
0,9223333333 -0,000016291282876
0,9226666667 -0,000016291195503
0,9230000000 -0,000016291108133
0,9233333333 -0,000016291020763
0,9236666667 -0,000016290933395
0,9240000000 -0,000016290846029
0,9243333333 -0,000016290758664
0,9246666667 -0,000016290671301
0,9250000000 -0,000016290583939
0,9253333333 -0,000016290496579
0,9256666667 -0,000016290409220
0,9260000000 -0,000016290321863
0,9263333333 -0,000016290234507
0,9266666667 -0,000016290147153
0,9270000000 -0,000016290059800
0,9273333333 -0,000016289972449
0,9276666667 -0,000016289885100
0,9280000000 -0,000016289797751
0,9283333333 -0,000016289710405
0,9286666667 -0,000016289623060
0,9290000000 -0,000016289535716
0,9293333333 -0,000016289448374
0,9296666667 -0,000016289361034
0,9300000000 -0,000016289273694
0,9303333333 -0,000016289186357
0,9306666667 -0,000016289099021
0,9310000000 -0,000016289011686
0,9313333333 -0,000016288924353
0,9316666667 -0,000016288837022
0,9320000000 -0,000016288749692
0,9323333333 -0,000016288662364
0,9326666667 -0,000016288575037
0,9330000000 -0,000016288487711
0,9333333333 -0,000016288400387
0,9336666667 -0,000016288313065
0,9340000000 -0,000016288225744
0,9343333333 -0,000016288138425
0,9346666667 -0,000016288051107
0,9350000000 -0,000016287963790
0,9353333333 -0,000016287876475
0,9356666667 -0,000016287789162
0,9360000000 -0,000016287701850
0,9363333333 -0,000016287614540
0,9366666667 -0,000016287527231
0,9370000000 -0,000016287439924
0,9373333333 -0,000016287352618
0,9376666667 -0,000016287265314
0,9380000000 -0,000016287178011
0,9383333333 -0,000016287090710
0,9386666667 -0,000016287003410
0,9390000000 -0,000016286916112
0,9393333333 -0,000016286828815
0,9396666667 -0,000016286741520
0,9400000000 -0,000016286654226
0,9403333333 -0,000016286566934
0,9406666667 -0,000016286479643
0,9410000000 -0,000016286392354
0,9413333333 -0,000016286305066
0,9416666667 -0,000016286217780
0,9420000000 -0,000016286130496
0,9423333333 -0,000016286043212
0,9426666667 -0,000016285955931
0,9430000000 -0,000016285868651
0,9433333333 -0,000016285781372
0,9436666667 -0,000016285694095
0,9440000000 -0,000016285606819
0,9443333333 -0,000016285519545
0,9446666667 -0,000016285432273
0,9450000000 -0,000016285345002
0,9453333333 -0,000016285257732
0,9456666667 -0,000016285170464
0,9460000000 -0,000016285083197
0,9463333333 -0,000016284995932
0,9466666667 -0,000016284908669
0,9470000000 -0,000016284821407
0,9473333333 -0,000016284734146
0,9476666667 -0,000016284646887
0,9480000000 -0,000016284559630
0,9483333333 -0,000016284472374
0,9486666667 -0,000016284385119
0,9490000000 -0,000016284297866
0,9493333333 -0,000016284210615
0,9496666667 -0,000016284123365
0,9500000000 -0,000016284036116
0,9503333333 -0,000016283948869
0,9506666667 -0,000016283861624
0,9510000000 -0,000016283774380
0,9513333333 -0,000016283687137
0,9516666667 -0,000016283599896
0,9520000000 -0,000016283512657
0,9523333333 -0,000016283425419
0,9526666667 -0,000016283338182
0,9530000000 -0,000016283250948
0,9533333333 -0,000016283163714
0,9536666667 -0,000016283076482
0,9540000000 -0,000016282989252
0,9543333333 -0,000016282902023
0,9546666667 -0,000016282814795
0,9550000000 -0,000016282727569
0,9553333333 -0,000016282640345
0,9556666667 -0,000016282553122
0,9560000000 -0,000016282465901
0,9563333333 -0,000016282378681
0,9566666667 -0,000016282291462
0,9570000000 -0,000016282204246
0,9573333333 -0,000016282117030
0,9576666667 -0,000016282029816
0,9580000000 -0,000016281942604
0,9583333333 -0,000016281855393
0,9586666667 -0,000016281768184
0,9590000000 -0,000016281680976
0,9593333333 -0,000016281593769
0,9596666667 -0,000016281506564
0,9600000000 -0,000016281419361
0,9603333333 -0,000016281332159
0,9606666667 -0,000016281244959
0,9610000000 -0,000016281157760
0,9613333333 -0,000016281070563
0,9616666667 -0,000016280983367
0,9620000000 -0,000016280896172
0,9623333333 -0,000016280808979
0,9626666667 -0,000016280721788
0,9630000000 -0,000016280634598
0,9633333333 -0,000016280547410
0,9636666667 -0,000016280460223
0,9640000000 -0,000016280373038
0,9643333333 -0,000016280285854
0,9646666667 -0,000016280198671
0,9650000000 -0,000016280111491
0,9653333333 -0,000016280024311
0,9656666667 -0,000016279937133
0,9660000000 -0,000016279849957
0,9663333333 -0,000016279762782
0,9666666667 -0,000016279675609
0,9670000000 -0,000016279588437
0,9673333333 -0,000016279501266
0,9676666667 -0,000016279414098
0,9680000000 -0,000016279326930
0,9683333333 -0,000016279239764
0,9686666667 -0,000016279152600
0,9690000000 -0,000016279065437
0,9693333333 -0,000016278978276
0,9696666667 -0,000016278891116
0,9700000000 -0,000016278803957
0,9703333333 -0,000016278716801
0,9706666667 -0,000016278629645
0,9710000000 -0,000016278542491
0,9713333333 -0,000016278455339
0,9716666667 -0,000016278368188
0,9720000000 -0,000016278281039
0,9723333333 -0,000016278193891
0,9726666667 -0,000016278106744
0,9730000000 -0,000016278019599
0,9733333333 -0,000016277932456
0,9736666667 -0,000016277845314
0,9740000000 -0,000016277758174
0,9743333333 -0,000016277671035
0,9746666667 -0,000016277583897
0,9750000000 -0,000016277496761
0,9753333333 -0,000016277409627
0,9756666667 -0,000016277322494
0,9760000000 -0,000016277235362
0,9763333333 -0,000016277148233
0,9766666667 -0,000016277061104
0,9770000000 -0,000016276973977
0,9773333333 -0,000016276886852
0,9776666667 -0,000016276799728
0,9780000000 -0,000016276712605
0,9783333333 -0,000016276625484
0,9786666667 -0,000016276538365
0,9790000000 -0,000016276451247
0,9793333333 -0,000016276364130
0,9796666667 -0,000016276277015
0,9800000000 -0,000016276189902
0,9803333333 -0,000016276102790
0,9806666667 -0,000016276015679
0,9810000000 -0,000016275928570
0,9813333333 -0,000016275841463
0,9816666667 -0,000016275754357
0,9820000000 -0,000016275667252
0,9823333333 -0,000016275580149
0,9826666667 -0,000016275493047
0,9830000000 -0,000016275405947
0,9833333333 -0,000016275318849
0,9836666667 -0,000016275231752
0,9840000000 -0,000016275144656
0,9843333333 -0,000016275057562
0,9846666667 -0,000016274970469
0,9850000000 -0,000016274883378
0,9853333333 -0,000016274796289
0,9856666667 -0,000016274709200
0,9860000000 -0,000016274622114
0,9863333333 -0,000016274535029
0,9866666667 -0,000016274447945
0,9870000000 -0,000016274360863
0,9873333333 -0,000016274273782
0,9876666667 -0,000016274186703
0,9880000000 -0,000016274099625
0,9883333333 -0,000016274012549
0,9886666667 -0,000016273925474
0,9890000000 -0,000016273838401
0,9893333333 -0,000016273751329
0,9896666667 -0,000016273664259
0,9900000000 -0,000016273577190
0,9903333333 -0,000016273490123
0,9906666667 -0,000016273403057
0,9910000000 -0,000016273315993
0,9913333333 -0,000016273228930
0,9916666667 -0,000016273141869
0,9920000000 -0,000016273054809
0,9923333333 -0,000016272967751
0,9926666667 -0,000016272880694
0,9930000000 -0,000016272793639
0,9933333333 -0,000016272706585
0,9936666667 -0,000016272619532
0,9940000000 -0,000016272532482
0,9943333333 -0,000016272445432
0,9946666667 -0,000016272358384
0,9950000000 -0,000016272271338
0,9953333333 -0,000016272184293
0,9956666667 -0,000016272097250
0,9960000000 -0,000016272010208
0,9963333333 -0,000016271923167
0,9966666667 -0,000016271836128
0,9970000000 -0,000016271749091
0,9973333333 -0,000016271662055
0,9976666667 -0,000016271575020
0,9980000000 -0,000016271487987
0,9983333333 -0,000016271400956
0,9986666667 -0,000016271313926
0,9990000000 -0,000016271226897
0,9993333333 -0,000016271139870
0,9996666667 -0,000016271052844
