0,0000000000 0,000000194583201
0,0003333333 0,000000194515133
0,0006666667 0,000000194447066
0,0010000000 0,000000194379001
0,0013333333 0,000000194310939
0,0016666667 0,000000194242879
0,0020000000 0,000000194174821
0,0023333333 0,000000194106765
0,0026666667 0,000000194038712
0,0030000000 0,000000193970661
0,0033333333 0,000000193902613
0,0036666667 0,000000193834567
0,0040000000 0,000000193766523
0,0043333333 0,000000193698482
0,0046666667 0,000000193630443
0,0050000000 0,000000193562406
0,0053333333 0,000000193494371
0,0056666667 0,000000193426339
0,0060000000 0,000000193358310
0,0063333333 0,000000193290282
0,0066666667 0,000000193222257
0,0070000000 0,000000193154234
0,0073333333 0,000000193086214
0,0076666667 0,000000193018196
0,0080000000 0,000000192950180
0,0083333333 0,000000192882167
0,0086666667 0,000000192814156
0,0090000000 0,000000192746147
0,0093333333 0,000000192678141
0,0096666667 0,000000192610137
0,0100000000 0,000000192542135
0,0103333333 0,000000192474136
0,0106666667 0,000000192406138
0,0110000000 0,000000192338144
0,0113333333 0,000000192270151
0,0116666667 0,000000192202161
0,0120000000 0,000000192134174
0,0123333333 0,000000192066188
0,0126666667 0,000000191998205
0,0130000000 0,000000191930224
0,0133333333 0,000000191862246
0,0136666667 0,000000191794270
0,0140000000 0,000000191726296
0,0143333333 0,000000191658325
0,0146666667 0,000000191590356
0,0150000000 0,000000191522389
0,0153333333 0,000000191454425
0,0156666667 0,000000191386463
0,0160000000 0,000000191318503
0,0163333333 0,000000191250546
0,0166666667 0,000000191182591
0,0170000000 0,000000191114638
0,0173333333 0,000000191046687
0,0176666667 0,000000190978739
0,0180000000 0,000000190910794
0,0183333333 0,000000190842850
0,0186666667 0,000000190774909
0,0190000000 0,000000190706970
0,0193333333 0,000000190639034
0,0196666667 0,000000190571100
0,0200000000 0,000000190503168
0,0203333333 0,000000190435238
0,0206666667 0,000000190367311
0,0210000000 0,000000190299387
0,0213333333 0,000000190231464
0,0216666667 0,000000190163544
0,0220000000 0,000000190095626
0,0223333333 0,000000190027711
0,0226666667 0,000000189959797
0,0230000000 0,000000189891887
0,0233333333 0,000000189823978
0,0236666667 0,000000189756072
0,0240000000 0,000000189688168
0,0243333333 0,000000189620266
0,0246666667 0,000000189552367
0,0250000000 0,000000189484470
0,0253333333 0,000000189416576
0,0256666667 0,000000189348683
0,0260000000 0,000000189280794
0,0263333333 0,000000189212906
0,0266666667 0,000000189145021
0,0270000000 0,000000189077138
0,0273333333 0,000000189009257
0,0276666667 0,000000188941379
0,0280000000 0,000000188873503
0,0283333333 0,000000188805629
0,0286666667 0,000000188737758
0,0290000000 0,000000188669889
0,0293333333 0,000000188602022
0,0296666667 0,000000188534158
0,0300000000 0,000000188466296
0,0303333333 0,000000188398436
0,0306666667 0,000000188330579
0,0310000000 0,000000188262723
0,0313333333 0,000000188194871
0,0316666667 0,000000188127020
0,0320000000 0,000000188059172
0,0323333333 0,000000187991326
0,0326666667 0,000000187923483
0,0330000000 0,000000187855642
0,0333333333 0,000000187787803
0,0336666667 0,000000187719966
0,0340000000 0,000000187652132
0,0343333333 0,000000187584300
0,0346666667 0,000000187516470
0,0350000000 0,000000187448643
0,0353333333 0,000000187380818
0,0356666667 0,000000187312996
0,0360000000 0,000000187245175
0,0363333333 0,000000187177357
0,0366666667 0,000000187109542
0,0370000000 0,000000187041728
0,0373333333 0,000000186973917
0,0376666667 0,000000186906108
0,0380000000 0,000000186838302
0,0383333333 0,000000186770498
0,0386666667 0,000000186702696
0,0390000000 0,000000186634897
0,0393333333 0,000000186567100
0,0396666667 0,000000186499305
0,0400000000 0,000000186431512
0,0403333333 0,000000186363722
0,0406666667 0,000000186295934
0,0410000000 0,000000186228148
0,0413333333 0,000000186160365
0,0416666667 0,000000186092584
0,0420000000 0,000000186024806
0,0423333333 0,000000185957029
0,0426666667 0,000000185889255
0,0430000000 0,000000185821484
0,0433333333 0,000000185753714
0,0436666667 0,000000185685947
0,0440000000 0,000000185618182
0,0443333333 0,000000185550420
0,0446666667 0,000000185482660
0,0450000000 0,000000185414902
0,0453333333 0,000000185347146
0,0456666667 0,000000185279393
0,0460000000 0,000000185211642
0,0463333333 0,000000185143894
0,0466666667 0,000000185076147
0,0470000000 0,000000185008403
0,0473333333 0,000000184940662
0,0476666667 0,000000184872922
0,0480000000 0,000000184805185
0,0483333333 0,000000184737451
0,0486666667 0,000000184669718
0,0490000000 0,000000184601988
0,0493333333 0,000000184534260
0,0496666667 0,000000184466535
0,0500000000 0,000000184398811
0,0503333333 0,000000184331091
0,0506666667 0,000000184263372
0,0510000000 0,000000184195656
0,0513333333 0,000000184127942
0,0516666667 0,000000184060230
0,0520000000 0,000000183992521
0,0523333333 0,000000183924814
0,0526666667 0,000000183857109
0,0530000000 0,000000183789406
0,0533333333 0,000000183721706
0,0536666667 0,000000183654008
0,0540000000 0,000000183586313
0,0543333333 0,000000183518620
0,0546666667 0,000000183450929
0,0550000000 0,000000183383240
0,0553333333 0,000000183315554
0,0556666667 0,000000183247870
0,0560000000 0,000000183180188
0,0563333333 0,000000183112509
0,0566666667 0,000000183044832
0,0570000000 0,000000182977157
0,0573333333 0,000000182909484
0,0576666667 0,000000182841814
0,0580000000 0,000000182774146
0,0583333333 0,000000182706481
0,0586666667 0,000000182638818
0,0590000000 0,000000182571157
0,0593333333 0,000000182503498
0,0596666667 0,000000182435842
0,0600000000 0,000000182368187
0,0603333333 0,000000182300536
0,0606666667 0,000000182232886
0,0610000000 0,000000182165239
0,0613333333 0,000000182097594
0,0616666667 0,000000182029952
0,0620000000 0,000000181962311
0,0623333333 0,000000181894673
0,0626666667 0,000000181827038
0,0630000000 0,000000181759404
0,0633333333 0,000000181691773
0,0636666667 0,000000181624144
0,0640000000 0,000000181556518
0,0643333333 0,000000181488894
0,0646666667 0,000000181421272
0,0650000000 0,000000181353652
0,0653333333 0,000000181286035
0,0656666667 0,000000181218420
0,0660000000 0,000000181150807
0,0663333333 0,000000181083197
0,0666666667 0,000000181015589
0,0670000000 0,000000180947983
0,0673333333 0,000000180880380
0,0676666667 0,000000180812778
0,0680000000 0,000000180745180
0,0683333333 0,000000180677583
0,0686666667 0,000000180609989
0,0690000000 0,000000180542397
0,0693333333 0,000000180474807
0,0696666667 0,000000180407219
0,0700000000 0,000000180339634
0,0703333333 0,000000180272051
0,0706666667 0,000000180204471
0,0710000000 0,000000180136893
0,0713333333 0,000000180069317
0,0716666667 0,000000180001743
0,0720000000 0,000000179934172
0,0723333333 0,000000179866603
0,0726666667 0,000000179799036
0,0730000000 0,000000179731471
0,0733333333 0,000000179663909
0,0736666667 0,000000179596349
0,0740000000 0,000000179528792
0,0743333333 0,000000179461236
0,0746666667 0,000000179393683
0,0750000000 0,000000179326132
0,0753333333 0,000000179258584
0,0756666667 0,000000179191038
0,0760000000 0,000000179123494
0,0763333333 0,000000179055952
0,0766666667 0,000000178988413
0,0770000000 0,000000178920876
0,0773333333 0,000000178853341
0,0776666667 0,000000178785809
0,0780000000 0,000000178718279
0,0783333333 0,000000178650751
0,0786666667 0,000000178583225
0,0790000000 0,000000178515702
0,0793333333 0,000000178448181
0,0796666667 0,000000178380662
0,0800000000 0,000000178313146
0,0803333333 0,000000178245632
0,0806666667 0,000000178178120
0,0810000000 0,000000178110611
0,0813333333 0,000000178043103
0,0816666667 0,000000177975598
0,0820000000 0,000000177908096
0,0823333333 0,000000177840595
0,0826666667 0,000000177773097
0,0830000000 0,000000177705601
0,0833333333 0,000000177638108
0,0836666667 0,000000177570617
0,0840000000 0,000000177503128
0,0843333333 0,000000177435641
0,0846666667 0,000000177368157
0,0850000000 0,000000177300674
0,0853333333 0,000000177233195
0,0856666667 0,000000177165717
0,0860000000 0,000000177098242
0,0863333333 0,000000177030769
0,0866666667 0,000000176963298
0,0870000000 0,000000176895830
0,0873333333 0,000000176828364
0,0876666667 0,000000176760900
0,0880000000 0,000000176693438
0,0883333333 0,000000176625979
0,0886666667 0,000000176558522
0,0890000000 0,000000176491067
0,0893333333 0,000000176423615
0,0896666667 0,000000176356165
0,0900000000 0,000000176288717
0,0903333333 0,000000176221271
0,0906666667 0,000000176153828
0,0910000000 0,000000176086387
0,0913333333 0,000000176018948
0,0916666667 0,000000175951512
0,0920000000 0,000000175884078
0,0923333333 0,000000175816646
0,0926666667 0,000000175749216
0,0930000000 0,000000175681789
0,0933333333 0,000000175614364
0,0936666667 0,000000175546941
0,0940000000 0,000000175479520
0,0943333333 0,000000175412102
0,0946666667 0,000000175344686
0,0950000000 0,000000175277273
0,0953333333 0,000000175209861
0,0956666667 0,000000175142452
0,0960000000 0,000000175075045
0,0963333333 0,000000175007641
0,0966666667 0,000000174940238
0,0970000000 0,000000174872838
0,0973333333 0,000000174805441
0,0976666667 0,000000174738045
0,0980000000 0,000000174670652
0,0983333333 0,000000174603261
0,0986666667 0,000000174535872
0,0990000000 0,000000174468486
0,0993333333 0,000000174401102
0,0996666667 0,000000174333720
0,1000000000 0,000000174266341
0,1003333333 0,000000174198964
0,1006666667 0,000000174131589
0,1010000000 0,000000174064216
0,1013333333 0,000000173996845
0,1016666667 0,000000173929477
0,1020000000 0,000000173862111
0,1023333333 0,000000173794748
0,1026666667 0,000000173727386
0,1030000000 0,000000173660027
0,1033333333 0,000000173592671
0,1036666667 0,000000173525316
0,1040000000 0,000000173457964
0,1043333333 0,000000173390614
0,1046666667 0,000000173323266
0,1050000000 0,000000173255921
0,1053333333 0,000000173188578
0,1056666667 0,000000173121237
0,1060000000 0,000000173053898
0,1063333333 0,000000172986562
0,1066666667 0,000000172919228
0,1070000000 0,000000172851896
0,1073333333 0,000000172784567
0,1076666667 0,000000172717239
0,1080000000 0,000000172649914
0,1083333333 0,000000172582592
0,1086666667 0,000000172515271
0,1090000000 0,000000172447953
0,1093333333 0,000000172380637
0,1096666667 0,000000172313323
0,1100000000 0,000000172246012
0,1103333333 0,000000172178703
0,1106666667 0,000000172111396
0,1110000000 0,000000172044092
0,1113333333 0,000000171976789
0,1116666667 0,000000171909489
0,1120000000 0,000000171842191
0,1123333333 0,000000171774896
0,1126666667 0,000000171707603
0,1130000000 0,000000171640312
0,1133333333 0,000000171573023
0,1136666667 0,000000171505737
0,1140000000 0,000000171438453
0,1143333333 0,000000171371171
0,1146666667 0,000000171303891
0,1150000000 0,000000171236614
0,1153333333 0,000000171169339
0,1156666667 0,000000171102066
0,1160000000 0,000000171034795
0,1163333333 0,000000170967527
0,1166666667 0,000000170900261
0,1170000000 0,000000170832997
0,1173333333 0,000000170765735
0,1176666667 0,000000170698476
0,1180000000 0,000000170631219
0,1183333333 0,000000170563965
0,1186666667 0,000000170496712
0,1190000000 0,000000170429462
0,1193333333 0,000000170362214
0,1196666667 0,000000170294968
0,1200000000 0,000000170227725
0,1203333333 0,000000170160484
0,1206666667 0,000000170093245
0,1210000000 0,000000170026008
0,1213333333 0,000000169958774
0,1216666667 0,000000169891542
0,1220000000 0,000000169824312
0,1223333333 0,000000169757084
0,1226666667 0,000000169689859
0,1230000000 0,000000169622636
0,1233333333 0,000000169555415
0,1236666667 0,000000169488197
0,1240000000 0,000000169420980
0,1243333333 0,000000169353766
0,1246666667 0,000000169286555
0,1250000000 0,000000169219345
0,1253333333 0,000000169152138
0,1256666667 0,000000169084933
0,1260000000 0,000000169017730
0,1263333333 0,000000168950530
0,1266666667 0,000000168883331
0,1270000000 0,000000168816135
0,1273333333 0,000000168748942
0,1276666667 0,000000168681750
0,1280000000 0,000000168614561
0,1283333333 0,000000168547374
0,1286666667 0,000000168480190
0,1290000000 0,000000168413007
0,1293333333 0,000000168345827
0,1296666667 0,000000168278649
0,1300000000 0,000000168211473
0,1303333333 0,000000168144300
0,1306666667 0,000000168077129
0,1310000000 0,000000168009960
0,1313333333 0,000000167942793
0,1316666667 0,000000167875629
0,1320000000 0,000000167808467
0,1323333333 0,000000167741307
0,1326666667 0,000000167674150
0,1330000000 0,000000167606994
0,1333333333 0,000000167539841
0,1336666667 0,000000167472690
0,1340000000 0,000000167405542
0,1343333333 0,000000167338395
0,1346666667 0,000000167271251
0,1350000000 0,000000167204109
0,1353333333 0,000000167136970
0,1356666667 0,000000167069832
0,1360000000 0,000000167002697
0,1363333333 0,000000166935565
0,1366666667 0,000000166868434
0,1370000000 0,000000166801306
0,1373333333 0,000000166734180
0,1376666667 0,000000166667056
0,1380000000 0,000000166599934
0,1383333333 0,000000166532815
0,1386666667 0,000000166465698
0,1390000000 0,000000166398583
0,1393333333 0,000000166331470
0,1396666667 0,000000166264360
0,1400000000 0,000000166197252
0,1403333333 0,000000166130146
0,1406666667 0,000000166063043
0,1410000000 0,000000165995941
0,1413333333 0,000000165928842
0,1416666667 0,000000165861746
0,1420000000 0,000000165794651
0,1423333333 0,000000165727559
0,1426666667 0,000000165660469
0,1430000000 0,000000165593381
0,1433333333 0,000000165526295
0,1436666667 0,000000165459212
0,1440000000 0,000000165392131
0,1443333333 0,000000165325052
0,1446666667 0,000000165257975
0,1450000000 0,000000165190901
0,1453333333 0,000000165123829
0,1456666667 0,000000165056759
0,1460000000 0,000000164989691
0,1463333333 0,000000164922626
0,1466666667 0,000000164855563
0,1470000000 0,000000164788502
0,1473333333 0,000000164721443
0,1476666667 0,000000164654387
0,1480000000 0,000000164587333
0,1483333333 0,000000164520281
0,1486666667 0,000000164453231
0,1490000000 0,000000164386184
0,1493333333 0,000000164319139
0,1496666667 0,000000164252096
0,1500000000 0,000000164185055
0,1503333333 0,000000164118017
0,1506666667 0,000000164050980
0,1510000000 0,000000163983946
0,1513333333 0,000000163916915
0,1516666667 0,000000163849885
0,1520000000 0,000000163782858
0,1523333333 0,000000163715833
0,1526666667 0,000000163648810
0,1530000000 0,000000163581790
0,1533333333 0,000000163514772
0,1536666667 0,000000163447756
0,1540000000 0,000000163380742
0,1543333333 0,000000163313730
0,1546666667 0,000000163246721
0,1550000000 0,000000163179714
0,1553333333 0,000000163112709
0,1556666667 0,000000163045706
0,1560000000 0,000000162978706
0,1563333333 0,000000162911708
0,1566666667 0,000000162844712
0,1570000000 0,000000162777719
0,1573333333 0,000000162710727
0,1576666667 0,000000162643738
0,1580000000 0,000000162576751
0,1583333333 0,000000162509766
0,1586666667 0,000000162442784
0,1590000000 0,000000162375804
0,1593333333 0,000000162308826
0,1596666667 0,000000162241850
0,1600000000 0,000000162174877
0,1603333333 0,000000162107905
0,1606666667 0,000000162040936
0,1610000000 0,000000161973970
0,1613333333 0,000000161907005
0,1616666667 0,000000161840043
0,1620000000 0,000000161773083
0,1623333333 0,000000161706125
0,1626666667 0,000000161639169
0,1630000000 0,000000161572216
0,1633333333 0,000000161505265
0,1636666667 0,000000161438316
0,1640000000 0,000000161371369
0,1643333333 0,000000161304425
0,1646666667 0,000000161237483
0,1650000000 0,000000161170543
0,1653333333 0,000000161103605
0,1656666667 0,000000161036669
0,1660000000 0,000000160969736
0,1663333333 0,000000160902805
0,1666666667 0,000000160835876
0,1670000000 0,000000160768950
0,1673333333 0,000000160702025
0,1676666667 0,000000160635103
0,1680000000 0,000000160568184
0,1683333333 0,000000160501266
0,1686666667 0,000000160434350
0,1690000000 0,000000160367437
0,1693333333 0,000000160300526
0,1696666667 0,000000160233618
0,1700000000 0,000000160166711
0,1703333333 0,000000160099807
0,1706666667 0,000000160032905
0,1710000000 0,000000159966005
0,1713333333 0,000000159899108
0,1716666667 0,000000159832212
0,1720000000 0,000000159765319
0,1723333333 0,000000159698428
0,1726666667 0,000000159631540
0,1730000000 0,000000159564653
0,1733333333 0,000000159497769
0,1736666667 0,000000159430887
0,1740000000 0,000000159364007
0,1743333333 0,000000159297130
0,1746666667 0,000000159230255
0,1750000000 0,000000159163382
0,1753333333 0,000000159096511
0,1756666667 0,000000159029642
0,1760000000 0,000000158962776
0,1763333333 0,000000158895912
0,1766666667 0,000000158829050
0,1770000000 0,000000158762190
0,1773333333 0,000000158695333
0,1776666667 0,000000158628477
0,1780000000 0,000000158561624
0,1783333333 0,000000158494774
0,1786666667 0,000000158427925
0,1790000000 0,000000158361079
0,1793333333 0,000000158294235
0,1796666667 0,000000158227393
0,1800000000 0,000000158160553
0,1803333333 0,000000158093716
0,1806666667 0,000000158026880
0,1810000000 0,000000157960047
0,1813333333 0,000000157893217
0,1816666667 0,000000157826388
0,1820000000 0,000000157759562
0,1823333333 0,000000157692738
0,1826666667 0,000000157625916
0,1830000000 0,000000157559096
0,1833333333 0,000000157492279
0,1836666667 0,000000157425464
0,1840000000 0,000000157358651
0,1843333333 0,000000157291840
0,1846666667 0,000000157225031
0,1850000000 0,000000157158225
0,1853333333 0,000000157091421
0,1856666667 0,000000157024619
0,1860000000 0,000000156957819
0,1863333333 0,000000156891022
0,1866666667 0,000000156824227
0,1870000000 0,000000156757434
0,1873333333 0,000000156690643
0,1876666667 0,000000156623854
0,1880000000 0,000000156557068
0,1883333333 0,000000156490284
0,1886666667 0,000000156423502
0,1890000000 0,000000156356722
0,1893333333 0,000000156289945
0,1896666667 0,000000156223170
0,1900000000 0,000000156156397
0,1903333333 0,000000156089626
0,1906666667 0,000000156022857
0,1910000000 0,000000155956091
0,1913333333 0,000000155889327
0,1916666667 0,000000155822565
0,1920000000 0,000000155755805
0,1923333333 0,000000155689048
0,1926666667 0,000000155622292
0,1930000000 0,000000155555539
0,1933333333 0,000000155488788
0,1936666667 0,000000155422040
0,1940000000 0,000000155355293
0,1943333333 0,000000155288549
0,1946666667 0,000000155221807
0,1950000000 0,000000155155067
0,1953333333 0,000000155088330
0,1956666667 0,000000155021595
0,1960000000 0,000000154954861
0,1963333333 0,000000154888131
0,1966666667 0,000000154821402
0,1970000000 0,000000154754675
0,1973333333 0,000000154687951
0,1976666667 0,000000154621229
0,1980000000 0,000000154554509
0,1983333333 0,000000154487792
0,1986666667 0,000000154421076
0,1990000000 0,000000154354363
0,1993333333 0,000000154287652
0,1996666667 0,000000154220943
0,2000000000 0,000000154154237
0,2003333333 0,000000154087532
0,2006666667 0,000000154020830
0,2010000000 0,000000153954130
0,2013333333 0,000000153887432
0,2016666667 0,000000153820737
0,2020000000 0,000000153754044
0,2023333333 0,000000153687352
0,2026666667 0,000000153620664
0,2030000000 0,000000153553977
0,2033333333 0,000000153487292
0,2036666667 0,000000153420610
0,2040000000 0,000000153353930
0,2043333333 0,000000153287252
0,2046666667 0,000000153220577
0,2050000000 0,000000153153903
0,2053333333 0,000000153087232
0,2056666667 0,000000153020563
0,2060000000 0,000000152953896
0,2063333333 0,000000152887232
0,2066666667 0,000000152820569
0,2070000000 0,000000152753909
0,2073333333 0,000000152687251
0,2076666667 0,000000152620595
0,2080000000 0,000000152553942
0,2083333333 0,000000152487291
0,2086666667 0,000000152420641
0,2090000000 0,000000152353995
0,2093333333 0,000000152287350
0,2096666667 0,000000152220707
0,2100000000 0,000000152154067
0,2103333333 0,000000152087429
0,2106666667 0,000000152020793
0,2110000000 0,000000151954159
0,2113333333 0,000000151887528
0,2116666667 0,000000151820899
0,2120000000 0,000000151754271
0,2123333333 0,000000151687647
0,2126666667 0,000000151621024
0,2130000000 0,000000151554403
0,2133333333 0,000000151487785
0,2136666667 0,000000151421169
0,2140000000 0,000000151354555
0,2143333333 0,000000151287944
0,2146666667 0,000000151221334
0,2150000000 0,000000151154727
0,2153333333 0,000000151088122
0,2156666667 0,000000151021519
0,2160000000 0,000000150954918
0,2163333333 0,000000150888320
0,2166666667 0,000000150821724
0,2170000000 0,000000150755130
0,2173333333 0,000000150688538
0,2176666667 0,000000150621948
0,2180000000 0,000000150555361
0,2183333333 0,000000150488776
0,2186666667 0,000000150422193
0,2190000000 0,000000150355612
0,2193333333 0,000000150289033
0,2196666667 0,000000150222457
0,2200000000 0,000000150155882
0,2203333333 0,000000150089310
0,2206666667 0,000000150022741
0,2210000000 0,000000149956173
0,2213333333 0,000000149889608
0,2216666667 0,000000149823044
0,2220000000 0,000000149756483
0,2223333333 0,000000149689924
0,2226666667 0,000000149623368
0,2230000000 0,000000149556813
0,2233333333 0,000000149490261
0,2236666667 0,000000149423711
0,2240000000 0,000000149357163
0,2243333333 0,000000149290618
0,2246666667 0,000000149224074
0,2250000000 0,000000149157533
0,2253333333 0,000000149090994
0,2256666667 0,000000149024457
0,2260000000 0,000000148957922
0,2263333333 0,000000148891390
0,2266666667 0,000000148824860
0,2270000000 0,000000148758332
0,2273333333 0,000000148691806
0,2276666667 0,000000148625282
0,2280000000 0,000000148558760
0,2283333333 0,000000148492241
0,2286666667 0,000000148425724
0,2290000000 0,000000148359209
0,2293333333 0,000000148292696
0,2296666667 0,000000148226186
0,2300000000 0,000000148159678
0,2303333333 0,000000148093171
0,2306666667 0,000000148026668
0,2310000000 0,000000147960166
0,2313333333 0,000000147893666
0,2316666667 0,000000147827169
0,2320000000 0,000000147760674
0,2323333333 0,000000147694181
0,2326666667 0,000000147627690
0,2330000000 0,000000147561201
0,2333333333 0,000000147494715
0,2336666667 0,000000147428231
0,2340000000 0,000000147361749
0,2343333333 0,000000147295269
0,2346666667 0,000000147228791
0,2350000000 0,000000147162316
0,2353333333 0,000000147095843
0,2356666667 0,000000147029371
0,2360000000 0,000000146962903
0,2363333333 0,000000146896436
0,2366666667 0,000000146829971
0,2370000000 0,000000146763509
0,2373333333 0,000000146697049
0,2376666667 0,000000146630591
0,2380000000 0,000000146564135
0,2383333333 0,000000146497682
0,2386666667 0,000000146431230
0,2390000000 0,000000146364781
0,2393333333 0,000000146298334
0,2396666667 0,000000146231889
0,2400000000 0,000000146165447
0,2403333333 0,000000146099006
0,2406666667 0,000000146032568
0,2410000000 0,000000145966132
0,2413333333 0,000000145899698
0,2416666667 0,000000145833267
0,2420000000 0,000000145766837
0,2423333333 0,000000145700410
0,2426666667 0,000000145633985
0,2430000000 0,000000145567562
0,2433333333 0,000000145501141
0,2436666667 0,000000145434722
0,2440000000 0,000000145368306
0,2443333333 0,000000145301892
0,2446666667 0,000000145235480
0,2450000000 0,000000145169070
0,2453333333 0,000000145102662
0,2456666667 0,000000145036257
0,2460000000 0,000000144969854
0,2463333333 0,000000144903453
0,2466666667 0,000000144837054
0,2470000000 0,000000144770657
0,2473333333 0,000000144704262
0,2476666667 0,000000144637870
0,2480000000 0,000000144571480
0,2483333333 0,000000144505092
0,2486666667 0,000000144438706
0,2490000000 0,000000144372323
0,2493333333 0,000000144305941
0,2496666667 0,000000144239562
0,2500000000 0,000000144173185
0,2503333333 0,000000144106810
0,2506666667 0,000000144040437
0,2510000000 0,000000143974067
0,2513333333 0,000000143907698
0,2516666667 0,000000143841332
0,2520000000 0,000000143774968
0,2523333333 0,000000143708606
0,2526666667 0,000000143642247
0,2530000000 0,000000143575889
0,2533333333 0,000000143509534
0,2536666667 0,000000143443181
0,2540000000 0,000000143376830
0,2543333333 0,000000143310481
0,2546666667 0,000000143244135
0,2550000000 0,000000143177790
0,2553333333 0,000000143111448
0,2556666667 0,000000143045108
0,2560000000 0,000000142978770
0,2563333333 0,000000142912435
0,2566666667 0,000000142846101
0,2570000000 0,000000142779770
0,2573333333 0,000000142713441
0,2576666667 0,000000142647114
0,2580000000 0,000000142580789
0,2583333333 0,000000142514466
0,2586666667 0,000000142448146
0,2590000000 0,000000142381828
0,2593333333 0,000000142315512
0,2596666667 0,000000142249198
0,2600000000 0,000000142182886
0,2603333333 0,000000142116576
0,2606666667 0,000000142050269
0,2610000000 0,000000141983964
0,2613333333 0,000000141917661
0,2616666667 0,000000141851360
0,2620000000 0,000000141785061
0,2623333333 0,000000141718765
0,2626666667 0,000000141652471
0,2630000000 0,000000141586178
0,2633333333 0,000000141519888
0,2636666667 0,000000141453601
0,2640000000 0,000000141387315
0,2643333333 0,000000141321032
0,2646666667 0,000000141254750
0,2650000000 0,000000141188471
0,2653333333 0,000000141122194
0,2656666667 0,000000141055919
0,2660000000 0,000000140989647
0,2663333333 0,000000140923376
0,2666666667 0,000000140857108
0,2670000000 0,000000140790842
0,2673333333 0,000000140724578
0,2676666667 0,000000140658316
0,2680000000 0,000000140592057
0,2683333333 0,000000140525799
0,2686666667 0,000000140459544
0,2690000000 0,000000140393291
0,2693333333 0,000000140327040
0,2696666667 0,000000140260792
0,2700000000 0,000000140194545
0,2703333333 0,000000140128301
0,2706666667 0,000000140062059
0,2710000000 0,000000139995818
0,2713333333 0,000000139929581
0,2716666667 0,000000139863345
0,2720000000 0,000000139797111
0,2723333333 0,000000139730880
0,2726666667 0,000000139664651
0,2730000000 0,000000139598424
0,2733333333 0,000000139532199
0,2736666667 0,000000139465976
0,2740000000 0,000000139399756
0,2743333333 0,000000139333537
0,2746666667 0,000000139267321
0,2750000000 0,000000139201107
0,2753333333 0,000000139134895
0,2756666667 0,000000139068686
0,2760000000 0,000000139002478
0,2763333333 0,000000138936273
0,2766666667 0,000000138870070
0,2770000000 0,000000138803869
0,2773333333 0,000000138737670
0,2776666667 0,000000138671473
0,2780000000 0,000000138605278
0,2783333333 0,000000138539086
0,2786666667 0,000000138472896
0,2790000000 0,000000138406708
0,2793333333 0,000000138340522
0,2796666667 0,000000138274338
0,2800000000 0,000000138208157
0,2803333333 0,000000138141977
0,2806666667 0,000000138075800
0,2810000000 0,000000138009625
0,2813333333 0,000000137943452
0,2816666667 0,000000137877281
0,2820000000 0,000000137811113
0,2823333333 0,000000137744946
0,2826666667 0,000000137678782
0,2830000000 0,000000137612620
0,2833333333 0,000000137546460
0,2836666667 0,000000137480302
0,2840000000 0,000000137414147
0,2843333333 0,000000137347993
0,2846666667 0,000000137281842
0,2850000000 0,000000137215693
0,2853333333 0,000000137149546
0,2856666667 0,000000137083401
0,2860000000 0,000000137017259
0,2863333333 0,000000136951118
0,2866666667 0,000000136884980
0,2870000000 0,000000136818844
0,2873333333 0,000000136752710
0,2876666667 0,000000136686578
0,2880000000 0,000000136620448
0,2883333333 0,000000136554321
0,2886666667 0,000000136488195
0,2890000000 0,000000136422072
0,2893333333 0,000000136355951
0,2896666667 0,000000136289832
0,2900000000 0,000000136223715
0,2903333333 0,000000136157601
0,2906666667 0,000000136091488
0,2910000000 0,000000136025378
0,2913333333 0,000000135959270
0,2916666667 0,000000135893164
0,2920000000 0,000000135827060
0,2923333333 0,000000135760959
0,2926666667 0,000000135694859
0,2930000000 0,000000135628762
0,2933333333 0,000000135562667
0,2936666667 0,000000135496574
0,2940000000 0,000000135430483
0,2943333333 0,000000135364394
0,2946666667 0,000000135298308
0,2950000000 0,000000135232223
0,2953333333 0,000000135166141
0,2956666667 0,000000135100061
0,2960000000 0,000000135033983
0,2963333333 0,000000134967907
0,2966666667 0,000000134901834
0,2970000000 0,000000134835762
0,2973333333 0,000000134769693
0,2976666667 0,000000134703626
0,2980000000 0,000000134637561
0,2983333333 0,000000134571498
0,2986666667 0,000000134505437
0,2990000000 0,000000134439379
0,2993333333 0,000000134373322
0,2996666667 0,000000134307268
0,3000000000 0,000000134241216
0,3003333333 0,000000134175166
0,3006666667 0,000000134109118
0,3010000000 0,000000134043073
0,3013333333 0,000000133977029
0,3016666667 0,000000133910988
0,3020000000 0,000000133844949
0,3023333333 0,000000133778912
0,3026666667 0,000000133712877
0,3030000000 0,000000133646844
0,3033333333 0,000000133580814
0,3036666667 0,000000133514785
0,3040000000 0,000000133448759
0,3043333333 0,000000133382735
0,3046666667 0,000000133316713
0,3050000000 0,000000133250693
0,3053333333 0,000000133184675
0,3056666667 0,000000133118660
0,3060000000 0,000000133052646
0,3063333333 0,000000132986635
0,3066666667 0,000000132920626
0,3070000000 0,000000132854619
0,3073333333 0,000000132788614
0,3076666667 0,000000132722612
0,3080000000 0,000000132656611
0,3083333333 0,000000132590613
0,3086666667 0,000000132524617
0,3090000000 0,000000132458623
0,3093333333 0,000000132392631
0,3096666667 0,000000132326641
0,3100000000 0,000000132260653
0,3103333333 0,000000132194668
0,3106666667 0,000000132128684
0,3110000000 0,000000132062703
0,3113333333 0,000000131996724
0,3116666667 0,000000131930747
0,3120000000 0,000000131864773
0,3123333333 0,000000131798800
0,3126666667 0,000000131732830
0,3130000000 0,000000131666861
0,3133333333 0,000000131600895
0,3136666667 0,000000131534931
0,3140000000 0,000000131468969
0,3143333333 0,000000131403009
0,3146666667 0,000000131337052
0,3150000000 0,000000131271096
0,3153333333 0,000000131205143
0,3156666667 0,000000131139192
0,3160000000 0,000000131073243
0,3163333333 0,000000131007296
0,3166666667 0,000000130941351
0,3170000000 0,000000130875409
0,3173333333 0,000000130809468
0,3176666667 0,000000130743530
0,3180000000 0,000000130677594
0,3183333333 0,000000130611660
0,3186666667 0,000000130545728
0,3190000000 0,000000130479798
0,3193333333 0,000000130413871
0,3196666667 0,000000130347945
0,3200000000 0,000000130282022
0,3203333333 0,000000130216101
0,3206666667 0,000000130150182
0,3210000000 0,000000130084265
0,3213333333 0,000000130018350
0,3216666667 0,000000129952437
0,3220000000 0,000000129886527
0,3223333333 0,000000129820618
0,3226666667 0,000000129754712
0,3230000000 0,000000129688808
0,3233333333 0,000000129622906
0,3236666667 0,000000129557006
0,3240000000 0,000000129491109
0,3243333333 0,000000129425213
0,3246666667 0,000000129359320
0,3250000000 0,000000129293429
0,3253333333 0,000000129227540
0,3256666667 0,000000129161653
0,3260000000 0,000000129095768
0,3263333333 0,000000129029885
0,3266666667 0,000000128964005
0,3270000000 0,000000128898126
0,3273333333 0,000000128832250
0,3276666667 0,000000128766376
0,3280000000 0,000000128700504
0,3283333333 0,000000128634634
0,3286666667 0,000000128568766
0,3290000000 0,000000128502900
0,3293333333 0,000000128437037
0,3296666667 0,000000128371176
0,3300000000 0,000000128305316
0,3303333333 0,000000128239459
0,3306666667 0,000000128173604
0,3310000000 0,000000128107752
0,3313333333 0,000000128041901
0,3316666667 0,000000127976052
0,3320000000 0,000000127910206
0,3323333333 0,000000127844362
0,3326666667 0,000000127778520
0,3330000000 0,000000127712680
0,3333333333 0,000000127646842
0,3336666667 0,000000127581006
0,3340000000 0,000000127515172
0,3343333333 0,000000127449341
0,3346666667 0,000000127383512
0,3350000000 0,000000127317684
0,3353333333 0,000000127251859
0,3356666667 0,000000127186036
0,3360000000 0,000000127120215
0,3363333333 0,000000127054397
0,3366666667 0,000000126988580
0,3370000000 0,000000126922766
0,3373333333 0,000000126856954
0,3376666667 0,000000126791143
0,3380000000 0,000000126725335
0,3383333333 0,000000126659529
0,3386666667 0,000000126593726
0,3390000000 0,000000126527924
0,3393333333 0,000000126462124
0,3396666667 0,000000126396327
0,3400000000 0,000000126330532
0,3403333333 0,000000126264739
0,3406666667 0,000000126198948
0,3410000000 0,000000126133159
0,3413333333 0,000000126067372
0,3416666667 0,000000126001587
0,3420000000 0,000000125935805
0,3423333333 0,000000125870025
0,3426666667 0,000000125804246
0,3430000000 0,000000125738470
0,3433333333 0,000000125672696
0,3436666667 0,000000125606924
0,3440000000 0,000000125541155
0,3443333333 0,000000125475387
0,3446666667 0,000000125409622
0,3450000000 0,000000125343858
0,3453333333 0,000000125278097
0,3456666667 0,000000125212338
0,3460000000 0,000000125146581
0,3463333333 0,000000125080826
0,3466666667 0,000000125015073
0,3470000000 0,000000124949323
0,3473333333 0,000000124883574
0,3476666667 0,000000124817828
0,3480000000 0,000000124752084
0,3483333333 0,000000124686342
0,3486666667 0,000000124620602
0,3490000000 0,000000124554864
0,3493333333 0,000000124489128
0,3496666667 0,000000124423394
0,3500000000 0,000000124357663
0,3503333333 0,000000124291934
0,3506666667 0,000000124226206
0,3510000000 0,000000124160481
0,3513333333 0,000000124094758
0,3516666667 0,000000124029037
0,3520000000 0,000000123963319
0,3523333333 0,000000123897602
0,3526666667 0,000000123831887
0,3530000000 0,000000123766175
0,3533333333 0,000000123700465
0,3536666667 0,000000123634757
0,3540000000 0,000000123569051
0,3543333333 0,000000123503347
0,3546666667 0,000000123437645
0,3550000000 0,000000123371945
0,3553333333 0,000000123306248
0,3556666667 0,000000123240552
0,3560000000 0,000000123174859
0,3563333333 0,000000123109168
0,3566666667 0,000000123043479
0,3570000000 0,000000122977792
0,3573333333 0,000000122912107
0,3576666667 0,000000122846424
0,3580000000 0,000000122780744
0,3583333333 0,000000122715065
0,3586666667 0,000000122649389
0,3590000000 0,000000122583715
0,3593333333 0,000000122518042
0,3596666667 0,000000122452372
0,3600000000 0,000000122386705
0,3603333333 0,000000122321039
0,3606666667 0,000000122255375
0,3610000000 0,000000122189714
0,3613333333 0,000000122124054
0,3616666667 0,000000122058397
0,3620000000 0,000000121992742
0,3623333333 0,000000121927089
0,3626666667 0,000000121861438
0,3630000000 0,000000121795789
0,3633333333 0,000000121730142
0,3636666667 0,000000121664497
0,3640000000 0,000000121598855
0,3643333333 0,000000121533215
0,3646666667 0,000000121467576
0,3650000000 0,000000121401940
0,3653333333 0,000000121336306
0,3656666667 0,000000121270674
0,3660000000 0,000000121205044
0,3663333333 0,000000121139417
0,3666666667 0,000000121073791
0,3670000000 0,000000121008168
0,3673333333 0,000000120942546
0,3676666667 0,000000120876927
0,3680000000 0,000000120811310
0,3683333333 0,000000120745695
0,3686666667 0,000000120680082
0,3690000000 0,000000120614471
0,3693333333 0,000000120548862
0,3696666667 0,000000120483256
0,3700000000 0,000000120417651
0,3703333333 0,000000120352049
0,3706666667 0,000000120286449
0,3710000000 0,000000120220851
0,3713333333 0,000000120155255
0,3716666667 0,000000120089661
0,3720000000 0,000000120024069
0,3723333333 0,000000119958479
0,3726666667 0,000000119892892
0,3730000000 0,000000119827306
0,3733333333 0,000000119761723
0,3736666667 0,000000119696142
0,3740000000 0,000000119630563
0,3743333333 0,000000119564986
0,3746666667 0,000000119499411
0,3750000000 0,000000119433838
0,3753333333 0,000000119368267
0,3756666667 0,000000119302699
0,3760000000 0,000000119237132
0,3763333333 0,000000119171568
0,3766666667 0,000000119106005
0,3770000000 0,000000119040445
0,3773333333 0,000000118974887
0,3776666667 0,000000118909331
0,3780000000 0,000000118843777
0,3783333333 0,000000118778226
0,3786666667 0,000000118712676
0,3790000000 0,000000118647129
0,3793333333 0,000000118581583
0,3796666667 0,000000118516040
0,3800000000 0,000000118450499
0,3803333333 0,000000118384960
0,3806666667 0,000000118319423
0,3810000000 0,000000118253888
0,3813333333 0,000000118188355
0,3816666667 0,000000118122824
0,3820000000 0,000000118057296
0,3823333333 0,000000117991769
0,3826666667 0,000000117926245
0,3830000000 0,000000117860723
0,3833333333 0,000000117795202
0,3836666667 0,000000117729684
0,3840000000 0,000000117664168
0,3843333333 0,000000117598655
0,3846666667 0,000000117533143
0,3850000000 0,000000117467633
0,3853333333 0,000000117402126
0,3856666667 0,000000117336620
0,3860000000 0,000000117271117
0,3863333333 0,000000117205616
0,3866666667 0,000000117140117
0,3870000000 0,000000117074620
0,3873333333 0,000000117009125
0,3876666667 0,000000116943632
0,3880000000 0,000000116878141
0,3883333333 0,000000116812653
0,3886666667 0,000000116747166
0,3890000000 0,000000116681682
0,3893333333 0,000000116616199
0,3896666667 0,000000116550719
0,3900000000 0,000000116485241
0,3903333333 0,000000116419765
0,3906666667 0,000000116354291
0,3910000000 0,000000116288819
0,3913333333 0,000000116223350
0,3916666667 0,000000116157882
0,3920000000 0,000000116092416
0,3923333333 0,000000116026953
0,3926666667 0,000000115961492
0,3930000000 0,000000115896033
0,3933333333 0,000000115830575
0,3936666667 0,000000115765120
0,3940000000 0,000000115699667
0,3943333333 0,000000115634217
0,3946666667 0,000000115568768
0,3950000000 0,000000115503321
0,3953333333 0,000000115437877
0,3956666667 0,000000115372434
0,3960000000 0,000000115306994
0,3963333333 0,000000115241556
0,3966666667 0,000000115176120
0,3970000000 0,000000115110686
0,3973333333 0,000000115045254
0,3976666667 0,000000114979824
0,3980000000 0,000000114914396
0,3983333333 0,000000114848970
0,3986666667 0,000000114783547
0,3990000000 0,000000114718125
0,3993333333 0,000000114652706
0,3996666667 0,000000114587289
0,4000000000 0,000000114521873
0,4003333333 0,000000114456460
0,4006666667 0,000000114391049
0,4010000000 0,000000114325640
0,4013333333 0,000000114260234
0,4016666667 0,000000114194829
0,4020000000 0,000000114129426
0,4023333333 0,000000114064026
0,4026666667 0,000000113998627
0,4030000000 0,000000113933231
0,4033333333 0,000000113867837
0,4036666667 0,000000113802445
0,4040000000 0,000000113737055
0,4043333333 0,000000113671667
0,4046666667 0,000000113606281
0,4050000000 0,000000113540897
0,4053333333 0,000000113475515
0,4056666667 0,000000113410136
0,4060000000 0,000000113344758
0,4063333333 0,000000113279383
0,4066666667 0,000000113214009
0,4070000000 0,000000113148638
0,4073333333 0,000000113083269
0,4076666667 0,000000113017902
0,4080000000 0,000000112952537
0,4083333333 0,000000112887174
0,4086666667 0,000000112821813
0,4090000000 0,000000112756454
0,4093333333 0,000000112691098
0,4096666667 0,000000112625743
0,4100000000 0,000000112560391
0,4103333333 0,000000112495041
0,4106666667 0,000000112429692
0,4110000000 0,000000112364346
0,4113333333 0,000000112299002
0,4116666667 0,000000112233660
0,4120000000 0,000000112168320
0,4123333333 0,000000112102982
0,4126666667 0,000000112037647
0,4130000000 0,000000111972313
0,4133333333 0,000000111906981
0,4136666667 0,000000111841652
0,4140000000 0,000000111776325
0,4143333333 0,000000111710999
0,4146666667 0,000000111645676
0,4150000000 0,000000111580355
0,4153333333 0,000000111515036
0,4156666667 0,000000111449719
0,4160000000 0,000000111384404
0,4163333333 0,000000111319091
0,4166666667 0,000000111253781
0,4170000000 0,000000111188472
0,4173333333 0,000000111123166
0,4176666667 0,000000111057861
0,4180000000 0,000000110992559
0,4183333333 0,000000110927258
0,4186666667 0,000000110861960
0,4190000000 0,000000110796664
0,4193333333 0,000000110731370
0,4196666667 0,000000110666078
0,4200000000 0,000000110600788
0,4203333333 0,000000110535501
0,4206666667 0,000000110470215
0,4210000000 0,000000110404931
0,4213333333 0,000000110339650
0,4216666667 0,000000110274370
0,4220000000 0,000000110209093
0,4223333333 0,000000110143818
0,4226666667 0,000000110078545
0,4230000000 0,000000110013273
0,4233333333 0,000000109948004
0,4236666667 0,000000109882737
0,4240000000 0,000000109817473
0,4243333333 0,000000109752210
0,4246666667 0,000000109686949
0,4250000000 0,000000109621691
0,4253333333 0,000000109556434
0,4256666667 0,000000109491180
0,4260000000 0,000000109425927
0,4263333333 0,000000109360677
0,4266666667 0,000000109295429
0,4270000000 0,000000109230183
0,4273333333 0,000000109164938
0,4276666667 0,000000109099696
0,4280000000 0,000000109034457
0,4283333333 0,000000108969219
0,4286666667 0,000000108903983
0,4290000000 0,000000108838749
0,4293333333 0,000000108773518
0,4296666667 0,000000108708288
0,4300000000 0,000000108643061
0,4303333333 0,000000108577835
0,4306666667 0,000000108512612
0,4310000000 0,000000108447391
0,4313333333 0,000000108382172
0,4316666667 0,000000108316955
0,4320000000 0,000000108251740
0,4323333333 0,000000108186527
0,4326666667 0,000000108121316
0,4330000000 0,000000108056107
0,4333333333 0,000000107990901
0,4336666667 0,000000107925696
0,4340000000 0,000000107860494
0,4343333333 0,000000107795293
0,4346666667 0,000000107730095
0,4350000000 0,000000107664899
0,4353333333 0,000000107599704
0,4356666667 0,000000107534512
0,4360000000 0,000000107469322
0,4363333333 0,000000107404134
0,4366666667 0,000000107338948
0,4370000000 0,000000107273765
0,4373333333 0,000000107208583
0,4376666667 0,000000107143403
0,4380000000 0,000000107078225
0,4383333333 0,000000107013050
0,4386666667 0,000000106947876
0,4390000000 0,000000106882705
0,4393333333 0,000000106817536
0,4396666667 0,000000106752369
0,4400000000 0,000000106687203
0,4403333333 0,000000106622040
0,4406666667 0,000000106556879
0,4410000000 0,000000106491720
0,4413333333 0,000000106426563
0,4416666667 0,000000106361409
0,4420000000 0,000000106296256
0,4423333333 0,000000106231105
0,4426666667 0,000000106165957
0,4430000000 0,000000106100810
0,4433333333 0,000000106035666
0,4436666667 0,000000105970523
0,4440000000 0,000000105905383
0,4443333333 0,000000105840245
0,4446666667 0,000000105775108
0,4450000000 0,000000105709974
0,4453333333 0,000000105644842
0,4456666667 0,000000105579712
0,4460000000 0,000000105514584
0,4463333333 0,000000105449459
0,4466666667 0,000000105384335
0,4470000000 0,000000105319213
0,4473333333 0,000000105254094
0,4476666667 0,000000105188976
0,4480000000 0,000000105123860
0,4483333333 0,000000105058747
0,4486666667 0,000000104993636
0,4490000000 0,000000104928526
0,4493333333 0,000000104863419
0,4496666667 0,000000104798314
0,4500000000 0,000000104733211
0,4503333333 0,000000104668110
0,4506666667 0,000000104603011
0,4510000000 0,000000104537914
0,4513333333 0,000000104472819
0,4516666667 0,000000104407727
0,4520000000 0,000000104342636
0,4523333333 0,000000104277547
0,4526666667 0,000000104212461
0,4530000000 0,000000104147376
0,4533333333 0,000000104082294
0,4536666667 0,000000104017213
0,4540000000 0,000000103952135
0,4543333333 0,000000103887059
0,4546666667 0,000000103821985
0,4550000000 0,000000103756913
0,4553333333 0,000000103691843
0,4556666667 0,000000103626775
0,4560000000 0,000000103561709
0,4563333333 0,000000103496645
0,4566666667 0,000000103431583
0,4570000000 0,000000103366523
0,4573333333 0,000000103301466
0,4576666667 0,000000103236410
0,4580000000 0,000000103171357
0,4583333333 0,000000103106305
0,4586666667 0,000000103041256
0,4590000000 0,000000102976208
0,4593333333 0,000000102911163
0,4596666667 0,000000102846120
0,4600000000 0,000000102781079
0,4603333333 0,000000102716040
0,4606666667 0,000000102651003
0,4610000000 0,000000102585968
0,4613333333 0,000000102520935
0,4616666667 0,000000102455904
0,4620000000 0,000000102390875
0,4623333333 0,000000102325848
0,4626666667 0,000000102260824
0,4630000000 0,000000102195801
0,4633333333 0,000000102130780
0,4636666667 0,000000102065762
0,4640000000 0,000000102000746
0,4643333333 0,000000101935731
0,4646666667 0,000000101870719
0,4650000000 0,000000101805709
0,4653333333 0,000000101740700
0,4656666667 0,000000101675694
0,4660000000 0,000000101610690
0,4663333333 0,000000101545688
0,4666666667 0,000000101480688
0,4670000000 0,000000101415690
0,4673333333 0,000000101350694
0,4676666667 0,000000101285701
0,4680000000 0,000000101220709
0,4683333333 0,000000101155719
0,4686666667 0,000000101090732
0,4690000000 0,000000101025746
0,4693333333 0,000000100960763
0,4696666667 0,000000100895781
0,4700000000 0,000000100830802
0,4703333333 0,000000100765824
0,4706666667 0,000000100700849
0,4710000000 0,000000100635876
0,4713333333 0,000000100570905
0,4716666667 0,000000100505936
0,4720000000 0,000000100440969
0,4723333333 0,000000100376004
0,4726666667 0,000000100311041
0,4730000000 0,000000100246080
0,4733333333 0,000000100181121
0,4736666667 0,000000100116164
0,4740000000 0,000000100051209
0,4743333333 0,000000099986257
0,4746666667 0,000000099921306
0,4750000000 0,000000099856357
0,4753333333 0,000000099791411
0,4756666667 0,000000099726466
0,4760000000 0,000000099661524
0,4763333333 0,000000099596584
0,4766666667 0,000000099531645
0,4770000000 0,000000099466709
0,4773333333 0,000000099401775
0,4776666667 0,000000099336843
0,4780000000 0,000000099271913
0,4783333333 0,000000099206985
0,4786666667 0,000000099142059
0,4790000000 0,000000099077135
0,4793333333 0,000000099012213
0,4796666667 0,000000098947293
0,4800000000 0,000000098882375
0,4803333333 0,000000098817459
0,4806666667 0,000000098752546
0,4810000000 0,000000098687634
0,4813333333 0,000000098622724
0,4816666667 0,000000098557817
0,4820000000 0,000000098492911
0,4823333333 0,000000098428008
0,4826666667 0,000000098363107
0,4830000000 0,000000098298207
0,4833333333 0,000000098233310
0,4836666667 0,000000098168415
0,4840000000 0,000000098103521
0,4843333333 0,000000098038630
0,4846666667 0,000000097973741
0,4850000000 0,000000097908854
0,4853333333 0,000000097843969
0,4856666667 0,000000097779086
0,4860000000 0,000000097714205
0,4863333333 0,000000097649326
0,4866666667 0,000000097584450
0,4870000000 0,000000097519575
0,4873333333 0,000000097454702
0,4876666667 0,000000097389831
0,4880000000 0,000000097324963
0,4883333333 0,000000097260096
0,4886666667 0,000000097195232
0,4890000000 0,000000097130369
0,4893333333 0,000000097065509
0,4896666667 0,000000097000650
0,4900000000 0,000000096935794
0,4903333333 0,000000096870940
0,4906666667 0,000000096806087
0,4910000000 0,000000096741237
0,4913333333 0,000000096676389
0,4916666667 0,000000096611543
0,4920000000 0,000000096546699
0,4923333333 0,000000096481857
0,4926666667 0,000000096417017
0,4930000000 0,000000096352179
0,4933333333 0,000000096287343
0,4936666667 0,000000096222509
0,4940000000 0,000000096157677
0,4943333333 0,000000096092847
0,4946666667 0,000000096028020
0,4950000000 0,000000095963194
0,4953333333 0,000000095898370
0,4956666667 0,000000095833549
0,4960000000 0,000000095768729
0,4963333333 0,000000095703912
0,4966666667 0,000000095639096
0,4970000000 0,000000095574283
0,4973333333 0,000000095509471
0,4976666667 0,000000095444662
0,4980000000 0,000000095379855
0,4983333333 0,000000095315049
0,4986666667 0,000000095250246
0,4990000000 0,000000095185445
0,4993333333 0,000000095120646
0,4996666667 0,000000095055849
0,5000000000 0,000000094991053
0,5003333333 0,000000094926260
0,5006666667 0,000000094861469
0,5010000000 0,000000094796680
0,5013333333 0,000000094731894
0,5016666667 0,000000094667109
0,5020000000 0,000000094602326
0,5023333333 0,000000094537545
0,5026666667 0,000000094472766
0,5030000000 0,000000094407990
0,5033333333 0,000000094343215
0,5036666667 0,000000094278442
0,5040000000 0,000000094213672
0,5043333333 0,000000094148903
0,5046666667 0,000000094084136
0,5050000000 0,000000094019372
0,5053333333 0,000000093954609
0,5056666667 0,000000093889849
0,5060000000 0,000000093825091
0,5063333333 0,000000093760334
0,5066666667 0,000000093695580
0,5070000000 0,000000093630828
0,5073333333 0,000000093566077
0,5076666667 0,000000093501329
0,5080000000 0,000000093436583
0,5083333333 0,000000093371839
0,5086666667 0,000000093307097
0,5090000000 0,000000093242357
0,5093333333 0,000000093177619
0,5096666667 0,000000093112883
0,5100000000 0,000000093048149
0,5103333333 0,000000092983417
0,5106666667 0,000000092918687
0,5110000000 0,000000092853959
0,5113333333 0,000000092789233
0,5116666667 0,000000092724510
0,5120000000 0,000000092659788
0,5123333333 0,000000092595068
0,5126666667 0,000000092530350
0,5130000000 0,000000092465635
0,5133333333 0,000000092400921
0,5136666667 0,000000092336209
0,5140000000 0,000000092271500
0,5143333333 0,000000092206792
0,5146666667 0,000000092142087
0,5150000000 0,000000092077383
0,5153333333 0,000000092012682
0,5156666667 0,000000091947983
0,5160000000 0,000000091883285
0,5163333333 0,000000091818590
0,5166666667 0,000000091753897
0,5170000000 0,000000091689205
0,5173333333 0,000000091624516
0,5176666667 0,000000091559829
0,5180000000 0,000000091495144
0,5183333333 0,000000091430461
0,5186666667 0,000000091365779
0,5190000000 0,000000091301100
0,5193333333 0,000000091236423
0,5196666667 0,000000091171748
0,5200000000 0,000000091107075
0,5203333333 0,000000091042404
0,5206666667 0,000000090977735
0,5210000000 0,000000090913068
0,5213333333 0,000000090848403
0,5216666667 0,000000090783741
0,5220000000 0,000000090719080
0,5223333333 0,000000090654421
0,5226666667 0,000000090589764
0,5230000000 0,000000090525109
0,5233333333 0,000000090460457
0,5236666667 0,000000090395806
0,5240000000 0,000000090331157
0,5243333333 0,000000090266511
0,5246666667 0,000000090201866
0,5250000000 0,000000090137224
0,5253333333 0,000000090072583
0,5256666667 0,000000090007944
0,5260000000 0,000000089943308
0,5263333333 0,000000089878673
0,5266666667 0,000000089814041
0,5270000000 0,000000089749411
0,5273333333 0,000000089684782
0,5276666667 0,000000089620156
0,5280000000 0,000000089555531
0,5283333333 0,000000089490909
0,5286666667 0,000000089426289
0,5290000000 0,000000089361671
0,5293333333 0,000000089297054
0,5296666667 0,000000089232440
0,5300000000 0,000000089167828
0,5303333333 0,000000089103218
0,5306666667 0,000000089038610
0,5310000000 0,000000088974003
0,5313333333 0,000000088909399
0,5316666667 0,000000088844797
0,5320000000 0,000000088780197
0,5323333333 0,000000088715599
0,5326666667 0,000000088651003
0,5330000000 0,000000088586409
0,5333333333 0,000000088521817
0,5336666667 0,000000088457227
0,5340000000 0,000000088392639
0,5343333333 0,000000088328053
0,5346666667 0,000000088263469
0,5350000000 0,000000088198888
0,5353333333 0,000000088134308
0,5356666667 0,000000088069730
0,5360000000 0,000000088005154
0,5363333333 0,000000087940580
0,5366666667 0,000000087876009
0,5370000000 0,000000087811439
0,5373333333 0,000000087746871
0,5376666667 0,000000087682305
0,5380000000 0,000000087617742
0,5383333333 0,000000087553180
0,5386666667 0,000000087488620
0,5390000000 0,000000087424063
0,5393333333 0,000000087359507
0,5396666667 0,000000087294954
0,5400000000 0,000000087230402
0,5403333333 0,000000087165853
0,5406666667 0,000000087101305
0,5410000000 0,000000087036759
0,5413333333 0,000000086972216
0,5416666667 0,000000086907675
0,5420000000 0,000000086843135
0,5423333333 0,000000086778598
0,5426666667 0,000000086714062
0,5430000000 0,000000086649529
0,5433333333 0,000000086584997
0,5436666667 0,000000086520468
0,5440000000 0,000000086455941
0,5443333333 0,000000086391415
0,5446666667 0,000000086326892
0,5450000000 0,000000086262371
0,5453333333 0,000000086197851
0,5456666667 0,000000086133334
0,5460000000 0,000000086068819
0,5463333333 0,000000086004306
0,5466666667 0,000000085939794
0,5470000000 0,000000085875285
0,5473333333 0,000000085810778
0,5476666667 0,000000085746273
0,5480000000 0,000000085681770
0,5483333333 0,000000085617269
0,5486666667 0,000000085552769
0,5490000000 0,000000085488272
0,5493333333 0,000000085423777
0,5496666667 0,000000085359284
0,5500000000 0,000000085294793
0,5503333333 0,000000085230304
0,5506666667 0,000000085165817
0,5510000000 0,000000085101332
0,5513333333 0,000000085036849
0,5516666667 0,000000084972368
0,5520000000 0,000000084907889
0,5523333333 0,000000084843412
0,5526666667 0,000000084778937
0,5530000000 0,000000084714464
0,5533333333 0,000000084649993
0,5536666667 0,000000084585524
0,5540000000 0,000000084521057
0,5543333333 0,000000084456592
0,5546666667 0,000000084392129
0,5550000000 0,000000084327668
0,5553333333 0,000000084263209
0,5556666667 0,000000084198753
0,5560000000 0,000000084134298
0,5563333333 0,000000084069845
0,5566666667 0,000000084005394
0,5570000000 0,000000083940945
0,5573333333 0,000000083876498
0,5576666667 0,000000083812054
0,5580000000 0,000000083747611
0,5583333333 0,000000083683170
0,5586666667 0,000000083618731
0,5590000000 0,000000083554294
0,5593333333 0,000000083489860
0,5596666667 0,000000083425427
0,5600000000 0,000000083360996
0,5603333333 0,000000083296567
0,5606666667 0,000000083232141
0,5610000000 0,000000083167716
0,5613333333 0,000000083103293
0,5616666667 0,000000083038872
0,5620000000 0,000000082974454
0,5623333333 0,000000082910037
0,5626666667 0,000000082845622
0,5630000000 0,000000082781210
0,5633333333 0,000000082716799
0,5636666667 0,000000082652390
0,5640000000 0,000000082587984
0,5643333333 0,000000082523579
0,5646666667 0,000000082459176
0,5650000000 0,000000082394776
0,5653333333 0,000000082330377
0,5656666667 0,000000082265980
0,5660000000 0,000000082201586
0,5663333333 0,000000082137193
0,5666666667 0,000000082072803
0,5670000000 0,000000082008414
0,5673333333 0,000000081944027
0,5676666667 0,000000081879643
0,5680000000 0,000000081815260
0,5683333333 0,000000081750879
0,5686666667 0,000000081686501
0,5690000000 0,000000081622124
0,5693333333 0,000000081557750
0,5696666667 0,000000081493377
0,5700000000 0,000000081429007
0,5703333333 0,000000081364638
0,5706666667 0,000000081300271
0,5710000000 0,000000081235907
0,5713333333 0,000000081171544
0,5716666667 0,000000081107184
0,5720000000 0,000000081042825
0,5723333333 0,000000080978469
0,5726666667 0,000000080914114
0,5730000000 0,000000080849761
0,5733333333 0,000000080785411
0,5736666667 0,000000080721062
0,5740000000 0,000000080656716
0,5743333333 0,000000080592371
0,5746666667 0,000000080528029
0,5750000000 0,000000080463688
0,5753333333 0,000000080399350
0,5756666667 0,000000080335013
0,5760000000 0,000000080270678
0,5763333333 0,000000080206346
0,5766666667 0,000000080142015
0,5770000000 0,000000080077687
0,5773333333 0,000000080013360
0,5776666667 0,000000079949036
0,5780000000 0,000000079884713
0,5783333333 0,000000079820393
0,5786666667 0,000000079756074
0,5790000000 0,000000079691757
0,5793333333 0,000000079627443
0,5796666667 0,000000079563130
0,5800000000 0,000000079498820
0,5803333333 0,000000079434511
0,5806666667 0,000000079370205
0,5810000000 0,000000079305900
0,5813333333 0,000000079241597
0,5816666667 0,000000079177297
0,5820000000 0,000000079112998
0,5823333333 0,000000079048702
0,5826666667 0,000000078984407
0,5830000000 0,000000078920114
0,5833333333 0,000000078855824
0,5836666667 0,000000078791535
0,5840000000 0,000000078727249
0,5843333333 0,000000078662964
0,5846666667 0,000000078598681
0,5850000000 0,000000078534401
0,5853333333 0,000000078470122
0,5856666667 0,000000078405846
0,5860000000 0,000000078341571
0,5863333333 0,000000078277298
0,5866666667 0,000000078213028
0,5870000000 0,000000078148759
0,5873333333 0,000000078084492
0,5876666667 0,000000078020228
0,5880000000 0,000000077955965
0,5883333333 0,000000077891704
0,5886666667 0,000000077827446
0,5890000000 0,000000077763189
0,5893333333 0,000000077698934
0,5896666667 0,000000077634682
0,5900000000 0,000000077570431
0,5903333333 0,000000077506182
0,5906666667 0,000000077441936
0,5910000000 0,000000077377691
0,5913333333 0,000000077313448
0,5916666667 0,000000077249207
0,5920000000 0,000000077184969
0,5923333333 0,000000077120732
0,5926666667 0,000000077056497
0,5930000000 0,000000076992264
0,5933333333 0,000000076928033
0,5936666667 0,000000076863805
0,5940000000 0,000000076799578
0,5943333333 0,000000076735353
0,5946666667 0,000000076671130
0,5950000000 0,000000076606909
0,5953333333 0,000000076542691
0,5956666667 0,000000076478474
0,5960000000 0,000000076414259
0,5963333333 0,000000076350046
0,5966666667 0,000000076285835
0,5970000000 0,000000076221626
0,5973333333 0,000000076157419
0,5976666667 0,000000076093214
0,5980000000 0,000000076029011
0,5983333333 0,000000075964811
0,5986666667 0,000000075900612
0,5990000000 0,000000075836415
0,5993333333 0,000000075772220
0,5996666667 0,000000075708027
0,6000000000 0,000000075643836
0,6003333333 0,000000075579647
0,6006666667 0,000000075515460
0,6010000000 0,000000075451275
0,6013333333 0,000000075387092
0,6016666667 0,000000075322910
0,6020000000 0,000000075258731
0,6023333333 0,000000075194554
0,6026666667 0,000000075130379
0,6030000000 0,000000075066206
0,6033333333 0,000000075002035
0,6036666667 0,000000074937866
0,6040000000 0,000000074873699
0,6043333333 0,000000074809533
0,6046666667 0,000000074745370
0,6050000000 0,000000074681209
0,6053333333 0,000000074617050
0,6056666667 0,000000074552893
0,6060000000 0,000000074488737
0,6063333333 0,000000074424584
0,6066666667 0,000000074360433
0,6070000000 0,000000074296284
0,6073333333 0,000000074232136
0,6076666667 0,000000074167991
0,6080000000 0,000000074103848
0,6083333333 0,000000074039706
0,6086666667 0,000000073975567
0,6090000000 0,000000073911429
0,6093333333 0,000000073847294
0,6096666667 0,000000073783161
0,6100000000 0,000000073719029
0,6103333333 0,000000073654900
0,6106666667 0,000000073590772
0,6110000000 0,000000073526647
0,6113333333 0,000000073462523
0,6116666667 0,000000073398402
0,6120000000 0,000000073334282
0,6123333333 0,000000073270165
0,6126666667 0,000000073206049
0,6130000000 0,000000073141935
0,6133333333 0,000000073077824
0,6136666667 0,000000073013714
0,6140000000 0,000000072949606
0,6143333333 0,000000072885501
0,6146666667 0,000000072821397
0,6150000000 0,000000072757295
0,6153333333 0,000000072693196
0,6156666667 0,000000072629098
0,6160000000 0,000000072565002
0,6163333333 0,000000072500908
0,6166666667 0,000000072436816
0,6170000000 0,000000072372727
0,6173333333 0,000000072308639
0,6176666667 0,000000072244553
0,6180000000 0,000000072180469
0,6183333333 0,000000072116387
0,6186666667 0,000000072052307
0,6190000000 0,000000071988229
0,6193333333 0,000000071924153
0,6196666667 0,000000071860079
0,6200000000 0,000000071796007
0,6203333333 0,000000071731937
0,6206666667 0,000000071667869
0,6210000000 0,000000071603803
0,6213333333 0,000000071539739
0,6216666667 0,000000071475676
0,6220000000 0,000000071411616
0,6223333333 0,000000071347558
0,6226666667 0,000000071283502
0,6230000000 0,000000071219448
0,6233333333 0,000000071155395
0,6236666667 0,000000071091345
0,6240000000 0,000000071027297
0,6243333333 0,000000070963250
0,6246666667 0,000000070899206
0,6250000000 0,000000070835164
0,6253333333 0,000000070771123
0,6256666667 0,000000070707085
0,6260000000 0,000000070643048
0,6263333333 0,000000070579014
0,6266666667 0,000000070514981
0,6270000000 0,000000070450951
0,6273333333 0,000000070386922
0,6276666667 0,000000070322895
0,6280000000 0,000000070258871
0,6283333333 0,000000070194848
0,6286666667 0,000000070130827
0,6290000000 0,000000070066809
0,6293333333 0,000000070002792
0,6296666667 0,000000069938777
0,6300000000 0,000000069874764
0,6303333333 0,000000069810754
0,6306666667 0,000000069746745
0,6310000000 0,000000069682738
0,6313333333 0,000000069618733
0,6316666667 0,000000069554730
0,6320000000 0,000000069490729
0,6323333333 0,000000069426730
0,6326666667 0,000000069362733
0,6330000000 0,000000069298738
0,6333333333 0,000000069234745
0,6336666667 0,000000069170754
0,6340000000 0,000000069106765
0,6343333333 0,000000069042778
0,6346666667 0,000000068978792
0,6350000000 0,000000068914809
0,6353333333 0,000000068850828
0,6356666667 0,000000068786849
0,6360000000 0,000000068722871
0,6363333333 0,000000068658896
0,6366666667 0,000000068594923
0,6370000000 0,000000068530951
0,6373333333 0,000000068466982
0,6376666667 0,000000068403014
0,6380000000 0,000000068339049
0,6383333333 0,000000068275085
0,6386666667 0,000000068211124
0,6390000000 0,000000068147164
0,6393333333 0,000000068083206
0,6396666667 0,000000068019251
0,6400000000 0,000000067955297
0,6403333333 0,000000067891345
0,6406666667 0,000000067827396
0,6410000000 0,000000067763448
0,6413333333 0,000000067699502
0,6416666667 0,000000067635558
0,6420000000 0,000000067571616
0,6423333333 0,000000067507676
0,6426666667 0,000000067443738
0,6430000000 0,000000067379802
0,6433333333 0,000000067315868
0,6436666667 0,000000067251936
0,6440000000 0,000000067188006
0,6443333333 0,000000067124078
0,6446666667 0,000000067060152
0,6450000000 0,000000066996228
0,6453333333 0,000000066932306
0,6456666667 0,000000066868385
0,6460000000 0,000000066804467
0,6463333333 0,000000066740551
0,6466666667 0,000000066676636
0,6470000000 0,000000066612724
0,6473333333 0,000000066548813
0,6476666667 0,000000066484905
0,6480000000 0,000000066420998
0,6483333333 0,000000066357094
0,6486666667 0,000000066293191
0,6490000000 0,000000066229291
0,6493333333 0,000000066165392
0,6496666667 0,000000066101495
0,6500000000 0,000000066037600
0,6503333333 0,000000065973708
0,6506666667 0,000000065909817
0,6510000000 0,000000065845928
0,6513333333 0,000000065782041
0,6516666667 0,000000065718156
0,6520000000 0,000000065654273
0,6523333333 0,000000065590392
0,6526666667 0,000000065526513
0,6530000000 0,000000065462636
0,6533333333 0,000000065398761
0,6536666667 0,000000065334888
0,6540000000 0,000000065271017
0,6543333333 0,000000065207147
0,6546666667 0,000000065143280
0,6550000000 0,000000065079415
0,6553333333 0,000000065015551
0,6556666667 0,000000064951690
0,6560000000 0,000000064887830
0,6563333333 0,000000064823973
0,6566666667 0,000000064760117
0,6570000000 0,000000064696264
0,6573333333 0,000000064632412
0,6576666667 0,000000064568563
0,6580000000 0,000000064504715
0,6583333333 0,000000064440869
0,6586666667 0,000000064377025
0,6590000000 0,000000064313184
0,6593333333 0,000000064249344
0,6596666667 0,000000064185506
0,6600000000 0,000000064121670
0,6603333333 0,000000064057836
0,6606666667 0,000000063994004
0,6610000000 0,000000063930174
0,6613333333 0,000000063866346
0,6616666667 0,000000063802519
0,6620000000 0,000000063738695
0,6623333333 0,000000063674873
0,6626666667 0,000000063611053
0,6630000000 0,000000063547234
0,6633333333 0,000000063483418
0,6636666667 0,000000063419604
0,6640000000 0,000000063355791
0,6643333333 0,000000063291981
0,6646666667 0,000000063228172
0,6650000000 0,000000063164365
0,6653333333 0,000000063100561
0,6656666667 0,000000063036758
0,6660000000 0,000000062972957
0,6663333333 0,000000062909159
0,6666666667 0,000000062845362
0,6670000000 0,000000062781567
0,6673333333 0,000000062717774
0,6676666667 0,000000062653983
0,6680000000 0,000000062590194
0,6683333333 0,000000062526407
0,6686666667 0,000000062462622
0,6690000000 0,000000062398839
0,6693333333 0,000000062335057
0,6696666667 0,000000062271278
0,6700000000 0,000000062207501
0,6703333333 0,000000062143726
0,6706666667 0,000000062079952
0,6710000000 0,000000062016181
0,6713333333 0,000000061952411
0,6716666667 0,000000061888644
0,6720000000 0,000000061824878
0,6723333333 0,000000061761115
0,6726666667 0,000000061697353
0,6730000000 0,000000061633593
0,6733333333 0,000000061569835
0,6736666667 0,000000061506080
0,6740000000 0,000000061442326
0,6743333333 0,000000061378574
0,6746666667 0,000000061314824
0,6750000000 0,000000061251076
0,6753333333 0,000000061187330
0,6756666667 0,000000061123585
0,6760000000 0,000000061059843
0,6763333333 0,000000060996103
0,6766666667 0,000000060932365
0,6770000000 0,000000060868628
0,6773333333 0,000000060804894
0,6776666667 0,000000060741162
0,6780000000 0,000000060677431
0,6783333333 0,000000060613703
0,6786666667 0,000000060549976
0,6790000000 0,000000060486251
0,6793333333 0,000000060422529
0,6796666667 0,000000060358808
0,6800000000 0,000000060295089
0,6803333333 0,000000060231372
0,6806666667 0,000000060167657
0,6810000000 0,000000060103945
0,6813333333 0,000000060040233
0,6816666667 0,000000059976524
0,6820000000 0,000000059912817
0,6823333333 0,000000059849112
0,6826666667 0,000000059785409
0,6830000000 0,000000059721708
0,6833333333 0,000000059658008
0,6836666667 0,000000059594311
0,6840000000 0,000000059530616
0,6843333333 0,000000059466922
0,6846666667 0,000000059403230
0,6850000000 0,000000059339541
0,6853333333 0,000000059275853
0,6856666667 0,000000059212168
0,6860000000 0,000000059148484
0,6863333333 0,000000059084802
0,6866666667 0,000000059021122
0,6870000000 0,000000058957444
0,6873333333 0,000000058893768
0,6876666667 0,000000058830094
0,6880000000 0,000000058766422
0,6883333333 0,000000058702752
0,6886666667 0,000000058639084
0,6890000000 0,000000058575417
0,6893333333 0,000000058511753
0,6896666667 0,000000058448091
0,6900000000 0,000000058384430
0,6903333333 0,000000058320772
0,6906666667 0,000000058257115
0,6910000000 0,000000058193461
0,6913333333 0,000000058129808
0,6916666667 0,000000058066157
0,6920000000 0,000000058002508
0,6923333333 0,000000057938862
0,6926666667 0,000000057875217
0,6930000000 0,000000057811574
0,6933333333 0,000000057747933
0,6936666667 0,000000057684294
0,6940000000 0,000000057620656
0,6943333333 0,000000057557021
0,6946666667 0,000000057493388
0,6950000000 0,000000057429757
0,6953333333 0,000000057366127
0,6956666667 0,000000057302500
0,6960000000 0,000000057238874
0,6963333333 0,000000057175251
0,6966666667 0,000000057111629
0,6970000000 0,000000057048009
0,6973333333 0,000000056984392
0,6976666667 0,000000056920776
0,6980000000 0,000000056857162
0,6983333333 0,000000056793550
0,6986666667 0,000000056729940
0,6990000000 0,000000056666332
0,6993333333 0,000000056602726
0,6996666667 0,000000056539122
0,7000000000 0,000000056475520
0,7003333333 0,000000056411919
0,7006666667 0,000000056348321
0,7010000000 0,000000056284724
0,7013333333 0,000000056221130
0,7016666667 0,000000056157537
0,7020000000 0,000000056093947
0,7023333333 0,000000056030358
0,7026666667 0,000000055966771
0,7030000000 0,000000055903187
0,7033333333 0,000000055839604
0,7036666667 0,000000055776023
0,7040000000 0,000000055712444
0,7043333333 0,000000055648867
0,7046666667 0,000000055585292
0,7050000000 0,000000055521718
0,7053333333 0,000000055458147
0,7056666667 0,000000055394578
0,7060000000 0,000000055331010
0,7063333333 0,000000055267445
0,7066666667 0,000000055203882
0,7070000000 0,000000055140320
0,7073333333 0,000000055076760
0,7076666667 0,000000055013203
0,7080000000 0,000000054949647
0,7083333333 0,000000054886093
0,7086666667 0,000000054822541
0,7090000000 0,000000054758991
0,7093333333 0,000000054695443
0,7096666667 0,000000054631897
0,7100000000 0,000000054568353
0,7103333333 0,000000054504811
0,7106666667 0,000000054441270
0,7110000000 0,000000054377732
0,7113333333 0,000000054314195
0,7116666667 0,000000054250661
0,7120000000 0,000000054187128
0,7123333333 0,000000054123598
0,7126666667 0,000000054060069
0,7130000000 0,000000053996542
0,7133333333 0,000000053933017
0,7136666667 0,000000053869494
0,7140000000 0,000000053805973
0,7143333333 0,000000053742454
0,7146666667 0,000000053678937
0,7150000000 0,000000053615422
0,7153333333 0,000000053551909
0,7156666667 0,000000053488397
0,7160000000 0,000000053424888
0,7163333333 0,000000053361381
0,7166666667 0,000000053297875
0,7170000000 0,000000053234371
0,7173333333 0,000000053170870
0,7176666667 0,000000053107370
0,7180000000 0,000000053043872
0,7183333333 0,000000052980376
0,7186666667 0,000000052916882
0,7190000000 0,000000052853390
0,7193333333 0,000000052789900
0,7196666667 0,000000052726412
0,7200000000 0,000000052662926
0,7203333333 0,000000052599441
0,7206666667 0,000000052535959
0,7210000000 0,000000052472478
0,7213333333 0,000000052409000
0,7216666667 0,000000052345523
0,7220000000 0,000000052282048
0,7223333333 0,000000052218576
0,7226666667 0,000000052155105
0,7230000000 0,000000052091636
0,7233333333 0,000000052028169
0,7236666667 0,000000051964704
0,7240000000 0,000000051901241
0,7243333333 0,000000051837780
0,7246666667 0,000000051774320
0,7250000000 0,000000051710863
0,7253333333 0,000000051647407
0,7256666667 0,000000051583954
0,7260000000 0,000000051520502
0,7263333333 0,000000051457053
0,7266666667 0,000000051393605
0,7270000000 0,000000051330159
0,7273333333 0,000000051266715
0,7276666667 0,000000051203273
0,7280000000 0,000000051139833
0,7283333333 0,000000051076395
0,7286666667 0,000000051012959
0,7290000000 0,000000050949525
0,7293333333 0,000000050886092
0,7296666667 0,000000050822662
0,7300000000 0,000000050759233
0,7303333333 0,000000050695807
0,7306666667 0,000000050632382
0,7310000000 0,000000050568960
0,7313333333 0,000000050505539
0,7316666667 0,000000050442120
0,7320000000 0,000000050378703
0,7323333333 0,000000050315288
0,7326666667 0,000000050251875
0,7330000000 0,000000050188464
0,7333333333 0,000000050125054
0,7336666667 0,000000050061647
0,7340000000 0,000000049998242
0,7343333333 0,000000049934838
0,7346666667 0,000000049871436
0,7350000000 0,000000049808037
0,7353333333 0,000000049744639
0,7356666667 0,000000049681243
0,7360000000 0,000000049617849
0,7363333333 0,000000049554457
0,7366666667 0,000000049491067
0,7370000000 0,000000049427679
0,7373333333 0,000000049364293
0,7376666667 0,000000049300909
0,7380000000 0,000000049237526
0,7383333333 0,000000049174146
0,7386666667 0,000000049110767
0,7390000000 0,000000049047391
0,7393333333 0,000000048984016
0,7396666667 0,000000048920643
0,7400000000 0,000000048857272
0,7403333333 0,000000048793903
0,7406666667 0,000000048730536
0,7410000000 0,000000048667171
0,7413333333 0,000000048603808
0,7416666667 0,000000048540447
0,7420000000 0,000000048477087
0,7423333333 0,000000048413730
0,7426666667 0,000000048350374
0,7430000000 0,000000048287021
0,7433333333 0,000000048223669
0,7436666667 0,000000048160319
0,7440000000 0,000000048096971
0,7443333333 0,000000048033625
0,7446666667 0,000000047970281
0,7450000000 0,000000047906939
0,7453333333 0,000000047843599
0,7456666667 0,000000047780261
0,7460000000 0,000000047716925
0,7463333333 0,000000047653590
0,7466666667 0,000000047590258
0,7470000000 0,000000047526927
0,7473333333 0,000000047463598
0,7476666667 0,000000047400271
0,7480000000 0,000000047336947
0,7483333333 0,000000047273624
0,7486666667 0,000000047210303
0,7490000000 0,000000047146983
0,7493333333 0,000000047083666
0,7496666667 0,000000047020351
0,7500000000 0,000000046957038
0,7503333333 0,000000046893726
0,7506666667 0,000000046830416
0,7510000000 0,000000046767109
0,7513333333 0,000000046703803
0,7516666667 0,000000046640499
0,7520000000 0,000000046577197
0,7523333333 0,000000046513897
0,7526666667 0,000000046450599
0,7530000000 0,000000046387303
0,7533333333 0,000000046324009
0,7536666667 0,000000046260717
0,7540000000 0,000000046197426
0,7543333333 0,000000046134138
0,7546666667 0,000000046070851
0,7550000000 0,000000046007566
0,7553333333 0,000000045944283
0,7556666667 0,000000045881003
0,7560000000 0,000000045817724
0,7563333333 0,000000045754447
0,7566666667 0,000000045691171
0,7570000000 0,000000045627898
0,7573333333 0,000000045564627
0,7576666667 0,000000045501357
0,7580000000 0,000000045438090
0,7583333333 0,000000045374824
0,7586666667 0,000000045311561
0,7590000000 0,000000045248299
0,7593333333 0,000000045185039
0,7596666667 0,000000045121781
0,7600000000 0,000000045058525
0,7603333333 0,000000044995271
0,7606666667 0,000000044932019
0,7610000000 0,000000044868768
0,7613333333 0,000000044805520
0,7616666667 0,000000044742273
0,7620000000 0,000000044679029
0,7623333333 0,000000044615786
0,7626666667 0,000000044552545
0,7630000000 0,000000044489306
0,7633333333 0,000000044426069
0,7636666667 0,000000044362834
0,7640000000 0,000000044299601
0,7643333333 0,000000044236370
0,7646666667 0,000000044173141
0,7650000000 0,000000044109913
0,7653333333 0,000000044046688
0,7656666667 0,000000043983464
0,7660000000 0,000000043920242
0,7663333333 0,000000043857022
0,7666666667 0,000000043793805
0,7670000000 0,000000043730589
0,7673333333 0,000000043667374
0,7676666667 0,000000043604162
0,7680000000 0,000000043540952
0,7683333333 0,000000043477744
0,7686666667 0,000000043414537
0,7690000000 0,000000043351333
0,7693333333 0,000000043288130
0,7696666667 0,000000043224929
0,7700000000 0,000000043161730
0,7703333333 0,000000043098533
0,7706666667 0,000000043035338
0,7710000000 0,000000042972145
0,7713333333 0,000000042908954
0,7716666667 0,000000042845765
0,7720000000 0,000000042782577
0,7723333333 0,000000042719392
0,7726666667 0,000000042656208
0,7730000000 0,000000042593026
0,7733333333 0,000000042529846
0,7736666667 0,000000042466669
0,7740000000 0,000000042403492
0,7743333333 0,000000042340318
0,7746666667 0,000000042277146
0,7750000000 0,000000042213976
0,7753333333 0,000000042150807
0,7756666667 0,000000042087641
0,7760000000 0,000000042024476
0,7763333333 0,000000041961314
0,7766666667 0,000000041898153
0,7770000000 0,000000041834994
0,7773333333 0,000000041771837
0,7776666667 0,000000041708682
0,7780000000 0,000000041645529
0,7783333333 0,000000041582377
0,7786666667 0,000000041519228
0,7790000000 0,000000041456080
0,7793333333 0,000000041392935
0,7796666667 0,000000041329791
0,7800000000 0,000000041266649
0,7803333333 0,000000041203509
0,7806666667 0,000000041140371
0,7810000000 0,000000041077235
0,7813333333 0,000000041014101
0,7816666667 0,000000040950969
0,7820000000 0,000000040887838
0,7823333333 0,000000040824710
0,7826666667 0,000000040761583
0,7830000000 0,000000040698458
0,7833333333 0,000000040635336
0,7836666667 0,000000040572215
0,7840000000 0,000000040509096
0,7843333333 0,000000040445979
0,7846666667 0,000000040382863
0,7850000000 0,000000040319750
0,7853333333 0,000000040256639
0,7856666667 0,000000040193529
0,7860000000 0,000000040130421
0,7863333333 0,000000040067316
0,7866666667 0,000000040004212
0,7870000000 0,000000039941110
0,7873333333 0,000000039878010
0,7876666667 0,000000039814912
0,7880000000 0,000000039751815
0,7883333333 0,000000039688721
0,7886666667 0,000000039625629
0,7890000000 0,000000039562538
0,7893333333 0,000000039499449
0,7896666667 0,000000039436362
0,7900000000 0,000000039373278
0,7903333333 0,000000039310195
0,7906666667 0,000000039247114
0,7910000000 0,000000039184034
0,7913333333 0,000000039120957
0,7916666667 0,000000039057882
0,7920000000 0,000000038994808
0,7923333333 0,000000038931736
0,7926666667 0,000000038868667
0,7930000000 0,000000038805599
0,7933333333 0,000000038742533
0,7936666667 0,000000038679469
0,7940000000 0,000000038616407
0,7943333333 0,000000038553346
0,7946666667 0,000000038490288
0,7950000000 0,000000038427231
0,7953333333 0,000000038364177
0,7956666667 0,000000038301124
0,7960000000 0,000000038238073
0,7963333333 0,000000038175024
0,7966666667 0,000000038111977
0,7970000000 0,000000038048932
0,7973333333 0,000000037985889
0,7976666667 0,000000037922848
0,7980000000 0,000000037859808
0,7983333333 0,000000037796771
0,7986666667 0,000000037733735
0,7990000000 0,000000037670701
0,7993333333 0,000000037607669
0,7996666667 0,000000037544639
0,8000000000 0,000000037481611
0,8003333333 0,000000037418585
0,8006666667 0,000000037355561
0,8010000000 0,000000037292538
0,8013333333 0,000000037229517
0,8016666667 0,000000037166499
0,8020000000 0,000000037103482
0,8023333333 0,000000037040467
0,8026666667 0,000000036977454
0,8030000000 0,000000036914443
0,8033333333 0,000000036851434
0,8036666667 0,000000036788426
0,8040000000 0,000000036725421
0,8043333333 0,000000036662417
0,8046666667 0,000000036599416
0,8050000000 0,000000036536416
0,8053333333 0,000000036473418
0,8056666667 0,000000036410422
0,8060000000 0,000000036347428
0,8063333333 0,000000036284436
0,8066666667 0,000000036221445
0,8070000000 0,000000036158457
0,8073333333 0,000000036095470
0,8076666667 0,000000036032486
0,8080000000 0,000000035969503
0,8083333333 0,000000035906522
0,8086666667 0,000000035843543
0,8090000000 0,000000035780566
0,8093333333 0,000000035717590
0,8096666667 0,000000035654617
0,8100000000 0,000000035591645
0,8103333333 0,000000035528676
0,8106666667 0,000000035465708
0,8110000000 0,000000035402742
0,8113333333 0,000000035339778
0,8116666667 0,000000035276816
0,8120000000 0,000000035213856
0,8123333333 0,000000035150898
0,8126666667 0,000000035087941
0,8130000000 0,000000035024987
0,8133333333 0,000000034962034
0,8136666667 0,000000034899083
0,8140000000 0,000000034836135
0,8143333333 0,000000034773188
0,8146666667 0,000000034710242
0,8150000000 0,000000034647299
0,8153333333 0,000000034584358
0,8156666667 0,000000034521418
0,8160000000 0,000000034458481
0,8163333333 0,000000034395545
0,8166666667 0,000000034332611
0,8170000000 0,000000034269679
0,8173333333 0,000000034206749
0,8176666667 0,000000034143821
0,8180000000 0,000000034080895
0,8183333333 0,000000034017970
0,8186666667 0,000000033955048
0,8190000000 0,000000033892127
0,8193333333 0,000000033829209
0,8196666667 0,000000033766292
0,8200000000 0,000000033703377
0,8203333333 0,000000033640464
0,8206666667 0,000000033577552
0,8210000000 0,000000033514643
0,8213333333 0,000000033451735
0,8216666667 0,000000033388830
0,8220000000 0,000000033325926
0,8223333333 0,000000033263024
0,8226666667 0,000000033200124
0,8230000000 0,000000033137226
0,8233333333 0,000000033074330
0,8236666667 0,000000033011436
0,8240000000 0,000000032948543
0,8243333333 0,000000032885653
0,8246666667 0,000000032822764
0,8250000000 0,000000032759877
0,8253333333 0,000000032696992
0,8256666667 0,000000032634109
0,8260000000 0,000000032571228
0,8263333333 0,000000032508349
0,8266666667 0,000000032445471
0,8270000000 0,000000032382596
0,8273333333 0,000000032319722
0,8276666667 0,000000032256850
0,8280000000 0,000000032193980
0,8283333333 0,000000032131112
0,8286666667 0,000000032068246
0,8290000000 0,000000032005382
0,8293333333 0,000000031942519
0,8296666667 0,000000031879659
0,8300000000 0,000000031816800
0,8303333333 0,000000031753944
0,8306666667 0,000000031691089
0,8310000000 0,000000031628236
0,8313333333 0,000000031565384
0,8316666667 0,000000031502535
0,8320000000 0,000000031439688
0,8323333333 0,000000031376842
0,8326666667 0,000000031313999
0,8330000000 0,000000031251157
0,8333333333 0,000000031188317
0,8336666667 0,000000031125479
0,8340000000 0,000000031062643
0,8343333333 0,000000030999808
0,8346666667 0,000000030936976
0,8350000000 0,000000030874146
0,8353333333 0,000000030811317
0,8356666667 0,000000030748490
0,8360000000 0,000000030685665
0,8363333333 0,000000030622842
0,8366666667 0,000000030560021
0,8370000000 0,000000030497202
0,8373333333 0,000000030434384
0,8376666667 0,000000030371569
0,8380000000 0,000000030308755
0,8383333333 0,000000030245943
0,8386666667 0,000000030183133
0,8390000000 0,000000030120325
0,8393333333 0,000000030057519
0,8396666667 0,000000029994715
0,8400000000 0,000000029931912
0,8403333333 0,000000029869112
0,8406666667 0,000000029806313
0,8410000000 0,000000029743516
0,8413333333 0,000000029680721
0,8416666667 0,000000029617928
0,8420000000 0,000000029555137
0,8423333333 0,000000029492348
0,8426666667 0,000000029429560
0,8430000000 0,000000029366775
0,8433333333 0,000000029303991
0,8436666667 0,000000029241209
0,8440000000 0,000000029178429
0,8443333333 0,000000029115651
0,8446666667 0,000000029052875
0,8450000000 0,000000028990100
0,8453333333 0,000000028927328
0,8456666667 0,000000028864557
0,8460000000 0,000000028801788
0,8463333333 0,000000028739021
0,8466666667 0,000000028676256
0,8470000000 0,000000028613493
0,8473333333 0,000000028550732
0,8476666667 0,000000028487972
0,8480000000 0,000000028425215
0,8483333333 0,000000028362459
0,8486666667 0,000000028299705
0,8490000000 0,000000028236953
0,8493333333 0,000000028174203
0,8496666667 0,000000028111455
0,8500000000 0,000000028048709
0,8503333333 0,000000027985964
0,8506666667 0,000000027923222
0,8510000000 0,000000027860481
0,8513333333 0,000000027797742
0,8516666667 0,000000027735005
0,8520000000 0,000000027672270
0,8523333333 0,000000027609536
0,8526666667 0,000000027546805
0,8530000000 0,000000027484075
0,8533333333 0,000000027421348
0,8536666667 0,000000027358622
0,8540000000 0,000000027295898
0,8543333333 0,000000027233176
0,8546666667 0,000000027170456
0,8550000000 0,000000027107737
0,8553333333 0,000000027045021
0,8556666667 0,000000026982306
0,8560000000 0,000000026919593
0,8563333333 0,000000026856882
0,8566666667 0,000000026794173
0,8570000000 0,000000026731466
0,8573333333 0,000000026668761
0,8576666667 0,000000026606057
0,8580000000 0,000000026543356
0,8583333333 0,000000026480656
0,8586666667 0,000000026417958
0,8590000000 0,000000026355262
0,8593333333 0,000000026292568
0,8596666667 0,000000026229876
0,8600000000 0,000000026167185
0,8603333333 0,000000026104497
0,8606666667 0,000000026041810
0,8610000000 0,000000025979125
0,8613333333 0,000000025916442
0,8616666667 0,000000025853761
0,8620000000 0,000000025791082
0,8623333333 0,000000025728404
0,8626666667 0,000000025665729
0,8630000000 0,000000025603055
0,8633333333 0,000000025540383
0,8636666667 0,000000025477713
0,8640000000 0,000000025415045
0,8643333333 0,000000025352379
0,8646666667 0,000000025289715
0,8650000000 0,000000025227052
0,8653333333 0,000000025164391
0,8656666667 0,000000025101733
0,8660000000 0,000000025039076
0,8663333333 0,000000024976421
0,8666666667 0,000000024913767
0,8670000000 0,000000024851116
0,8673333333 0,000000024788467
0,8676666667 0,000000024725819
0,8680000000 0,000000024663173
0,8683333333 0,000000024600529
0,8686666667 0,000000024537887
0,8690000000 0,000000024475247
0,8693333333 0,000000024412609
0,8696666667 0,000000024349972
0,8700000000 0,000000024287338
0,8703333333 0,000000024224705
0,8706666667 0,000000024162074
0,8710000000 0,000000024099445
0,8713333333 0,000000024036818
0,8716666667 0,000000023974192
0,8720000000 0,000000023911569
0,8723333333 0,000000023848947
0,8726666667 0,000000023786327
0,8730000000 0,000000023723710
0,8733333333 0,000000023661093
0,8736666667 0,000000023598479
0,8740000000 0,000000023535867
0,8743333333 0,000000023473256
0,8746666667 0,000000023410648
0,8750000000 0,000000023348041
0,8753333333 0,000000023285436
0,8756666667 0,000000023222833
0,8760000000 0,000000023160232
0,8763333333 0,000000023097632
0,8766666667 0,000000023035035
0,8770000000 0,000000022972439
0,8773333333 0,000000022909846
0,8776666667 0,000000022847254
0,8780000000 0,000000022784664
0,8783333333 0,000000022722075
0,8786666667 0,000000022659489
0,8790000000 0,000000022596904
0,8793333333 0,000000022534322
0,8796666667 0,000000022471741
0,8800000000 0,000000022409162
0,8803333333 0,000000022346585
0,8806666667 0,000000022284010
0,8810000000 0,000000022221436
0,8813333333 0,000000022158865
0,8816666667 0,000000022096295
0,8820000000 0,000000022033727
0,8823333333 0,000000021971161
0,8826666667 0,000000021908597
0,8830000000 0,000000021846035
0,8833333333 0,000000021783474
0,8836666667 0,000000021720916
0,8840000000 0,000000021658359
0,8843333333 0,000000021595804
0,8846666667 0,000000021533251
0,8850000000 0,000000021470700
0,8853333333 0,000000021408151
0,8856666667 0,000000021345603
0,8860000000 0,000000021283057
0,8863333333 0,000000021220514
0,8866666667 0,000000021157972
0,8870000000 0,000000021095432
0,8873333333 0,000000021032893
0,8876666667 0,000000020970357
0,8880000000 0,000000020907822
0,8883333333 0,000000020845290
0,8886666667 0,000000020782759
0,8890000000 0,000000020720230
0,8893333333 0,000000020657703
0,8896666667 0,000000020595178
0,8900000000 0,000000020532654
0,8903333333 0,000000020470133
0,8906666667 0,000000020407613
0,8910000000 0,000000020345095
0,8913333333 0,000000020282579
0,8916666667 0,000000020220065
0,8920000000 0,000000020157552
0,8923333333 0,000000020095042
0,8926666667 0,000000020032533
0,8930000000 0,000000019970026
0,8933333333 0,000000019907522
0,8936666667 0,000000019845018
0,8940000000 0,000000019782517
0,8943333333 0,000000019720018
0,8946666667 0,000000019657520
0,8950000000 0,000000019595024
0,8953333333 0,000000019532531
0,8956666667 0,000000019470039
0,8960000000 0,000000019407548
0,8963333333 0,000000019345060
0,8966666667 0,000000019282574
0,8970000000 0,000000019220089
0,8973333333 0,000000019157606
0,8976666667 0,000000019095125
0,8980000000 0,000000019032646
0,8983333333 0,000000018970169
0,8986666667 0,000000018907693
0,8990000000 0,000000018845220
0,8993333333 0,000000018782748
0,8996666667 0,000000018720278
0,9000000000 0,000000018657810
0,9003333333 0,000000018595344
0,9006666667 0,000000018532880
0,9010000000 0,000000018470417
0,9013333333 0,000000018407956
0,9016666667 0,000000018345498
0,9020000000 0,000000018283041
0,9023333333 0,000000018220586
0,9026666667 0,000000018158132
0,9030000000 0,000000018095681
0,9033333333 0,000000018033231
0,9036666667 0,000000017970783
0,9040000000 0,000000017908338
0,9043333333 0,000000017845893
0,9046666667 0,000000017783451
0,9050000000 0,000000017721011
0,9053333333 0,000000017658572
0,9056666667 0,000000017596136
0,9060000000 0,000000017533701
0,9063333333 0,000000017471268
0,9066666667 0,000000017408837
0,9070000000 0,000000017346407
0,9073333333 0,000000017283980
0,9076666667 0,000000017221554
0,9080000000 0,000000017159130
0,9083333333 0,000000017096708
0,9086666667 0,000000017034288
0,9090000000 0,000000016971870
0,9093333333 0,000000016909453
0,9096666667 0,000000016847039
0,9100000000 0,000000016784626
0,9103333333 0,000000016722215
0,9106666667 0,000000016659806
0,9110000000 0,000000016597399
0,9113333333 0,000000016534993
0,9116666667 0,000000016472590
0,9120000000 0,000000016410188
0,9123333333 0,000000016347788
0,9126666667 0,000000016285390
0,9130000000 0,000000016222994
0,9133333333 0,000000016160599
0,9136666667 0,000000016098207
0,9140000000 0,000000016035816
0,9143333333 0,000000015973427
0,9146666667 0,000000015911040
0,9150000000 0,000000015848655
0,9153333333 0,000000015786272
0,9156666667 0,000000015723890
0,9160000000 0,000000015661510
0,9163333333 0,000000015599133
0,9166666667 0,000000015536757
0,9170000000 0,000000015474382
0,9173333333 0,000000015412010
0,9176666667 0,000000015349640
0,9180000000 0,000000015287271
0,9183333333 0,000000015224904
0,9186666667 0,000000015162539
0,9190000000 0,000000015100176
0,9193333333 0,000000015037815
0,9196666667 0,000000014975455
0,9200000000 0,000000014913097
0,9203333333 0,000000014850742
0,9206666667 0,000000014788388
0,9210000000 0,000000014726036
0,9213333333 0,000000014663685
0,9216666667 0,000000014601337
0,9220000000 0,000000014538990
0,9223333333 0,000000014476645
0,9226666667 0,000000014414302
0,9230000000 0,000000014351961
0,9233333333 0,000000014289622
0,9236666667 0,000000014227284
0,9240000000 0,000000014164949
0,9243333333 0,000000014102615
0,9246666667 0,000000014040283
0,9250000000 0,000000013977953
0,9253333333 0,000000013915625
0,9256666667 0,000000013853298
0,9260000000 0,000000013790973
0,9263333333 0,000000013728651
0,9266666667 0,000000013666330
0,9270000000 0,000000013604011
0,9273333333 0,000000013541693
0,9276666667 0,000000013479378
0,9280000000 0,000000013417064
0,9283333333 0,000000013354752
0,9286666667 0,000000013292442
0,9290000000 0,000000013230134
0,9293333333 0,000000013167828
0,9296666667 0,000000013105523
0,9300000000 0,000000013043221
0,9303333333 0,000000012980920
0,9306666667 0,000000012918621
0,9310000000 0,000000012856324
0,9313333333 0,000000012794028
0,9316666667 0,000000012731735
0,9320000000 0,000000012669443
0,9323333333 0,000000012607153
0,9326666667 0,000000012544865
0,9330000000 0,000000012482579
0,9333333333 0,000000012420295
0,9336666667 0,000000012358012
0,9340000000 0,000000012295732
0,9343333333 0,000000012233453
0,9346666667 0,000000012171176
0,9350000000 0,000000012108900
0,9353333333 0,000000012046627
0,9356666667 0,000000011984356
0,9360000000 0,000000011922086
0,9363333333 0,000000011859818
0,9366666667 0,000000011797552
0,9370000000 0,000000011735288
0,9373333333 0,000000011673025
0,9376666667 0,000000011610765
0,9380000000 0,000000011548506
0,9383333333 0,000000011486249
0,9386666667 0,000000011423994
0,9390000000 0,000000011361741
0,9393333333 0,000000011299489
0,9396666667 0,000000011237239
0,9400000000 0,000000011174992
0,9403333333 0,000000011112746
0,9406666667 0,000000011050502
0,9410000000 0,000000010988259
0,9413333333 0,000000010926019
0,9416666667 0,000000010863780
0,9420000000 0,000000010801543
0,9423333333 0,000000010739308
0,9426666667 0,000000010677075
0,9430000000 0,000000010614844
0,9433333333 0,000000010552614
0,9436666667 0,000000010490386
0,9440000000 0,000000010428161
0,9443333333 0,000000010365936
0,9446666667 0,000000010303714
0,9450000000 0,000000010241494
0,9453333333 0,000000010179275
0,9456666667 0,000000010117058
0,9460000000 0,000000010054844
0,9463333333 0,000000009992630
0,9466666667 0,000000009930419
0,9470000000 0,000000009868210
0,9473333333 0,000000009806002
0,9476666667 0,000000009743796
0,9480000000 0,000000009681592
0,9483333333 0,000000009619390
0,9486666667 0,000000009557190
0,9490000000 0,000000009494991
0,9493333333 0,000000009432794
0,9496666667 0,000000009370600
0,9500000000 0,000000009308406
0,9503333333 0,000000009246215
0,9506666667 0,000000009184026
0,9510000000 0,000000009121838
0,9513333333 0,000000009059652
0,9516666667 0,000000008997468
0,9520000000 0,000000008935286
0,9523333333 0,000000008873106
0,9526666667 0,000000008810927
0,9530000000 0,000000008748751
0,9533333333 0,000000008686576
0,9536666667 0,000000008624403
0,9540000000 0,000000008562232
0,9543333333 0,000000008500062
0,9546666667 0,000000008437895
0,9550000000 0,000000008375729
0,9553333333 0,000000008313565
0,9556666667 0,000000008251403
0,9560000000 0,000000008189243
0,9563333333 0,000000008127084
0,9566666667 0,000000008064928
0,9570000000 0,000000008002773
0,9573333333 0,000000007940620
0,9576666667 0,000000007878468
0,9580000000 0,000000007816319
0,9583333333 0,000000007754172
0,9586666667 0,000000007692026
0,9590000000 0,000000007629882
0,9593333333 0,000000007567740
0,9596666667 0,000000007505599
0,9600000000 0,000000007443461
0,9603333333 0,000000007381324
0,9606666667 0,000000007319190
0,9610000000 0,000000007257057
0,9613333333 0,000000007194925
0,9616666667 0,000000007132796
0,9620000000 0,000000007070668
0,9623333333 0,000000007008543
0,9626666667 0,000000006946419
0,9630000000 0,000000006884297
0,9633333333 0,000000006822176
0,9636666667 0,000000006760058
0,9640000000 0,000000006697941
0,9643333333 0,000000006635826
0,9646666667 0,000000006573713
0,9650000000 0,000000006511602
0,9653333333 0,000000006449493
0,9656666667 0,000000006387385
0,9660000000 0,000000006325279
0,9663333333 0,000000006263175
0,9666666667 0,000000006201073
0,9670000000 0,000000006138973
0,9673333333 0,000000006076874
0,9676666667 0,000000006014778
0,9680000000 0,000000005952683
0,9683333333 0,000000005890590
0,9686666667 0,000000005828498
0,9690000000 0,000000005766409
0,9693333333 0,000000005704321
0,9696666667 0,000000005642235
0,9700000000 0,000000005580151
0,9703333333 0,000000005518069
0,9706666667 0,000000005455989
0,9710000000 0,000000005393910
0,9713333333 0,000000005331834
0,9716666667 0,000000005269759
0,9720000000 0,000000005207686
0,9723333333 0,000000005145614
0,9726666667 0,000000005083545
0,9730000000 0,000000005021477
0,9733333333 0,000000004959411
0,9736666667 0,000000004897347
0,9740000000 0,000000004835285
0,9743333333 0,000000004773224
0,9746666667 0,000000004711166
0,9750000000 0,000000004649109
0,9753333333 0,000000004587054
0,9756666667 0,000000004525001
0,9760000000 0,000000004462949
0,9763333333 0,000000004400900
0,9766666667 0,000000004338852
0,9770000000 0,000000004276806
0,9773333333 0,000000004214762
0,9776666667 0,000000004152720
0,9780000000 0,000000004090679
0,9783333333 0,000000004028640
0,9786666667 0,000000003966603
0,9790000000 0,000000003904568
0,9793333333 0,000000003842535
0,9796666667 0,000000003780504
0,9800000000 0,000000003718474
0,9803333333 0,000000003656446
0,9806666667 0,000000003594420
0,9810000000 0,000000003532396
0,9813333333 0,000000003470373
0,9816666667 0,000000003408353
0,9820000000 0,000000003346334
0,9823333333 0,000000003284317
0,9826666667 0,000000003222302
0,9830000000 0,000000003160288
0,9833333333 0,000000003098277
0,9836666667 0,000000003036267
0,9840000000 0,000000002974259
0,9843333333 0,000000002912253
0,9846666667 0,000000002850248
0,9850000000 0,000000002788246
0,9853333333 0,000000002726245
0,9856666667 0,000000002664246
0,9860000000 0,000000002602249
0,9863333333 0,000000002540254
0,9866666667 0,000000002478260
0,9870000000 0,000000002416269
0,9873333333 0,000000002354279
0,9876666667 0,000000002292291
0,9880000000 0,000000002230304
0,9883333333 0,000000002168320
0,9886666667 0,000000002106337
0,9890000000 0,000000002044356
0,9893333333 0,000000001982377
0,9896666667 0,000000001920400
0,9900000000 0,000000001858424
0,9903333333 0,000000001796451
0,9906666667 0,000000001734479
0,9910000000 0,000000001672509
0,9913333333 0,000000001610541
0,9916666667 0,000000001548574
0,9920000000 0,000000001486610
0,9923333333 0,000000001424647
0,9926666667 0,000000001362686
0,9930000000 0,000000001300726
0,9933333333 0,000000001238769
0,9936666667 0,000000001176813
0,9940000000 0,000000001114860
0,9943333333 0,000000001052908
0,9946666667 0,000000000990957
0,9950000000 0,000000000929009
0,9953333333 0,000000000867062
0,9956666667 0,000000000805118
0,9960000000 0,000000000743175
0,9963333333 0,000000000681233
0,9966666667 0,000000000619294
0,9970000000 0,000000000557356
0,9973333333 0,000000000495421
0,9976666667 0,000000000433487
0,9980000000 0,000000000371554
0,9983333333 0,000000000309624
0,9986666667 0,000000000247695
0,9990000000 0,000000000185769
0,9993333333 0,000000000123844
0,9996666667 0,000000000061920
