0.0000000000 0.000000185426285
0.0003333333 0.000000185364260
0.0006666667 0.000000185302384
0.0010000000 0.000000185240509
0.0013333333 0.000000185178633
0.0016666667 0.000000185116758
0.0020000000 0.000000185054883
0.0023333333 0.000000184993009
0.0026666667 0.000000184931134
0.0030000000 0.000000184869259
0.0033333333 0.000000184807385
0.0036666667 0.000000184745511
0.0040000000 0.000000184683636
0.0043333333 0.000000184621762
0.0046666667 0.000000184559889
0.0050000000 0.000000184498015
0.0053333333 0.000000184436141
0.0056666667 0.000000184374268
0.0060000000 0.000000184312395
0.0063333333 0.000000184250521
0.0066666667 0.000000184188648
0.0070000000 0.000000184126776
0.0073333333 0.000000184064903
0.0076666667 0.000000184003030
0.0080000000 0.000000183941158
0.0083333333 0.000000183879285
0.0086666667 0.000000183817413
0.0090000000 0.000000183755541
0.0093333333 0.000000183693669
0.0096666667 0.000000183631797
0.0100000000 0.000000183569926
0.0103333333 0.000000183508054
0.0106666667 0.000000183446183
0.0110000000 0.000000183384312
0.0113333333 0.000000183322441
0.0116666667 0.000000183260570
0.0120000000 0.000000183198699
0.0123333333 0.000000183136828
0.0126666667 0.000000183074958
0.0130000000 0.000000183013087
0.0133333333 0.000000182951217
0.0136666667 0.000000182889347
0.0140000000 0.000000182827477
0.0143333333 0.000000182765607
0.0146666667 0.000000182703737
0.0150000000 0.000000182641868
0.0153333333 0.000000182579998
0.0156666667 0.000000182518129
0.0160000000 0.000000182456260
0.0163333333 0.000000182394391
0.0166666667 0.000000182332522
0.0170000000 0.000000182270653
0.0173333333 0.000000182208785
0.0176666667 0.000000182146916
0.0180000000 0.000000182085048
0.0183333333 0.000000182023179
0.0186666667 0.000000181961311
0.0190000000 0.000000181899443
0.0193333333 0.000000181837576
0.0196666667 0.000000181775708
0.0200000000 0.000000181713840
0.0203333333 0.000000181651973
0.0206666667 0.000000181590106
0.0210000000 0.000000181528239
0.0213333333 0.000000181466372
0.0216666667 0.000000181404505
0.0220000000 0.000000181342638
0.0223333333 0.000000181280772
0.0226666667 0.000000181218905
0.0230000000 0.000000181157039
0.0233333333 0.000000181095173
0.0236666667 0.000000181033307
0.0240000000 0.000000180971441
0.0243333333 0.000000180909575
0.0246666667 0.000000180847709
0.0250000000 0.000000180785844
0.0253333333 0.000000180723978
0.0256666667 0.000000180662113
0.0260000000 0.000000180600248
0.0263333333 0.000000180538383
0.0266666667 0.000000180476518
0.0270000000 0.000000180414653
0.0273333333 0.000000180352789
0.0276666667 0.000000180290924
0.0280000000 0.000000180229060
0.0283333333 0.000000180167196
0.0286666667 0.000000180105332
0.0290000000 0.000000180043468
0.0293333333 0.000000179981604
0.0296666667 0.000000179919741
0.0300000000 0.000000179857877
0.0303333333 0.000000179796014
0.0306666667 0.000000179734151
0.0310000000 0.000000179672288
0.0313333333 0.000000179610425
0.0316666667 0.000000179548562
0.0320000000 0.000000179486699
0.0323333333 0.000000179424836
0.0326666667 0.000000179362974
0.0330000000 0.000000179301112
0.0333333333 0.000000179239250
0.0336666667 0.000000179177388
0.0340000000 0.000000179115526
0.0343333333 0.000000179053664
0.0346666667 0.000000178991802
0.0350000000 0.000000178929941
0.0353333333 0.000000178868079
0.0356666667 0.000000178806218
0.0360000000 0.000000178744357
0.0363333333 0.000000178682496
0.0366666667 0.000000178620635
0.0370000000 0.000000178558774
0.0373333333 0.000000178496914
0.0376666667 0.000000178435053
0.0380000000 0.000000178373193
0.0383333333 0.000000178311333
0.0386666667 0.000000178249473
0.0390000000 0.000000178187613
0.0393333333 0.000000178125753
0.0396666667 0.000000178063893
0.0400000000 0.000000178002034
0.0403333333 0.000000177940175
0.0406666667 0.000000177878315
0.0410000000 0.000000177816456
0.0413333333 0.000000177754597
0.0416666667 0.000000177692738
0.0420000000 0.000000177630880
0.0423333333 0.000000177569021
0.0426666667 0.000000177507162
0.0430000000 0.000000177445304
0.0433333333 0.000000177383446
0.0436666667 0.000000177321588
0.0440000000 0.000000177259730
0.0443333333 0.000000177197872
0.0446666667 0.000000177136014
0.0450000000 0.000000177074157
0.0453333333 0.000000177012299
0.0456666667 0.000000176950442
0.0460000000 0.000000176888585
0.0463333333 0.000000176826728
0.0466666667 0.000000176764871
0.0470000000 0.000000176703014
0.0473333333 0.000000176641157
0.0476666667 0.000000176579301
0.0480000000 0.000000176517444
0.0483333333 0.000000176455588
0.0486666667 0.000000176393732
0.0490000000 0.000000176331876
0.0493333333 0.000000176270020
0.0496666667 0.000000176208164
0.0500000000 0.000000176146309
0.0503333333 0.000000176084453
0.0506666667 0.000000176022598
0.0510000000 0.000000175960742
0.0513333333 0.000000175898887
0.0516666667 0.000000175837032
0.0520000000 0.000000175775177
0.0523333333 0.000000175713323
0.0526666667 0.000000175651468
0.0530000000 0.000000175589614
0.0533333333 0.000000175527759
0.0536666667 0.000000175465905
0.0540000000 0.000000175404051
0.0543333333 0.000000175342197
0.0546666667 0.000000175280343
0.0550000000 0.000000175218489
0.0553333333 0.000000175156636
0.0556666667 0.000000175094782
0.0560000000 0.000000175032929
0.0563333333 0.000000174971076
0.0566666667 0.000000174909223
0.0570000000 0.000000174847370
0.0573333333 0.000000174785517
0.0576666667 0.000000174723664
0.0580000000 0.000000174661812
0.0583333333 0.000000174599959
0.0586666667 0.000000174538107
0.0590000000 0.000000174476255
0.0593333333 0.000000174414403
0.0596666667 0.000000174352551
0.0600000000 0.000000174290699
0.0603333333 0.000000174228847
0.0606666667 0.000000174166996
0.0610000000 0.000000174105144
0.0613333333 0.000000174043293
0.0616666667 0.000000173981442
0.0620000000 0.000000173919591
0.0623333333 0.000000173857740
0.0626666667 0.000000173795889
0.0630000000 0.000000173734038
0.0633333333 0.000000173672188
0.0636666667 0.000000173610337
0.0640000000 0.000000173548487
0.0643333333 0.000000173486637
0.0646666667 0.000000173424787
0.0650000000 0.000000173362937
0.0653333333 0.000000173301087
0.0656666667 0.000000173239237
0.0660000000 0.000000173177388
0.0663333333 0.000000173115538
0.0666666667 0.000000173053689
0.0670000000 0.000000172991840
0.0673333333 0.000000172929991
0.0676666667 0.000000172868142
0.0680000000 0.000000172806293
0.0683333333 0.000000172744444
0.0686666667 0.000000172682596
0.0690000000 0.000000172620747
0.0693333333 0.000000172558899
0.0696666667 0.000000172497051
0.0700000000 0.000000172435203
0.0703333333 0.000000172373355
0.0706666667 0.000000172311507
0.0710000000 0.000000172249659
0.0713333333 0.000000172187812
0.0716666667 0.000000172125964
0.0720000000 0.000000172064117
0.0723333333 0.000000172002270
0.0726666667 0.000000171940423
0.0730000000 0.000000171878576
0.0733333333 0.000000171816729
0.0736666667 0.000000171754882
0.0740000000 0.000000171693036
0.0743333333 0.000000171631189
0.0746666667 0.000000171569343
0.0750000000 0.000000171507497
0.0753333333 0.000000171445650
0.0756666667 0.000000171383804
0.0760000000 0.000000171321959
0.0763333333 0.000000171260113
0.0766666667 0.000000171198267
0.0770000000 0.000000171136422
0.0773333333 0.000000171074576
0.0776666667 0.000000171012731
0.0780000000 0.000000170950886
0.0783333333 0.000000170889041
0.0786666667 0.000000170827196
0.0790000000 0.000000170765351
0.0793333333 0.000000170703507
0.0796666667 0.000000170641662
0.0800000000 0.000000170579818
0.0803333333 0.000000170517974
0.0806666667 0.000000170456129
0.0810000000 0.000000170394285
0.0813333333 0.000000170332442
0.0816666667 0.000000170270598
0.0820000000 0.000000170208754
0.0823333333 0.000000170146911
0.0826666667 0.000000170085067
0.0830000000 0.000000170023224
0.0833333333 0.000000169961381
0.0836666667 0.000000169899538
0.0840000000 0.000000169837695
0.0843333333 0.000000169775852
0.0846666667 0.000000169714009
0.0850000000 0.000000169652167
0.0853333333 0.000000169590324
0.0856666667 0.000000169528482
0.0860000000 0.000000169466640
0.0863333333 0.000000169404797
0.0866666667 0.000000169342955
0.0870000000 0.000000169281114
0.0873333333 0.000000169219272
0.0876666667 0.000000169157430
0.0880000000 0.000000169095589
0.0883333333 0.000000169033747
0.0886666667 0.000000168971906
0.0890000000 0.000000168910065
0.0893333333 0.000000168848224
0.0896666667 0.000000168786383
0.0900000000 0.000000168724542
0.0903333333 0.000000168662702
0.0906666667 0.000000168600861
0.0910000000 0.000000168539021
0.0913333333 0.000000168477180
0.0916666667 0.000000168415340
0.0920000000 0.000000168353500
0.0923333333 0.000000168291660
0.0926666667 0.000000168229820
0.0930000000 0.000000168167980
0.0933333333 0.000000168106141
0.0936666667 0.000000168044301
0.0940000000 0.000000167982462
0.0943333333 0.000000167920623
0.0946666667 0.000000167858784
0.0950000000 0.000000167796945
0.0953333333 0.000000167735106
0.0956666667 0.000000167673267
0.0960000000 0.000000167611428
0.0963333333 0.000000167549590
0.0966666667 0.000000167487751
0.0970000000 0.000000167425913
0.0973333333 0.000000167364075
0.0976666667 0.000000167302237
0.0980000000 0.000000167240399
0.0983333333 0.000000167178561
0.0986666667 0.000000167116723
0.0990000000 0.000000167054886
0.0993333333 0.000000166993048
0.0996666667 0.000000166931211
0.1000000000 0.000000166869373
0.1003333333 0.000000166807536
0.1006666667 0.000000166745699
0.1010000000 0.000000166683862
0.1013333333 0.000000166622026
0.1016666667 0.000000166560189
0.1020000000 0.000000166498352
0.1023333333 0.000000166436516
0.1026666667 0.000000166374680
0.1030000000 0.000000166312843
0.1033333333 0.000000166251007
0.1036666667 0.000000166189171
0.1040000000 0.000000166127335
0.1043333333 0.000000166065500
0.1046666667 0.000000166003664
0.1050000000 0.000000165941828
0.1053333333 0.000000165879993
0.1056666667 0.000000165818158
0.1060000000 0.000000165756323
0.1063333333 0.000000165694488
0.1066666667 0.000000165632653
0.1070000000 0.000000165570818
0.1073333333 0.000000165508983
0.1076666667 0.000000165447148
0.1080000000 0.000000165385314
0.1083333333 0.000000165323480
0.1086666667 0.000000165261645
0.1090000000 0.000000165199811
0.1093333333 0.000000165137977
0.1096666667 0.000000165076143
0.1100000000 0.000000165014309
0.1103333333 0.000000164952476
0.1106666667 0.000000164890642
0.1110000000 0.000000164828809
0.1113333333 0.000000164766975
0.1116666667 0.000000164705142
0.1120000000 0.000000164643309
0.1123333333 0.000000164581476
0.1126666667 0.000000164519643
0.1130000000 0.000000164457810
0.1133333333 0.000000164395978
0.1136666667 0.000000164334145
0.1140000000 0.000000164272313
0.1143333333 0.000000164210480
0.1146666667 0.000000164148648
0.1150000000 0.000000164086816
0.1153333333 0.000000164024984
0.1156666667 0.000000163963152
0.1160000000 0.000000163901320
0.1163333333 0.000000163839489
0.1166666667 0.000000163777657
0.1170000000 0.000000163715826
0.1173333333 0.000000163653994
0.1176666667 0.000000163592163
0.1180000000 0.000000163530332
0.1183333333 0.000000163468501
0.1186666667 0.000000163406670
0.1190000000 0.000000163344839
0.1193333333 0.000000163283009
0.1196666667 0.000000163221178
0.1200000000 0.000000163159348
0.1203333333 0.000000163097517
0.1206666667 0.000000163035687
0.1210000000 0.000000162973857
0.1213333333 0.000000162912027
0.1216666667 0.000000162850197
0.1220000000 0.000000162788367
0.1223333333 0.000000162726538
0.1226666667 0.000000162664708
0.1230000000 0.000000162602879
0.1233333333 0.000000162541050
0.1236666667 0.000000162479220
0.1240000000 0.000000162417391
0.1243333333 0.000000162355562
0.1246666667 0.000000162293733
0.1250000000 0.000000162231905
0.1253333333 0.000000162170076
0.1256666667 0.000000162108247
0.1260000000 0.000000162046419
0.1263333333 0.000000161984591
0.1266666667 0.000000161922762
0.1270000000 0.000000161860934
0.1273333333 0.000000161799106
0.1276666667 0.000000161737278
0.1280000000 0.000000161675451
0.1283333333 0.000000161613623
0.1286666667 0.000000161551795
0.1290000000 0.000000161489968
0.1293333333 0.000000161428141
0.1296666667 0.000000161366313
0.1300000000 0.000000161304486
0.1303333333 0.000000161242659
0.1306666667 0.000000161180832
0.1310000000 0.000000161119006
0.1313333333 0.000000161057179
0.1316666667 0.000000160995352
0.1320000000 0.000000160933526
0.1323333333 0.000000160871699
0.1326666667 0.000000160809873
0.1330000000 0.000000160748047
0.1333333333 0.000000160686221
0.1336666667 0.000000160624395
0.1340000000 0.000000160562569
0.1343333333 0.000000160500743
0.1346666667 0.000000160438918
0.1350000000 0.000000160377092
0.1353333333 0.000000160315267
0.1356666667 0.000000160253442
0.1360000000 0.000000160191616
0.1363333333 0.000000160129791
0.1366666667 0.000000160067966
0.1370000000 0.000000160006142
0.1373333333 0.000000159944317
0.1376666667 0.000000159882492
0.1380000000 0.000000159820668
0.1383333333 0.000000159758843
0.1386666667 0.000000159697019
0.1390000000 0.000000159635195
0.1393333333 0.000000159573371
0.1396666667 0.000000159511547
0.1400000000 0.000000159449723
0.1403333333 0.000000159387899
0.1406666667 0.000000159326075
0.1410000000 0.000000159264252
0.1413333333 0.000000159202428
0.1416666667 0.000000159140605
0.1420000000 0.000000159078781
0.1423333333 0.000000159016958
0.1426666667 0.000000158955135
0.1430000000 0.000000158893312
0.1433333333 0.000000158831489
0.1436666667 0.000000158769667
0.1440000000 0.000000158707844
0.1443333333 0.000000158646022
0.1446666667 0.000000158584199
0.1450000000 0.000000158522377
0.1453333333 0.000000158460555
0.1456666667 0.000000158398732
0.1460000000 0.000000158336910
0.1463333333 0.000000158275089
0.1466666667 0.000000158213267
0.1470000000 0.000000158151445
0.1473333333 0.000000158089623
0.1476666667 0.000000158027802
0.1480000000 0.000000157965981
0.1483333333 0.000000157904159
0.1486666667 0.000000157842338
0.1490000000 0.000000157780517
0.1493333333 0.000000157718696
0.1496666667 0.000000157656875
0.1500000000 0.000000157595055
0.1503333333 0.000000157533234
0.1506666667 0.000000157471413
0.1510000000 0.000000157409593
0.1513333333 0.000000157347773
0.1516666667 0.000000157285952
0.1520000000 0.000000157224132
0.1523333333 0.000000157162312
0.1526666667 0.000000157100492
0.1530000000 0.000000157038672
0.1533333333 0.000000156976853
0.1536666667 0.000000156915033
0.1540000000 0.000000156853214
0.1543333333 0.000000156791394
0.1546666667 0.000000156729575
0.1550000000 0.000000156667756
0.1553333333 0.000000156605936
0.1556666667 0.000000156544117
0.1560000000 0.000000156482299
0.1563333333 0.000000156420480
0.1566666667 0.000000156358661
0.1570000000 0.000000156296842
0.1573333333 0.000000156235024
0.1576666667 0.000000156173206
0.1580000000 0.000000156111387
0.1583333333 0.000000156049569
0.1586666667 0.000000155987751
0.1590000000 0.000000155925933
0.1593333333 0.000000155864115
0.1596666667 0.000000155802297
0.1600000000 0.000000155740480
0.1603333333 0.000000155678662
0.1606666667 0.000000155616845
0.1610000000 0.000000155555027
0.1613333333 0.000000155493210
0.1616666667 0.000000155431393
0.1620000000 0.000000155369576
0.1623333333 0.000000155307759
0.1626666667 0.000000155245942
0.1630000000 0.000000155184125
0.1633333333 0.000000155122308
0.1636666667 0.000000155060492
0.1640000000 0.000000154998675
0.1643333333 0.000000154936859
0.1646666667 0.000000154875043
0.1650000000 0.000000154813226
0.1653333333 0.000000154751410
0.1656666667 0.000000154689594
0.1660000000 0.000000154627779
0.1663333333 0.000000154565963
0.1666666667 0.000000154504147
0.1670000000 0.000000154442331
0.1673333333 0.000000154380516
0.1676666667 0.000000154318701
0.1680000000 0.000000154256885
0.1683333333 0.000000154195070
0.1686666667 0.000000154133255
0.1690000000 0.000000154071440
0.1693333333 0.000000154009625
0.1696666667 0.000000153947810
0.1700000000 0.000000153885996
0.1703333333 0.000000153824181
0.1706666667 0.000000153762367
0.1710000000 0.000000153700552
0.1713333333 0.000000153638738
0.1716666667 0.000000153576924
0.1720000000 0.000000153515110
0.1723333333 0.000000153453296
0.1726666667 0.000000153391482
0.1730000000 0.000000153329668
0.1733333333 0.000000153267854
0.1736666667 0.000000153206041
0.1740000000 0.000000153144227
0.1743333333 0.000000153082414
0.1746666667 0.000000153020600
0.1750000000 0.000000152958787
0.1753333333 0.000000152896974
0.1756666667 0.000000152835161
0.1760000000 0.000000152773348
0.1763333333 0.000000152711535
0.1766666667 0.000000152649722
0.1770000000 0.000000152587910
0.1773333333 0.000000152526097
0.1776666667 0.000000152464285
0.1780000000 0.000000152402472
0.1783333333 0.000000152340660
0.1786666667 0.000000152278848
0.1790000000 0.000000152217036
0.1793333333 0.000000152155224
0.1796666667 0.000000152093412
0.1800000000 0.000000152031600
0.1803333333 0.000000151969789
0.1806666667 0.000000151907977
0.1810000000 0.000000151846165
0.1813333333 0.000000151784354
0.1816666667 0.000000151722543
0.1820000000 0.000000151660732
0.1823333333 0.000000151598920
0.1826666667 0.000000151537109
0.1830000000 0.000000151475298
0.1833333333 0.000000151413488
0.1836666667 0.000000151351677
0.1840000000 0.000000151289866
0.1843333333 0.000000151228056
0.1846666667 0.000000151166245
0.1850000000 0.000000151104435
0.1853333333 0.000000151042625
0.1856666667 0.000000150980814
0.1860000000 0.000000150919004
0.1863333333 0.000000150857194
0.1866666667 0.000000150795385
0.1870000000 0.000000150733575
0.1873333333 0.000000150671765
0.1876666667 0.000000150609955
0.1880000000 0.000000150548146
0.1883333333 0.000000150486337
0.1886666667 0.000000150424527
0.1890000000 0.000000150362718
0.1893333333 0.000000150300909
0.1896666667 0.000000150239100
0.1900000000 0.000000150177291
0.1903333333 0.000000150115482
0.1906666667 0.000000150053673
0.1910000000 0.000000149991865
0.1913333333 0.000000149930056
0.1916666667 0.000000149868247
0.1920000000 0.000000149806439
0.1923333333 0.000000149744631
0.1926666667 0.000000149682823
0.1930000000 0.000000149621014
0.1933333333 0.000000149559206
0.1936666667 0.000000149497398
0.1940000000 0.000000149435591
0.1943333333 0.000000149373783
0.1946666667 0.000000149311975
0.1950000000 0.000000149250168
0.1953333333 0.000000149188360
0.1956666667 0.000000149126553
0.1960000000 0.000000149064746
0.1963333333 0.000000149002938
0.1966666667 0.000000148941131
0.1970000000 0.000000148879324
0.1973333333 0.000000148817517
0.1976666667 0.000000148755710
0.1980000000 0.000000148693904
0.1983333333 0.000000148632097
0.1986666667 0.000000148570291
0.1990000000 0.000000148508484
0.1993333333 0.000000148446678
0.1996666667 0.000000148384871
0.2000000000 0.000000148323065
0.2003333333 0.000000148261259
0.2006666667 0.000000148199453
0.2010000000 0.000000148137647
0.2013333333 0.000000148075841
0.2016666667 0.000000148014036
0.2020000000 0.000000147952230
0.2023333333 0.000000147890424
0.2026666667 0.000000147828619
0.2030000000 0.000000147766813
0.2033333333 0.000000147705008
0.2036666667 0.000000147643203
0.2040000000 0.000000147581398
0.2043333333 0.000000147519593
0.2046666667 0.000000147457788
0.2050000000 0.000000147395983
0.2053333333 0.000000147334178
0.2056666667 0.000000147272374
0.2060000000 0.000000147210569
0.2063333333 0.000000147148764
0.2066666667 0.000000147086960
0.2070000000 0.000000147025156
0.2073333333 0.000000146963351
0.2076666667 0.000000146901547
0.2080000000 0.000000146839743
0.2083333333 0.000000146777939
0.2086666667 0.000000146716135
0.2090000000 0.000000146654332
0.2093333333 0.000000146592528
0.2096666667 0.000000146530724
0.2100000000 0.000000146468921
0.2103333333 0.000000146407117
0.2106666667 0.000000146345314
0.2110000000 0.000000146283511
0.2113333333 0.000000146221708
0.2116666667 0.000000146159904
0.2120000000 0.000000146098101
0.2123333333 0.000000146036299
0.2126666667 0.000000145974496
0.2130000000 0.000000145912693
0.2133333333 0.000000145850890
0.2136666667 0.000000145789088
0.2140000000 0.000000145727285
0.2143333333 0.000000145665483
0.2146666667 0.000000145603681
0.2150000000 0.000000145541878
0.2153333333 0.000000145480076
0.2156666667 0.000000145418274
0.2160000000 0.000000145356472
0.2163333333 0.000000145294670
0.2166666667 0.000000145232869
0.2170000000 0.000000145171067
0.2173333333 0.000000145109265
0.2176666667 0.000000145047464
0.2180000000 0.000000144985662
0.2183333333 0.000000144923861
0.2186666667 0.000000144862060
0.2190000000 0.000000144800258
0.2193333333 0.000000144738457
0.2196666667 0.000000144676656
0.2200000000 0.000000144614855
0.2203333333 0.000000144553054
0.2206666667 0.000000144491254
0.2210000000 0.000000144429453
0.2213333333 0.000000144367652
0.2216666667 0.000000144305852
0.2220000000 0.000000144244051
0.2223333333 0.000000144182251
0.2226666667 0.000000144120451
0.2230000000 0.000000144058651
0.2233333333 0.000000143996851
0.2236666667 0.000000143935051
0.2240000000 0.000000143873251
0.2243333333 0.000000143811451
0.2246666667 0.000000143749651
0.2250000000 0.000000143687851
0.2253333333 0.000000143626052
0.2256666667 0.000000143564252
0.2260000000 0.000000143502453
0.2263333333 0.000000143440653
0.2266666667 0.000000143378854
0.2270000000 0.000000143317055
0.2273333333 0.000000143255256
0.2276666667 0.000000143193457
0.2280000000 0.000000143131658
0.2283333333 0.000000143069859
0.2286666667 0.000000143008060
0.2290000000 0.000000142946262
0.2293333333 0.000000142884463
0.2296666667 0.000000142822665
0.2300000000 0.000000142760866
0.2303333333 0.000000142699068
0.2306666667 0.000000142637269
0.2310000000 0.000000142575471
0.2313333333 0.000000142513673
0.2316666667 0.000000142451875
0.2320000000 0.000000142390077
0.2323333333 0.000000142328279
0.2326666667 0.000000142266482
0.2330000000 0.000000142204684
0.2333333333 0.000000142142886
0.2336666667 0.000000142081089
0.2340000000 0.000000142019291
0.2343333333 0.000000141957494
0.2346666667 0.000000141895697
0.2350000000 0.000000141833899
0.2353333333 0.000000141772102
0.2356666667 0.000000141710305
0.2360000000 0.000000141648508
0.2363333333 0.000000141586711
0.2366666667 0.000000141524915
0.2370000000 0.000000141463118
0.2373333333 0.000000141401321
0.2376666667 0.000000141339525
0.2380000000 0.000000141277728
0.2383333333 0.000000141215932
0.2386666667 0.000000141154135
0.2390000000 0.000000141092339
0.2393333333 0.000000141030543
0.2396666667 0.000000140968747
0.2400000000 0.000000140906951
0.2403333333 0.000000140845155
0.2406666667 0.000000140783359
0.2410000000 0.000000140721563
0.2413333333 0.000000140659768
0.2416666667 0.000000140597972
0.2420000000 0.000000140536176
0.2423333333 0.000000140474381
0.2426666667 0.000000140412586
0.2430000000 0.000000140350790
0.2433333333 0.000000140288995
0.2436666667 0.000000140227200
0.2440000000 0.000000140165405
0.2443333333 0.000000140103610
0.2446666667 0.000000140041815
0.2450000000 0.000000139980020
0.2453333333 0.000000139918225
0.2456666667 0.000000139856431
0.2460000000 0.000000139794636
0.2463333333 0.000000139732842
0.2466666667 0.000000139671047
0.2470000000 0.000000139609253
0.2473333333 0.000000139547459
0.2476666667 0.000000139485664
0.2480000000 0.000000139423870
0.2483333333 0.000000139362076
0.2486666667 0.000000139300282
0.2490000000 0.000000139238488
0.2493333333 0.000000139176694
0.2496666667 0.000000139114901
0.2500000000 0.000000139053107
0.2503333333 0.000000138991313
0.2506666667 0.000000138929520
0.2510000000 0.000000138867726
0.2513333333 0.000000138805933
0.2516666667 0.000000138744140
0.2520000000 0.000000138682347
0.2523333333 0.000000138620553
0.2526666667 0.000000138558760
0.2530000000 0.000000138496967
0.2533333333 0.000000138435174
0.2536666667 0.000000138373382
0.2540000000 0.000000138311589
0.2543333333 0.000000138249796
0.2546666667 0.000000138188004
0.2550000000 0.000000138126211
0.2553333333 0.000000138064419
0.2556666667 0.000000138002626
0.2560000000 0.000000137940834
0.2563333333 0.000000137879042
0.2566666667 0.000000137817249
0.2570000000 0.000000137755457
0.2573333333 0.000000137693665
0.2576666667 0.000000137631873
0.2580000000 0.000000137570082
0.2583333333 0.000000137508290
0.2586666667 0.000000137446498
0.2590000000 0.000000137384706
0.2593333333 0.000000137322915
0.2596666667 0.000000137261123
0.2600000000 0.000000137199332
0.2603333333 0.000000137137541
0.2606666667 0.000000137075749
0.2610000000 0.000000137013958
0.2613333333 0.000000136952167
0.2616666667 0.000000136890376
0.2620000000 0.000000136828585
0.2623333333 0.000000136766794
0.2626666667 0.000000136705003
0.2630000000 0.000000136643213
0.2633333333 0.000000136581422
0.2636666667 0.000000136519631
0.2640000000 0.000000136457841
0.2643333333 0.000000136396050
0.2646666667 0.000000136334260
0.2650000000 0.000000136272469
0.2653333333 0.000000136210679
0.2656666667 0.000000136148889
0.2660000000 0.000000136087099
0.2663333333 0.000000136025309
0.2666666667 0.000000135963519
0.2670000000 0.000000135901729
0.2673333333 0.000000135839939
0.2676666667 0.000000135778149
0.2680000000 0.000000135716360
0.2683333333 0.000000135654570
0.2686666667 0.000000135592781
0.2690000000 0.000000135530991
0.2693333333 0.000000135469202
0.2696666667 0.000000135407413
0.2700000000 0.000000135345623
0.2703333333 0.000000135283834
0.2706666667 0.000000135222045
0.2710000000 0.000000135160256
0.2713333333 0.000000135098467
0.2716666667 0.000000135036678
0.2720000000 0.000000134974889
0.2723333333 0.000000134913100
0.2726666667 0.000000134851312
0.2730000000 0.000000134789523
0.2733333333 0.000000134727735
0.2736666667 0.000000134665946
0.2740000000 0.000000134604158
0.2743333333 0.000000134542369
0.2746666667 0.000000134480581
0.2750000000 0.000000134418793
0.2753333333 0.000000134357005
0.2756666667 0.000000134295217
0.2760000000 0.000000134233429
0.2763333333 0.000000134171641
0.2766666667 0.000000134109853
0.2770000000 0.000000134048065
0.2773333333 0.000000133986278
0.2776666667 0.000000133924490
0.2780000000 0.000000133862702
0.2783333333 0.000000133800915
0.2786666667 0.000000133739127
0.2790000000 0.000000133677340
0.2793333333 0.000000133615553
0.2796666667 0.000000133553765
0.2800000000 0.000000133491978
0.2803333333 0.000000133430191
0.2806666667 0.000000133368404
0.2810000000 0.000000133306617
0.2813333333 0.000000133244830
0.2816666667 0.000000133183043
0.2820000000 0.000000133121257
0.2823333333 0.000000133059470
0.2826666667 0.000000132997683
0.2830000000 0.000000132935897
0.2833333333 0.000000132874110
0.2836666667 0.000000132812324
0.2840000000 0.000000132750538
0.2843333333 0.000000132688751
0.2846666667 0.000000132626965
0.2850000000 0.000000132565179
0.2853333333 0.000000132503393
0.2856666667 0.000000132441607
0.2860000000 0.000000132379821
0.2863333333 0.000000132318035
0.2866666667 0.000000132256249
0.2870000000 0.000000132194463
0.2873333333 0.000000132132678
0.2876666667 0.000000132070892
0.2880000000 0.000000132009106
0.2883333333 0.000000131947321
0.2886666667 0.000000131885536
0.2890000000 0.000000131823750
0.2893333333 0.000000131761965
0.2896666667 0.000000131700180
0.2900000000 0.000000131638394
0.2903333333 0.000000131576609
0.2906666667 0.000000131514824
0.2910000000 0.000000131453039
0.2913333333 0.000000131391254
0.2916666667 0.000000131329470
0.2920000000 0.000000131267685
0.2923333333 0.000000131205900
0.2926666667 0.000000131144115
0.2930000000 0.000000131082331
0.2933333333 0.000000131020546
0.2936666667 0.000000130958762
0.2940000000 0.000000130896977
0.2943333333 0.000000130835193
0.2946666667 0.000000130773409
0.2950000000 0.000000130711625
0.2953333333 0.000000130649841
0.2956666667 0.000000130588056
0.2960000000 0.000000130526272
0.2963333333 0.000000130464489
0.2966666667 0.000000130402705
0.2970000000 0.000000130340921
0.2973333333 0.000000130279137
0.2976666667 0.000000130217353
0.2980000000 0.000000130155570
0.2983333333 0.000000130093786
0.2986666667 0.000000130032003
0.2990000000 0.000000129970219
0.2993333333 0.000000129908436
0.2996666667 0.000000129846652
0.3000000000 0.000000129784869
0.3003333333 0.000000129723086
0.3006666667 0.000000129661303
0.3010000000 0.000000129599520
0.3013333333 0.000000129537737
0.3016666667 0.000000129475954
0.3020000000 0.000000129414171
0.3023333333 0.000000129352388
0.3026666667 0.000000129290605
0.3030000000 0.000000129228823
0.3033333333 0.000000129167040
0.3036666667 0.000000129105257
0.3040000000 0.000000129043475
0.3043333333 0.000000128981692
0.3046666667 0.000000128919910
0.3050000000 0.000000128858128
0.3053333333 0.000000128796345
0.3056666667 0.000000128734563
0.3060000000 0.000000128672781
0.3063333333 0.000000128610999
0.3066666667 0.000000128549217
0.3070000000 0.000000128487435
0.3073333333 0.000000128425653
0.3076666667 0.000000128363871
0.3080000000 0.000000128302089
0.3083333333 0.000000128240308
0.3086666667 0.000000128178526
0.3090000000 0.000000128116744
0.3093333333 0.000000128054963
0.3096666667 0.000000127993181
0.3100000000 0.000000127931400
0.3103333333 0.000000127869618
0.3106666667 0.000000127807837
0.3110000000 0.000000127746056
0.3113333333 0.000000127684275
0.3116666667 0.000000127622494
0.3120000000 0.000000127560712
0.3123333333 0.000000127498931
0.3126666667 0.000000127437150
0.3130000000 0.000000127375370
0.3133333333 0.000000127313589
0.3136666667 0.000000127251808
0.3140000000 0.000000127190027
0.3143333333 0.000000127128246
0.3146666667 0.000000127066466
0.3150000000 0.000000127004685
0.3153333333 0.000000126942905
0.3156666667 0.000000126881124
0.3160000000 0.000000126819344
0.3163333333 0.000000126757564
0.3166666667 0.000000126695783
0.3170000000 0.000000126634003
0.3173333333 0.000000126572223
0.3176666667 0.000000126510443
0.3180000000 0.000000126448663
0.3183333333 0.000000126386883
0.3186666667 0.000000126325103
0.3190000000 0.000000126263323
0.3193333333 0.000000126201543
0.3196666667 0.000000126139763
0.3200000000 0.000000126077984
0.3203333333 0.000000126016204
0.3206666667 0.000000125954424
0.3210000000 0.000000125892645
0.3213333333 0.000000125830865
0.3216666667 0.000000125769086
0.3220000000 0.000000125707307
0.3223333333 0.000000125645527
0.3226666667 0.000000125583748
0.3230000000 0.000000125521969
0.3233333333 0.000000125460190
0.3236666667 0.000000125398411
0.3240000000 0.000000125336632
0.3243333333 0.000000125274853
0.3246666667 0.000000125213074
0.3250000000 0.000000125151295
0.3253333333 0.000000125089516
0.3256666667 0.000000125027737
0.3260000000 0.000000124965959
0.3263333333 0.000000124904180
0.3266666667 0.000000124842401
0.3270000000 0.000000124780623
0.3273333333 0.000000124718844
0.3276666667 0.000000124657066
0.3280000000 0.000000124595287
0.3283333333 0.000000124533509
0.3286666667 0.000000124471731
0.3290000000 0.000000124409953
0.3293333333 0.000000124348174
0.3296666667 0.000000124286396
0.3300000000 0.000000124224618
0.3303333333 0.000000124162840
0.3306666667 0.000000124101062
0.3310000000 0.000000124039284
0.3313333333 0.000000123977506
0.3316666667 0.000000123915729
0.3320000000 0.000000123853951
0.3323333333 0.000000123792173
0.3326666667 0.000000123730396
0.3330000000 0.000000123668618
0.3333333333 0.000000123606840
0.3336666667 0.000000123545063
0.3340000000 0.000000123483286
0.3343333333 0.000000123421508
0.3346666667 0.000000123359731
0.3350000000 0.000000123297954
0.3353333333 0.000000123236176
0.3356666667 0.000000123174399
0.3360000000 0.000000123112622
0.3363333333 0.000000123050845
0.3366666667 0.000000122989068
0.3370000000 0.000000122927291
0.3373333333 0.000000122865514
0.3376666667 0.000000122803737
0.3380000000 0.000000122741960
0.3383333333 0.000000122680184
0.3386666667 0.000000122618407
0.3390000000 0.000000122556630
0.3393333333 0.000000122494854
0.3396666667 0.000000122433077
0.3400000000 0.000000122371301
0.3403333333 0.000000122309524
0.3406666667 0.000000122247748
0.3410000000 0.000000122185971
0.3413333333 0.000000122124195
0.3416666667 0.000000122062419
0.3420000000 0.000000122000643
0.3423333333 0.000000121938866
0.3426666667 0.000000121877090
0.3430000000 0.000000121815314
0.3433333333 0.000000121753538
0.3436666667 0.000000121691762
0.3440000000 0.000000121629986
0.3443333333 0.000000121568210
0.3446666667 0.000000121506435
0.3450000000 0.000000121444659
0.3453333333 0.000000121382883
0.3456666667 0.000000121321107
0.3460000000 0.000000121259332
0.3463333333 0.000000121197556
0.3466666667 0.000000121135781
0.3470000000 0.000000121074005
0.3473333333 0.000000121012230
0.3476666667 0.000000120950454
0.3480000000 0.000000120888679
0.3483333333 0.000000120826904
0.3486666667 0.000000120765129
0.3490000000 0.000000120703353
0.3493333333 0.000000120641578
0.3496666667 0.000000120579803
0.3500000000 0.000000120518028
0.3503333333 0.000000120456253
0.3506666667 0.000000120394478
0.3510000000 0.000000120332703
0.3513333333 0.000000120270928
0.3516666667 0.000000120209154
0.3520000000 0.000000120147379
0.3523333333 0.000000120085604
0.3526666667 0.000000120023829
0.3530000000 0.000000119962055
0.3533333333 0.000000119900280
0.3536666667 0.000000119838506
0.3540000000 0.000000119776731
0.3543333333 0.000000119714957
0.3546666667 0.000000119653182
0.3550000000 0.000000119591408
0.3553333333 0.000000119529634
0.3556666667 0.000000119467859
0.3560000000 0.000000119406085
0.3563333333 0.000000119344311
0.3566666667 0.000000119282537
0.3570000000 0.000000119220763
0.3573333333 0.000000119158989
0.3576666667 0.000000119097215
0.3580000000 0.000000119035441
0.3583333333 0.000000118973667
0.3586666667 0.000000118911893
0.3590000000 0.000000118850119
0.3593333333 0.000000118788345
0.3596666667 0.000000118726572
0.3600000000 0.000000118664798
0.3603333333 0.000000118603024
0.3606666667 0.000000118541251
0.3610000000 0.000000118479477
0.3613333333 0.000000118417704
0.3616666667 0.000000118355930
0.3620000000 0.000000118294157
0.3623333333 0.000000118232383
0.3626666667 0.000000118170610
0.3630000000 0.000000118108837
0.3633333333 0.000000118047064
0.3636666667 0.000000117985290
0.3640000000 0.000000117923517
0.3643333333 0.000000117861744
0.3646666667 0.000000117799971
0.3650000000 0.000000117738198
0.3653333333 0.000000117676425
0.3656666667 0.000000117614652
0.3660000000 0.000000117552879
0.3663333333 0.000000117491106
0.3666666667 0.000000117429334
0.3670000000 0.000000117367561
0.3673333333 0.000000117305788
0.3676666667 0.000000117244015
0.3680000000 0.000000117182243
0.3683333333 0.000000117120470
0.3686666667 0.000000117058697
0.3690000000 0.000000116996925
0.3693333333 0.000000116935152
0.3696666667 0.000000116873380
0.3700000000 0.000000116811608
0.3703333333 0.000000116749835
0.3706666667 0.000000116688063
0.3710000000 0.000000116626291
0.3713333333 0.000000116564518
0.3716666667 0.000000116502746
0.3720000000 0.000000116440974
0.3723333333 0.000000116379202
0.3726666667 0.000000116317430
0.3730000000 0.000000116255658
0.3733333333 0.000000116193886
0.3736666667 0.000000116132114
0.3740000000 0.000000116070342
0.3743333333 0.000000116008570
0.3746666667 0.000000115946798
0.3750000000 0.000000115885026
0.3753333333 0.000000115823255
0.3756666667 0.000000115761483
0.3760000000 0.000000115699711
0.3763333333 0.000000115637940
0.3766666667 0.000000115576168
0.3770000000 0.000000115514396
0.3773333333 0.000000115452625
0.3776666667 0.000000115390853
0.3780000000 0.000000115329082
0.3783333333 0.000000115267311
0.3786666667 0.000000115205539
0.3790000000 0.000000115143768
0.3793333333 0.000000115081997
0.3796666667 0.000000115020225
0.3800000000 0.000000114958454
0.3803333333 0.000000114896683
0.3806666667 0.000000114834912
0.3810000000 0.000000114773141
0.3813333333 0.000000114711370
0.3816666667 0.000000114649598
0.3820000000 0.000000114587827
0.3823333333 0.000000114526057
0.3826666667 0.000000114464286
0.3830000000 0.000000114402515
0.3833333333 0.000000114340744
0.3836666667 0.000000114278973
0.3840000000 0.000000114217202
0.3843333333 0.000000114155432
0.3846666667 0.000000114093661
0.3850000000 0.000000114031890
0.3853333333 0.000000113970120
0.3856666667 0.000000113908349
0.3860000000 0.000000113846578
0.3863333333 0.000000113784808
0.3866666667 0.000000113723037
0.3870000000 0.000000113661267
0.3873333333 0.000000113599497
0.3876666667 0.000000113537726
0.3880000000 0.000000113475956
0.3883333333 0.000000113414186
0.3886666667 0.000000113352415
0.3890000000 0.000000113290645
0.3893333333 0.000000113228875
0.3896666667 0.000000113167105
0.3900000000 0.000000113105335
0.3903333333 0.000000113043564
0.3906666667 0.000000112981794
0.3910000000 0.000000112920024
0.3913333333 0.000000112858254
0.3916666667 0.000000112796484
0.3920000000 0.000000112734714
0.3923333333 0.000000112672945
0.3926666667 0.000000112611175
0.3930000000 0.000000112549405
0.3933333333 0.000000112487635
0.3936666667 0.000000112425865
0.3940000000 0.000000112364096
0.3943333333 0.000000112302326
0.3946666667 0.000000112240556
0.3950000000 0.000000112178787
0.3953333333 0.000000112117017
0.3956666667 0.000000112055247
0.3960000000 0.000000111993478
0.3963333333 0.000000111931708
0.3966666667 0.000000111869939
0.3970000000 0.000000111808170
0.3973333333 0.000000111746400
0.3976666667 0.000000111684631
0.3980000000 0.000000111622861
0.3983333333 0.000000111561092
0.3986666667 0.000000111499323
0.3990000000 0.000000111437554
0.3993333333 0.000000111375784
0.3996666667 0.000000111314015
0.4000000000 0.000000111252246
0.4003333333 0.000000111190477
0.4006666667 0.000000111128708
0.4010000000 0.000000111066939
0.4013333333 0.000000111005170
0.4016666667 0.000000110943401
0.4020000000 0.000000110881632
0.4023333333 0.000000110819863
0.4026666667 0.000000110758094
0.4030000000 0.000000110696325
0.4033333333 0.000000110634557
0.4036666667 0.000000110572788
0.4040000000 0.000000110511019
0.4043333333 0.000000110449250
0.4046666667 0.000000110387482
0.4050000000 0.000000110325713
0.4053333333 0.000000110263944
0.4056666667 0.000000110202176
0.4060000000 0.000000110140407
0.4063333333 0.000000110078638
0.4066666667 0.000000110016870
0.4070000000 0.000000109955101
0.4073333333 0.000000109893333
0.4076666667 0.000000109831564
0.4080000000 0.000000109769796
0.4083333333 0.000000109708028
0.4086666667 0.000000109646259
0.4090000000 0.000000109584491
0.4093333333 0.000000109522723
0.4096666667 0.000000109460954
0.4100000000 0.000000109399186
0.4103333333 0.000000109337418
0.4106666667 0.000000109275650
0.4110000000 0.000000109213882
0.4113333333 0.000000109152114
0.4116666667 0.000000109090345
0.4120000000 0.000000109028577
0.4123333333 0.000000108966809
0.4126666667 0.000000108905041
0.4130000000 0.000000108843273
0.4133333333 0.000000108781505
0.4136666667 0.000000108719737
0.4140000000 0.000000108657969
0.4143333333 0.000000108596202
0.4146666667 0.000000108534434
0.4150000000 0.000000108472666
0.4153333333 0.000000108410898
0.4156666667 0.000000108349130
0.4160000000 0.000000108287363
0.4163333333 0.000000108225595
0.4166666667 0.000000108163827
0.4170000000 0.000000108102060
0.4173333333 0.000000108040292
0.4176666667 0.000000107978524
0.4180000000 0.000000107916757
0.4183333333 0.000000107854989
0.4186666667 0.000000107793222
0.4190000000 0.000000107731454
0.4193333333 0.000000107669687
0.4196666667 0.000000107607919
0.4200000000 0.000000107546152
0.4203333333 0.000000107484384
0.4206666667 0.000000107422617
0.4210000000 0.000000107360850
0.4213333333 0.000000107299082
0.4216666667 0.000000107237315
0.4220000000 0.000000107175548
0.4223333333 0.000000107113780
0.4226666667 0.000000107052013
0.4230000000 0.000000106990246
0.4233333333 0.000000106928479
0.4236666667 0.000000106866711
0.4240000000 0.000000106804944
0.4243333333 0.000000106743177
0.4246666667 0.000000106681410
0.4250000000 0.000000106619643
0.4253333333 0.000000106557876
0.4256666667 0.000000106496109
0.4260000000 0.000000106434342
0.4263333333 0.000000106372575
0.4266666667 0.000000106310808
0.4270000000 0.000000106249041
0.4273333333 0.000000106187274
0.4276666667 0.000000106125507
0.4280000000 0.000000106063740
0.4283333333 0.000000106001974
0.4286666667 0.000000105940207
0.4290000000 0.000000105878440
0.4293333333 0.000000105816673
0.4296666667 0.000000105754906
0.4300000000 0.000000105693140
0.4303333333 0.000000105631373
0.4306666667 0.000000105569606
0.4310000000 0.000000105507840
0.4313333333 0.000000105446073
0.4316666667 0.000000105384306
0.4320000000 0.000000105322540
0.4323333333 0.000000105260773
0.4326666667 0.000000105199007
0.4330000000 0.000000105137240
0.4333333333 0.000000105075474
0.4336666667 0.000000105013707
0.4340000000 0.000000104951941
0.4343333333 0.000000104890174
0.4346666667 0.000000104828408
0.4350000000 0.000000104766641
0.4353333333 0.000000104704875
0.4356666667 0.000000104643108
0.4360000000 0.000000104581342
0.4363333333 0.000000104519576
0.4366666667 0.000000104457809
0.4370000000 0.000000104396043
0.4373333333 0.000000104334277
0.4376666667 0.000000104272511
0.4380000000 0.000000104210744
0.4383333333 0.000000104148978
0.4386666667 0.000000104087212
0.4390000000 0.000000104025446
0.4393333333 0.000000103963680
0.4396666667 0.000000103901913
0.4400000000 0.000000103840147
0.4403333333 0.000000103778381
0.4406666667 0.000000103716615
0.4410000000 0.000000103654849
0.4413333333 0.000000103593083
0.4416666667 0.000000103531317
0.4420000000 0.000000103469551
0.4423333333 0.000000103407785
0.4426666667 0.000000103346019
0.4430000000 0.000000103284253
0.4433333333 0.000000103222487
0.4436666667 0.000000103160721
0.4440000000 0.000000103098955
0.4443333333 0.000000103037189
0.4446666667 0.000000102975423
0.4450000000 0.000000102913658
0.4453333333 0.000000102851892
0.4456666667 0.000000102790126
0.4460000000 0.000000102728360
0.4463333333 0.000000102666594
0.4466666667 0.000000102604828
0.4470000000 0.000000102543063
0.4473333333 0.000000102481297
0.4476666667 0.000000102419531
0.4480000000 0.000000102357766
0.4483333333 0.000000102296000
0.4486666667 0.000000102234234
0.4490000000 0.000000102172468
0.4493333333 0.000000102110703
0.4496666667 0.000000102048937
0.4500000000 0.000000101987172
0.4503333333 0.000000101925406
0.4506666667 0.000000101863640
0.4510000000 0.000000101801875
0.4513333333 0.000000101740109
0.4516666667 0.000000101678189
0.4520000000 0.000000101616578
0.4523333333 0.000000101554658
0.4526666667 0.000000101493047
0.4530000000 0.000000101431127
0.4533333333 0.000000101369516
0.4536666667 0.000000101307596
0.4540000000 0.000000101245675
0.4543333333 0.000000101183755
0.4546666667 0.000000101121834
0.4550000000 0.000000101060689
0.4553333333 0.000000100998769
0.4556666667 0.000000100937158
0.4560000000 0.000000100875238
0.4563333333 0.000000100813628
0.4566666667 0.000000100751862
0.4570000000 0.000000100690097
0.4573333333 0.000000100628332
0.4576666667 0.000000100566566
0.4580000000 0.000000100504801
0.4583333333 0.000000100443036
0.4586666667 0.000000100381270
0.4590000000 0.000000100319505
0.4593333333 0.000000100257740
0.4596666667 0.000000100195975
0.4600000000 0.000000100134209
0.4603333333 0.000000100072444
0.4606666667 0.000000100010679
0.4610000000 0.000000099948914
0.4613333333 0.000000099887149
0.4616666667 0.000000099825384
0.4620000000 0.000000099763618
0.4623333333 0.000000099701853
0.4626666667 0.000000099640088
0.4630000000 0.000000099578323
0.4633333333 0.000000099516558
0.4636666667 0.000000099454793
0.4640000000 0.000000099393028
0.4643333333 0.000000099331263
0.4646666667 0.000000099269498
0.4650000000 0.000000099207733
0.4653333333 0.000000099145968
0.4656666667 0.000000099084203
0.4660000000 0.000000099022438
0.4663333333 0.000000098960673
0.4666666667 0.000000098898908
0.4670000000 0.000000098837143
0.4673333333 0.000000098775378
0.4676666667 0.000000098713613
0.4680000000 0.000000098651848
0.4683333333 0.000000098590083
0.4686666667 0.000000098528318
0.4690000000 0.000000098466553
0.4693333333 0.000000098404788
0.4696666667 0.000000098343023
0.4700000000 0.000000098281258
0.4703333333 0.000000098219493
0.4706666667 0.000000098157728
0.4710000000 0.000000098095963
0.4713333333 0.000000098034198
0.4716666667 0.000000097972434
0.4720000000 0.000000097910669
0.4723333333 0.000000097848904
0.4726666667 0.000000097787139
0.4730000000 0.000000097725374
0.4733333333 0.000000097663609
0.4736666667 0.000000097601845
0.4740000000 0.000000097540080
0.4743333333 0.000000097478315
0.4746666667 0.000000097416550
0.4750000000 0.000000097354785
0.4753333333 0.000000097293021
0.4756666667 0.000000097231256
0.4760000000 0.000000097169491
0.4763333333 0.000000097107726
0.4766666667 0.000000097045961
0.4770000000 0.000000096984197
0.4773333333 0.000000096922432
0.4776666667 0.000000096860667
0.4780000000 0.000000096798902
0.4783333333 0.000000096737138
0.4786666667 0.000000096675373
0.4790000000 0.000000096613608
0.4793333333 0.000000096551844
0.4796666667 0.000000096490079
0.4800000000 0.000000096428314
0.4803333333 0.000000096366549
0.4806666667 0.000000096304785
0.4810000000 0.000000096243020
0.4813333333 0.000000096181255
0.4816666667 0.000000096119491
0.4820000000 0.000000096057726
0.4823333333 0.000000095995961
0.4826666667 0.000000095934197
0.4830000000 0.000000095872432
0.4833333333 0.000000095810667
0.4836666667 0.000000095748903
0.4840000000 0.000000095687138
0.4843333333 0.000000095625373
0.4846666667 0.000000095563609
0.4850000000 0.000000095501844
0.4853333333 0.000000095440080
0.4856666667 0.000000095378315
0.4860000000 0.000000095316550
0.4863333333 0.000000095254786
0.4866666667 0.000000095193021
0.4870000000 0.000000095131256
0.4873333333 0.000000095069492
0.4876666667 0.000000095007727
0.4880000000 0.000000094945963
0.4883333333 0.000000094884198
0.4886666667 0.000000094822433
0.4890000000 0.000000094760669
0.4893333333 0.000000094698904
0.4896666667 0.000000094637139
0.4900000000 0.000000094575375
0.4903333333 0.000000094513610
0.4906666667 0.000000094451846
0.4910000000 0.000000094390081
0.4913333333 0.000000094328316
0.4916666667 0.000000094266552
0.4920000000 0.000000094204787
0.4923333333 0.000000094143023
0.4926666667 0.000000094081258
0.4930000000 0.000000094019494
0.4933333333 0.000000093957729
0.4936666667 0.000000093895964
0.4940000000 0.000000093834200
0.4943333333 0.000000093772435
0.4946666667 0.000000093710671
0.4950000000 0.000000093648906
0.4953333333 0.000000093587141
0.4956666667 0.000000093525377
0.4960000000 0.000000093463612
0.4963333333 0.000000093401848
0.4966666667 0.000000093340083
0.4970000000 0.000000093278318
0.4973333333 0.000000093216554
0.4976666667 0.000000093154789
0.4980000000 0.000000093093025
0.4983333333 0.000000093031260
0.4986666667 0.000000092969495
0.4990000000 0.000000092907731
0.4993333333 0.000000092845966
0.4996666667 0.000000092784202
0.5000000000 0.000000092722437
0.5003333333 0.000000092660672
0.5006666667 0.000000092598908
0.5010000000 0.000000092537143
0.5013333333 0.000000092475379
0.5016666667 0.000000092413614
0.5020000000 0.000000092351849
0.5023333333 0.000000092290085
0.5026666667 0.000000092228320
0.5030000000 0.000000092166555
0.5033333333 0.000000092104791
0.5036666667 0.000000092043026
0.5040000000 0.000000091981262
0.5043333333 0.000000091919497
0.5046666667 0.000000091857732
0.5050000000 0.000000091795968
0.5053333333 0.000000091734203
0.5056666667 0.000000091672438
0.5060000000 0.000000091610674
0.5063333333 0.000000091548909
0.5066666667 0.000000091487144
0.5070000000 0.000000091425380
0.5073333333 0.000000091363615
0.5076666667 0.000000091301850
0.5080000000 0.000000091240086
0.5083333333 0.000000091178321
0.5086666667 0.000000091116556
0.5090000000 0.000000091054792
0.5093333333 0.000000090993027
0.5096666667 0.000000090931262
0.5100000000 0.000000090869497
0.5103333333 0.000000090807733
0.5106666667 0.000000090745968
0.5110000000 0.000000090684203
0.5113333333 0.000000090622439
0.5116666667 0.000000090560674
0.5120000000 0.000000090498909
0.5123333333 0.000000090437144
0.5126666667 0.000000090375380
0.5130000000 0.000000090313615
0.5133333333 0.000000090251850
0.5136666667 0.000000090190085
0.5140000000 0.000000090128320
0.5143333333 0.000000090066556
0.5146666667 0.000000090004791
0.5150000000 0.000000089943026
0.5153333333 0.000000089881261
0.5156666667 0.000000089819496
0.5160000000 0.000000089757732
0.5163333333 0.000000089695967
0.5166666667 0.000000089634202
0.5170000000 0.000000089572437
0.5173333333 0.000000089510672
0.5176666667 0.000000089448907
0.5180000000 0.000000089387143
0.5183333333 0.000000089325378
0.5186666667 0.000000089263613
0.5190000000 0.000000089201848
0.5193333333 0.000000089140083
0.5196666667 0.000000089078318
0.5200000000 0.000000089016553
0.5203333333 0.000000088954788
0.5206666667 0.000000088893023
0.5210000000 0.000000088831258
0.5213333333 0.000000088769493
0.5216666667 0.000000088707728
0.5220000000 0.000000088645963
0.5223333333 0.000000088584198
0.5226666667 0.000000088522433
0.5230000000 0.000000088460668
0.5233333333 0.000000088398903
0.5236666667 0.000000088337138
0.5240000000 0.000000088275373
0.5243333333 0.000000088213608
0.5246666667 0.000000088151843
0.5250000000 0.000000088090078
0.5253333333 0.000000088028313
0.5256666667 0.000000087966548
0.5260000000 0.000000087904783
0.5263333333 0.000000087843018
0.5266666667 0.000000087781253
0.5270000000 0.000000087719487
0.5273333333 0.000000087657722
0.5276666667 0.000000087595957
0.5280000000 0.000000087534192
0.5283333333 0.000000087472427
0.5286666667 0.000000087410662
0.5290000000 0.000000087348896
0.5293333333 0.000000087287131
0.5296666667 0.000000087225366
0.5300000000 0.000000087163601
0.5303333333 0.000000087101835
0.5306666667 0.000000087040070
0.5310000000 0.000000086978305
0.5313333333 0.000000086916540
0.5316666667 0.000000086854774
0.5320000000 0.000000086793009
0.5323333333 0.000000086731244
0.5326666667 0.000000086669478
0.5330000000 0.000000086607713
0.5333333333 0.000000086545948
0.5336666667 0.000000086484182
0.5340000000 0.000000086422417
0.5343333333 0.000000086360651
0.5346666667 0.000000086298886
0.5350000000 0.000000086237121
0.5353333333 0.000000086175355
0.5356666667 0.000000086113590
0.5360000000 0.000000086051824
0.5363333333 0.000000085990059
0.5366666667 0.000000085928293
0.5370000000 0.000000085866528
0.5373333333 0.000000085804762
0.5376666667 0.000000085742997
0.5380000000 0.000000085681231
0.5383333333 0.000000085619465
0.5386666667 0.000000085557700
0.5390000000 0.000000085495934
0.5393333333 0.000000085434168
0.5396666667 0.000000085372403
0.5400000000 0.000000085310637
0.5403333333 0.000000085248871
0.5406666667 0.000000085187106
0.5410000000 0.000000085125340
0.5413333333 0.000000085063574
0.5416666667 0.000000085001809
0.5420000000 0.000000084940043
0.5423333333 0.000000084878277
0.5426666667 0.000000084816511
0.5430000000 0.000000084754745
0.5433333333 0.000000084692980
0.5436666667 0.000000084631214
0.5440000000 0.000000084569448
0.5443333333 0.000000084507682
0.5446666667 0.000000084445916
0.5450000000 0.000000084384150
0.5453333333 0.000000084322384
0.5456666667 0.000000084260618
0.5460000000 0.000000084198852
0.5463333333 0.000000084137086
0.5466666667 0.000000084075320
0.5470000000 0.000000084013554
0.5473333333 0.000000083951788
0.5476666667 0.000000083890022
0.5480000000 0.000000083828256
0.5483333333 0.000000083766490
0.5486666667 0.000000083704724
0.5490000000 0.000000083642958
0.5493333333 0.000000083581192
0.5496666667 0.000000083519425
0.5500000000 0.000000083457659
0.5503333333 0.000000083395893
0.5506666667 0.000000083334127
0.5510000000 0.000000083272360
0.5513333333 0.000000083210594
0.5516666667 0.000000083148828
0.5520000000 0.000000083087062
0.5523333333 0.000000083025295
0.5526666667 0.000000082963529
0.5530000000 0.000000082901762
0.5533333333 0.000000082839996
0.5536666667 0.000000082778230
0.5540000000 0.000000082716463
0.5543333333 0.000000082654697
0.5546666667 0.000000082592930
0.5550000000 0.000000082531164
0.5553333333 0.000000082469397
0.5556666667 0.000000082407631
0.5560000000 0.000000082345864
0.5563333333 0.000000082284097
0.5566666667 0.000000082222331
0.5570000000 0.000000082160564
0.5573333333 0.000000082098798
0.5576666667 0.000000082037031
0.5580000000 0.000000081975264
0.5583333333 0.000000081913497
0.5586666667 0.000000081851731
0.5590000000 0.000000081789964
0.5593333333 0.000000081728197
0.5596666667 0.000000081666430
0.5600000000 0.000000081604663
0.5603333333 0.000000081542897
0.5606666667 0.000000081481130
0.5610000000 0.000000081419363
0.5613333333 0.000000081357596
0.5616666667 0.000000081295829
0.5620000000 0.000000081234062
0.5623333333 0.000000081172295
0.5626666667 0.000000081110528
0.5630000000 0.000000081048761
0.5633333333 0.000000080986994
0.5636666667 0.000000080925227
0.5640000000 0.000000080863459
0.5643333333 0.000000080801692
0.5646666667 0.000000080739925
0.5650000000 0.000000080678158
0.5653333333 0.000000080616391
0.5656666667 0.000000080554623
0.5660000000 0.000000080492856
0.5663333333 0.000000080431089
0.5666666667 0.000000080369322
0.5670000000 0.000000080307554
0.5673333333 0.000000080245787
0.5676666667 0.000000080184019
0.5680000000 0.000000080122252
0.5683333333 0.000000080060484
0.5686666667 0.000000079998717
0.5690000000 0.000000079936949
0.5693333333 0.000000079875182
0.5696666667 0.000000079813414
0.5700000000 0.000000079751647
0.5703333333 0.000000079689879
0.5706666667 0.000000079628111
0.5710000000 0.000000079566344
0.5713333333 0.000000079504576
0.5716666667 0.000000079442808
0.5720000000 0.000000079381041
0.5723333333 0.000000079319273
0.5726666667 0.000000079257505
0.5730000000 0.000000079195737
0.5733333333 0.000000079133969
0.5736666667 0.000000079072201
0.5740000000 0.000000079010433
0.5743333333 0.000000078948666
0.5746666667 0.000000078886898
0.5750000000 0.000000078825130
0.5753333333 0.000000078763361
0.5756666667 0.000000078701593
0.5760000000 0.000000078639825
0.5763333333 0.000000078578057
0.5766666667 0.000000078516289
0.5770000000 0.000000078454521
0.5773333333 0.000000078392753
0.5776666667 0.000000078330984
0.5780000000 0.000000078269216
0.5783333333 0.000000078207448
0.5786666667 0.000000078145679
0.5790000000 0.000000078083911
0.5793333333 0.000000078022143
0.5796666667 0.000000077960374
0.5800000000 0.000000077898606
0.5803333333 0.000000077836837
0.5806666667 0.000000077775069
0.5810000000 0.000000077713300
0.5813333333 0.000000077651532
0.5816666667 0.000000077589763
0.5820000000 0.000000077527994
0.5823333333 0.000000077466226
0.5826666667 0.000000077404457
0.5830000000 0.000000077342688
0.5833333333 0.000000077280919
0.5836666667 0.000000077219151
0.5840000000 0.000000077157382
0.5843333333 0.000000077095613
0.5846666667 0.000000077033844
0.5850000000 0.000000076972075
0.5853333333 0.000000076910306
0.5856666667 0.000000076848537
0.5860000000 0.000000076786768
0.5863333333 0.000000076724999
0.5866666667 0.000000076663230
0.5870000000 0.000000076601461
0.5873333333 0.000000076539692
0.5876666667 0.000000076477922
0.5880000000 0.000000076416153
0.5883333333 0.000000076354384
0.5886666667 0.000000076292615
0.5890000000 0.000000076230845
0.5893333333 0.000000076169076
0.5896666667 0.000000076107307
0.5900000000 0.000000076045537
0.5903333333 0.000000075983768
0.5906666667 0.000000075921998
0.5910000000 0.000000075860229
0.5913333333 0.000000075798459
0.5916666667 0.000000075736689
0.5920000000 0.000000075674920
0.5923333333 0.000000075613150
0.5926666667 0.000000075551380
0.5930000000 0.000000075489611
0.5933333333 0.000000075427841
0.5936666667 0.000000075366071
0.5940000000 0.000000075304301
0.5943333333 0.000000075242531
0.5946666667 0.000000075180761
0.5950000000 0.000000075118991
0.5953333333 0.000000075057221
0.5956666667 0.000000074995451
0.5960000000 0.000000074933681
0.5963333333 0.000000074871911
0.5966666667 0.000000074810141
0.5970000000 0.000000074748371
0.5973333333 0.000000074686601
0.5976666667 0.000000074624830
0.5980000000 0.000000074563060
0.5983333333 0.000000074501290
0.5986666667 0.000000074439519
0.5990000000 0.000000074377749
0.5993333333 0.000000074315978
0.5996666667 0.000000074254208
0.6000000000 0.000000074192437
0.6003333333 0.000000074130667
0.6006666667 0.000000074068896
0.6010000000 0.000000074007126
0.6013333333 0.000000073945355
0.6016666667 0.000000073883584
0.6020000000 0.000000073821813
0.6023333333 0.000000073760043
0.6026666667 0.000000073698272
0.6030000000 0.000000073636501
0.6033333333 0.000000073574730
0.6036666667 0.000000073512959
0.6040000000 0.000000073451188
0.6043333333 0.000000073389417
0.6046666667 0.000000073327646
0.6050000000 0.000000073265875
0.6053333333 0.000000073204104
0.6056666667 0.000000073142333
0.6060000000 0.000000073080561
0.6063333333 0.000000073018790
0.6066666667 0.000000072957019
0.6070000000 0.000000072895247
0.6073333333 0.000000072833476
0.6076666667 0.000000072771705
0.6080000000 0.000000072709933
0.6083333333 0.000000072648162
0.6086666667 0.000000072586390
0.6090000000 0.000000072524618
0.6093333333 0.000000072462847
0.6096666667 0.000000072401075
0.6100000000 0.000000072339303
0.6103333333 0.000000072277532
0.6106666667 0.000000072215760
0.6110000000 0.000000072153988
0.6113333333 0.000000072092216
0.6116666667 0.000000072030444
0.6120000000 0.000000071968672
0.6123333333 0.000000071906900
0.6126666667 0.000000071845128
0.6130000000 0.000000071783356
0.6133333333 0.000000071721584
0.6136666667 0.000000071659811
0.6140000000 0.000000071598039
0.6143333333 0.000000071536267
0.6146666667 0.000000071474495
0.6150000000 0.000000071412722
0.6153333333 0.000000071350950
0.6156666667 0.000000071289177
0.6160000000 0.000000071227405
0.6163333333 0.000000071165632
0.6166666667 0.000000071103860
0.6170000000 0.000000071042087
0.6173333333 0.000000070980314
0.6176666667 0.000000070918542
0.6180000000 0.000000070856769
0.6183333333 0.000000070794996
0.6186666667 0.000000070733223
0.6190000000 0.000000070671450
0.6193333333 0.000000070609677
0.6196666667 0.000000070547904
0.6200000000 0.000000070486131
0.6203333333 0.000000070424358
0.6206666667 0.000000070362585
0.6210000000 0.000000070300812
0.6213333333 0.000000070239039
0.6216666667 0.000000070177265
0.6220000000 0.000000070115492
0.6223333333 0.000000070053719
0.6226666667 0.000000069991945
0.6230000000 0.000000069930172
0.6233333333 0.000000069868398
0.6236666667 0.000000069806625
0.6240000000 0.000000069744851
0.6243333333 0.000000069683077
0.6246666667 0.000000069621304
0.6250000000 0.000000069559530
0.6253333333 0.000000069497756
0.6256666667 0.000000069435982
0.6260000000 0.000000069374208
0.6263333333 0.000000069312435
0.6266666667 0.000000069250661
0.6270000000 0.000000069188886
0.6273333333 0.000000069127112
0.6276666667 0.000000069065338
0.6280000000 0.000000069003564
0.6283333333 0.000000068941790
0.6286666667 0.000000068880016
0.6290000000 0.000000068818241
0.6293333333 0.000000068756467
0.6296666667 0.000000068694692
0.6300000000 0.000000068632918
0.6303333333 0.000000068571143
0.6306666667 0.000000068509369
0.6310000000 0.000000068447594
0.6313333333 0.000000068385819
0.6316666667 0.000000068324045
0.6320000000 0.000000068262270
0.6323333333 0.000000068200495
0.6326666667 0.000000068138720
0.6330000000 0.000000068076945
0.6333333333 0.000000068015170
0.6336666667 0.000000067953395
0.6340000000 0.000000067891620
0.6343333333 0.000000067829845
0.6346666667 0.000000067768070
0.6350000000 0.000000067706295
0.6353333333 0.000000067644519
0.6356666667 0.000000067582744
0.6360000000 0.000000067520969
0.6363333333 0.000000067459193
0.6366666667 0.000000067397418
0.6370000000 0.000000067335642
0.6373333333 0.000000067273866
0.6376666667 0.000000067212091
0.6380000000 0.000000067150315
0.6383333333 0.000000067088539
0.6386666667 0.000000067026764
0.6390000000 0.000000066964988
0.6393333333 0.000000066903212
0.6396666667 0.000000066841436
0.6400000000 0.000000066779660
0.6403333333 0.000000066717884
0.6406666667 0.000000066656107
0.6410000000 0.000000066594331
0.6413333333 0.000000066532555
0.6416666667 0.000000066470779
0.6420000000 0.000000066409002
0.6423333333 0.000000066347226
0.6426666667 0.000000066285449
0.6430000000 0.000000066223673
0.6433333333 0.000000066161896
0.6436666667 0.000000066100120
0.6440000000 0.000000066038343
0.6443333333 0.000000065976566
0.6446666667 0.000000065914789
0.6450000000 0.000000065853013
0.6453333333 0.000000065791236
0.6456666667 0.000000065729459
0.6460000000 0.000000065667682
0.6463333333 0.000000065605905
0.6466666667 0.000000065544128
0.6470000000 0.000000065482350
0.6473333333 0.000000065420573
0.6476666667 0.000000065358796
0.6480000000 0.000000065297018
0.6483333333 0.000000065235241
0.6486666667 0.000000065173464
0.6490000000 0.000000065111686
0.6493333333 0.000000065049908
0.6496666667 0.000000064988131
0.6500000000 0.000000064926353
0.6503333333 0.000000064864575
0.6506666667 0.000000064802797
0.6510000000 0.000000064741020
0.6513333333 0.000000064679242
0.6516666667 0.000000064617464
0.6520000000 0.000000064555686
0.6523333333 0.000000064493907
0.6526666667 0.000000064432129
0.6530000000 0.000000064370351
0.6533333333 0.000000064308573
0.6536666667 0.000000064246794
0.6540000000 0.000000064185016
0.6543333333 0.000000064123238
0.6546666667 0.000000064061459
0.6550000000 0.000000063999680
0.6553333333 0.000000063937902
0.6556666667 0.000000063876123
0.6560000000 0.000000063814344
0.6563333333 0.000000063752566
0.6566666667 0.000000063690787
0.6570000000 0.000000063629008
0.6573333333 0.000000063567229
0.6576666667 0.000000063505450
0.6580000000 0.000000063443671
0.6583333333 0.000000063381891
0.6586666667 0.000000063320112
0.6590000000 0.000000063258333
0.6593333333 0.000000063196553
0.6596666667 0.000000063134774
0.6600000000 0.000000063072994
0.6603333333 0.000000063011215
0.6606666667 0.000000062949435
0.6610000000 0.000000062887656
0.6613333333 0.000000062825876
0.6616666667 0.000000062764096
0.6620000000 0.000000062702316
0.6623333333 0.000000062640536
0.6626666667 0.000000062578756
0.6630000000 0.000000062516976
0.6633333333 0.000000062455196
0.6636666667 0.000000062393416
0.6640000000 0.000000062331636
0.6643333333 0.000000062269855
0.6646666667 0.000000062208075
0.6650000000 0.000000062146295
0.6653333333 0.000000062084514
0.6656666667 0.000000062022733
0.6660000000 0.000000061960953
0.6663333333 0.000000061899172
0.6666666667 0.000000061837391
0.6670000000 0.000000061775611
0.6673333333 0.000000061713830
0.6676666667 0.000000061652049
0.6680000000 0.000000061590268
0.6683333333 0.000000061528487
0.6686666667 0.000000061466706
0.6690000000 0.000000061404924
0.6693333333 0.000000061343143
0.6696666667 0.000000061281362
0.6700000000 0.000000061219580
0.6703333333 0.000000061157799
0.6706666667 0.000000061096017
0.6710000000 0.000000061034236
0.6713333333 0.000000060972454
0.6716666667 0.000000060910672
0.6720000000 0.000000060848890
0.6723333333 0.000000060787109
0.6726666667 0.000000060725327
0.6730000000 0.000000060663545
0.6733333333 0.000000060601763
0.6736666667 0.000000060539980
0.6740000000 0.000000060478198
0.6743333333 0.000000060416416
0.6746666667 0.000000060354634
0.6750000000 0.000000060292851
0.6753333333 0.000000060231069
0.6756666667 0.000000060169286
0.6760000000 0.000000060107504
0.6763333333 0.000000060045721
0.6766666667 0.000000059983938
0.6770000000 0.000000059922155
0.6773333333 0.000000059860372
0.6776666667 0.000000059798590
0.6780000000 0.000000059736806
0.6783333333 0.000000059675023
0.6786666667 0.000000059613240
0.6790000000 0.000000059551457
0.6793333333 0.000000059489674
0.6796666667 0.000000059427890
0.6800000000 0.000000059366107
0.6803333333 0.000000059304323
0.6806666667 0.000000059242540
0.6810000000 0.000000059180756
0.6813333333 0.000000059118972
0.6816666667 0.000000059057189
0.6820000000 0.000000058995405
0.6823333333 0.000000058933621
0.6826666667 0.000000058871837
0.6830000000 0.000000058810053
0.6833333333 0.000000058748269
0.6836666667 0.000000058686484
0.6840000000 0.000000058624700
0.6843333333 0.000000058562916
0.6846666667 0.000000058501131
0.6850000000 0.000000058439347
0.6853333333 0.000000058377562
0.6856666667 0.000000058315778
0.6860000000 0.000000058253993
0.6863333333 0.000000058192208
0.6866666667 0.000000058130423
0.6870000000 0.000000058068638
0.6873333333 0.000000058006853
0.6876666667 0.000000057945068
0.6880000000 0.000000057883283
0.6883333333 0.000000057821498
0.6886666667 0.000000057759713
0.6890000000 0.000000057697927
0.6893333333 0.000000057636142
0.6896666667 0.000000057574356
0.6900000000 0.000000057512571
0.6903333333 0.000000057450785
0.6906666667 0.000000057388999
0.6910000000 0.000000057327213
0.6913333333 0.000000057265428
0.6916666667 0.000000057203642
0.6920000000 0.000000057141856
0.6923333333 0.000000057080069
0.6926666667 0.000000057018283
0.6930000000 0.000000056956497
0.6933333333 0.000000056894711
0.6936666667 0.000000056832924
0.6940000000 0.000000056771138
0.6943333333 0.000000056709351
0.6946666667 0.000000056647564
0.6950000000 0.000000056585778
0.6953333333 0.000000056523991
0.6956666667 0.000000056462204
0.6960000000 0.000000056400417
0.6963333333 0.000000056338630
0.6966666667 0.000000056276843
0.6970000000 0.000000056215056
0.6973333333 0.000000056153269
0.6976666667 0.000000056091481
0.6980000000 0.000000056029694
0.6983333333 0.000000055967906
0.6986666667 0.000000055906119
0.6990000000 0.000000055844331
0.6993333333 0.000000055782543
0.6996666667 0.000000055720756
0.7000000000 0.000000055658968
0.7003333333 0.000000055597180
0.7006666667 0.000000055535392
0.7010000000 0.000000055473604
0.7013333333 0.000000055411816
0.7016666667 0.000000055350027
0.7020000000 0.000000055288239
0.7023333333 0.000000055226450
0.7026666667 0.000000055164662
0.7030000000 0.000000055102873
0.7033333333 0.000000055041085
0.7036666667 0.000000054979296
0.7040000000 0.000000054917507
0.7043333333 0.000000054855718
0.7046666667 0.000000054793929
0.7050000000 0.000000054732140
0.7053333333 0.000000054670351
0.7056666667 0.000000054608562
0.7060000000 0.000000054546773
0.7063333333 0.000000054484983
0.7066666667 0.000000054423194
0.7070000000 0.000000054361404
0.7073333333 0.000000054299615
0.7076666667 0.000000054237825
0.7080000000 0.000000054176035
0.7083333333 0.000000054114245
0.7086666667 0.000000054052455
0.7090000000 0.000000053990665
0.7093333333 0.000000053928875
0.7096666667 0.000000053867085
0.7100000000 0.000000053805295
0.7103333333 0.000000053743504
0.7106666667 0.000000053681714
0.7110000000 0.000000053619923
0.7113333333 0.000000053558133
0.7116666667 0.000000053496342
0.7120000000 0.000000053434551
0.7123333333 0.000000053372760
0.7126666667 0.000000053310969
0.7130000000 0.000000053249178
0.7133333333 0.000000053187387
0.7136666667 0.000000053125596
0.7140000000 0.000000053063805
0.7143333333 0.000000053002013
0.7146666667 0.000000052940222
0.7150000000 0.000000052878431
0.7153333333 0.000000052816639
0.7156666667 0.000000052754847
0.7160000000 0.000000052693055
0.7163333333 0.000000052631264
0.7166666667 0.000000052569472
0.7170000000 0.000000052507680
0.7173333333 0.000000052445887
0.7176666667 0.000000052384095
0.7180000000 0.000000052322303
0.7183333333 0.000000052260511
0.7186666667 0.000000052198718
0.7190000000 0.000000052136926
0.7193333333 0.000000052075133
0.7196666667 0.000000052013340
0.7200000000 0.000000051951547
0.7203333333 0.000000051889755
0.7206666667 0.000000051827962
0.7210000000 0.000000051766168
0.7213333333 0.000000051704375
0.7216666667 0.000000051642582
0.7220000000 0.000000051580789
0.7223333333 0.000000051518995
0.7226666667 0.000000051457202
0.7230000000 0.000000051395408
0.7233333333 0.000000051333615
0.7236666667 0.000000051271821
0.7240000000 0.000000051210027
0.7243333333 0.000000051148233
0.7246666667 0.000000051086439
0.7250000000 0.000000051024645
0.7253333333 0.000000050962851
0.7256666667 0.000000050901056
0.7260000000 0.000000050839262
0.7263333333 0.000000050777467
0.7266666667 0.000000050715673
0.7270000000 0.000000050653878
0.7273333333 0.000000050592083
0.7276666667 0.000000050530289
0.7280000000 0.000000050468494
0.7283333333 0.000000050406699
0.7286666667 0.000000050344904
0.7290000000 0.000000050283108
0.7293333333 0.000000050221313
0.7296666667 0.000000050159518
0.7300000000 0.000000050097722
0.7303333333 0.000000050035927
0.7306666667 0.000000049974131
0.7310000000 0.000000049912335
0.7313333333 0.000000049850539
0.7316666667 0.000000049788744
0.7320000000 0.000000049726948
0.7323333333 0.000000049665151
0.7326666667 0.000000049603355
0.7330000000 0.000000049541559
0.7333333333 0.000000049479763
0.7336666667 0.000000049417966
0.7340000000 0.000000049356170
0.7343333333 0.000000049294373
0.7346666667 0.000000049232576
0.7350000000 0.000000049170779
0.7353333333 0.000000049108982
0.7356666667 0.000000049047185
0.7360000000 0.000000048985388
0.7363333333 0.000000048923591
0.7366666667 0.000000048861794
0.7370000000 0.000000048799996
0.7373333333 0.000000048738199
0.7376666667 0.000000048676401
0.7380000000 0.000000048614603
0.7383333333 0.000000048552806
0.7386666667 0.000000048491008
0.7390000000 0.000000048429210
0.7393333333 0.000000048367412
0.7396666667 0.000000048305614
0.7400000000 0.000000048243815
0.7403333333 0.000000048182017
0.7406666667 0.000000048120219
0.7410000000 0.000000048058420
0.7413333333 0.000000047996621
0.7416666667 0.000000047934823
0.7420000000 0.000000047873024
0.7423333333 0.000000047811225
0.7426666667 0.000000047749426
0.7430000000 0.000000047687627
0.7433333333 0.000000047625828
0.7436666667 0.000000047564028
0.7440000000 0.000000047502229
0.7443333333 0.000000047440429
0.7446666667 0.000000047378630
0.7450000000 0.000000047316830
0.7453333333 0.000000047255030
0.7456666667 0.000000047193230
0.7460000000 0.000000047131430
0.7463333333 0.000000047069630
0.7466666667 0.000000047007830
0.7470000000 0.000000046946030
0.7473333333 0.000000046884229
0.7476666667 0.000000046822429
0.7480000000 0.000000046760628
0.7483333333 0.000000046698828
0.7486666667 0.000000046637027
0.7490000000 0.000000046575226
0.7493333333 0.000000046513425
0.7496666667 0.000000046451624
0.7500000000 0.000000046389823
0.7503333333 0.000000046328022
0.7506666667 0.000000046266220
0.7510000000 0.000000046204419
0.7513333333 0.000000046142617
0.7516666667 0.000000046080815
0.7520000000 0.000000046019014
0.7523333333 0.000000045957212
0.7526666667 0.000000045895410
0.7530000000 0.000000045833608
0.7533333333 0.000000045771806
0.7536666667 0.000000045710003
0.7540000000 0.000000045648201
0.7543333333 0.000000045586398
0.7546666667 0.000000045524596
0.7550000000 0.000000045462793
0.7553333333 0.000000045400990
0.7556666667 0.000000045339188
0.7560000000 0.000000045277385
0.7563333333 0.000000045215581
0.7566666667 0.000000045153778
0.7570000000 0.000000045091975
0.7573333333 0.000000045030172
0.7576666667 0.000000044968368
0.7580000000 0.000000044906564
0.7583333333 0.000000044844761
0.7586666667 0.000000044782957
0.7590000000 0.000000044721153
0.7593333333 0.000000044659349
0.7596666667 0.000000044597545
0.7600000000 0.000000044535741
0.7603333333 0.000000044473936
0.7606666667 0.000000044412132
0.7610000000 0.000000044350327
0.7613333333 0.000000044288523
0.7616666667 0.000000044226718
0.7620000000 0.000000044164913
0.7623333333 0.000000044103108
0.7626666667 0.000000044041303
0.7630000000 0.000000043979498
0.7633333333 0.000000043917693
0.7636666667 0.000000043855887
0.7640000000 0.000000043794082
0.7643333333 0.000000043732276
0.7646666667 0.000000043670471
0.7650000000 0.000000043608665
0.7653333333 0.000000043546859
0.7656666667 0.000000043485053
0.7660000000 0.000000043423247
0.7663333333 0.000000043361441
0.7666666667 0.000000043299634
0.7670000000 0.000000043237828
0.7673333333 0.000000043176021
0.7676666667 0.000000043114215
0.7680000000 0.000000043052408
0.7683333333 0.000000042990601
0.7686666667 0.000000042928794
0.7690000000 0.000000042866987
0.7693333333 0.000000042805180
0.7696666667 0.000000042743372
0.7700000000 0.000000042681565
0.7703333333 0.000000042619758
0.7706666667 0.000000042557950
0.7710000000 0.000000042496142
0.7713333333 0.000000042434334
0.7716666667 0.000000042372526
0.7720000000 0.000000042310718
0.7723333333 0.000000042248910
0.7726666667 0.000000042187102
0.7730000000 0.000000042125294
0.7733333333 0.000000042063485
0.7736666667 0.000000042001676
0.7740000000 0.000000041939868
0.7743333333 0.000000041878059
0.7746666667 0.000000041816250
0.7750000000 0.000000041754441
0.7753333333 0.000000041692632
0.7756666667 0.000000041630823
0.7760000000 0.000000041569013
0.7763333333 0.000000041507204
0.7766666667 0.000000041445394
0.7770000000 0.000000041383584
0.7773333333 0.000000041321775
0.7776666667 0.000000041259965
0.7780000000 0.000000041198155
0.7783333333 0.000000041136344
0.7786666667 0.000000041074534
0.7790000000 0.000000041012724
0.7793333333 0.000000040950913
0.7796666667 0.000000040889103
0.7800000000 0.000000040827292
0.7803333333 0.000000040765481
0.7806666667 0.000000040703670
0.7810000000 0.000000040641859
0.7813333333 0.000000040580048
0.7816666667 0.000000040518237
0.7820000000 0.000000040456425
0.7823333333 0.000000040394614
0.7826666667 0.000000040332802
0.7830000000 0.000000040270990
0.7833333333 0.000000040209179
0.7836666667 0.000000040147367
0.7840000000 0.000000040085555
0.7843333333 0.000000040023742
0.7846666667 0.000000039961930
0.7850000000 0.000000039900118
0.7853333333 0.000000039838305
0.7856666667 0.000000039776492
0.7860000000 0.000000039714680
0.7863333333 0.000000039652867
0.7866666667 0.000000039591054
0.7870000000 0.000000039529241
0.7873333333 0.000000039467427
0.7876666667 0.000000039405614
0.7880000000 0.000000039343801
0.7883333333 0.000000039281987
0.7886666667 0.000000039220173
0.7890000000 0.000000039158359
0.7893333333 0.000000039096546
0.7896666667 0.000000039034731
0.7900000000 0.000000038972917
0.7903333333 0.000000038911103
0.7906666667 0.000000038849289
0.7910000000 0.000000038787474
0.7913333333 0.000000038725659
0.7916666667 0.000000038663845
0.7920000000 0.000000038602030
0.7923333333 0.000000038540215
0.7926666667 0.000000038478400
0.7930000000 0.000000038416585
0.7933333333 0.000000038354769
0.7936666667 0.000000038292954
0.7940000000 0.000000038231138
0.7943333333 0.000000038169322
0.7946666667 0.000000038107507
0.7950000000 0.000000038045691
0.7953333333 0.000000037983875
0.7956666667 0.000000037922058
0.7960000000 0.000000037860242
0.7963333333 0.000000037798426
0.7966666667 0.000000037736609
0.7970000000 0.000000037674792
0.7973333333 0.000000037612976
0.7976666667 0.000000037551159
0.7980000000 0.000000037489342
0.7983333333 0.000000037427525
0.7986666667 0.000000037365707
0.7990000000 0.000000037303890
0.7993333333 0.000000037242072
0.7996666667 0.000000037180255
0.8000000000 0.000000037118437
0.8003333333 0.000000037056619
0.8006666667 0.000000036994801
0.8010000000 0.000000036932983
0.8013333333 0.000000036871165
0.8016666667 0.000000036809346
0.8020000000 0.000000036747528
0.8023333333 0.000000036685709
0.8026666667 0.000000036623891
0.8030000000 0.000000036562072
0.8033333333 0.000000036500253
0.8036666667 0.000000036438434
0.8040000000 0.000000036376614
0.8043333333 0.000000036314795
0.8046666667 0.000000036252976
0.8050000000 0.000000036191156
0.8053333333 0.000000036129336
0.8056666667 0.000000036067516
0.8060000000 0.000000036005696
0.8063333333 0.000000035943876
0.8066666667 0.000000035882056
0.8070000000 0.000000035820236
0.8073333333 0.000000035758415
0.8076666667 0.000000035696595
0.8080000000 0.000000035634774
0.8083333333 0.000000035572953
0.8086666667 0.000000035511132
0.8090000000 0.000000035449311
0.8093333333 0.000000035387490
0.8096666667 0.000000035325668
0.8100000000 0.000000035263847
0.8103333333 0.000000035202025
0.8106666667 0.000000035140204
0.8110000000 0.000000035078382
0.8113333333 0.000000035016560
0.8116666667 0.000000034954738
0.8120000000 0.000000034892915
0.8123333333 0.000000034831093
0.8126666667 0.000000034769271
0.8130000000 0.000000034707448
0.8133333333 0.000000034645625
0.8136666667 0.000000034583802
0.8140000000 0.000000034521979
0.8143333333 0.000000034460156
0.8146666667 0.000000034398333
0.8150000000 0.000000034336510
0.8153333333 0.000000034274686
0.8156666667 0.000000034212862
0.8160000000 0.000000034151039
0.8163333333 0.000000034089215
0.8166666667 0.000000034027391
0.8170000000 0.000000033965566
0.8173333333 0.000000033903742
0.8176666667 0.000000033841918
0.8180000000 0.000000033780093
0.8183333333 0.000000033718268
0.8186666667 0.000000033656444
0.8190000000 0.000000033594619
0.8193333333 0.000000033532794
0.8196666667 0.000000033470968
0.8200000000 0.000000033409143
0.8203333333 0.000000033347318
0.8206666667 0.000000033285492
0.8210000000 0.000000033223666
0.8213333333 0.000000033161840
0.8216666667 0.000000033100014
0.8220000000 0.000000033038188
0.8223333333 0.000000032976362
0.8226666667 0.000000032914536
0.8230000000 0.000000032852709
0.8233333333 0.000000032790882
0.8236666667 0.000000032729056
0.8240000000 0.000000032667229
0.8243333333 0.000000032605402
0.8246666667 0.000000032543574
0.8250000000 0.000000032481747
0.8253333333 0.000000032419920
0.8256666667 0.000000032358092
0.8260000000 0.000000032296264
0.8263333333 0.000000032234436
0.8266666667 0.000000032172608
0.8270000000 0.000000032110780
0.8273333333 0.000000032048952
0.8276666667 0.000000031987124
0.8280000000 0.000000031925295
0.8283333333 0.000000031863466
0.8286666667 0.000000031801638
0.8290000000 0.000000031739809
0.8293333333 0.000000031677980
0.8296666667 0.000000031616150
0.8300000000 0.000000031554321
0.8303333333 0.000000031492492
0.8306666667 0.000000031430662
0.8310000000 0.000000031368832
0.8313333333 0.000000031307002
0.8316666667 0.000000031245172
0.8320000000 0.000000031183342
0.8323333333 0.000000031121512
0.8326666667 0.000000031059681
0.8330000000 0.000000030997851
0.8333333333 0.000000030936020
0.8336666667 0.000000030874189
0.8340000000 0.000000030812358
0.8343333333 0.000000030750527
0.8346666667 0.000000030688696
0.8350000000 0.000000030626864
0.8353333333 0.000000030565033
0.8356666667 0.000000030503201
0.8360000000 0.000000030441369
0.8363333333 0.000000030379537
0.8366666667 0.000000030317705
0.8370000000 0.000000030255873
0.8373333333 0.000000030194041
0.8376666667 0.000000030132208
0.8380000000 0.000000030070376
0.8383333333 0.000000030008543
0.8386666667 0.000000029946710
0.8390000000 0.000000029884877
0.8393333333 0.000000029823044
0.8396666667 0.000000029761210
0.8400000000 0.000000029699377
0.8403333333 0.000000029637543
0.8406666667 0.000000029575709
0.8410000000 0.000000029513875
0.8413333333 0.000000029452041
0.8416666667 0.000000029390207
0.8420000000 0.000000029328373
0.8423333333 0.000000029266538
0.8426666667 0.000000029204704
0.8430000000 0.000000029142869
0.8433333333 0.000000029081034
0.8436666667 0.000000029019199
0.8440000000 0.000000028957364
0.8443333333 0.000000028895528
0.8446666667 0.000000028833693
0.8450000000 0.000000028771857
0.8453333333 0.000000028710022
0.8456666667 0.000000028648186
0.8460000000 0.000000028586350
0.8463333333 0.000000028524513
0.8466666667 0.000000028462677
0.8470000000 0.000000028400841
0.8473333333 0.000000028339004
0.8476666667 0.000000028277167
0.8480000000 0.000000028215330
0.8483333333 0.000000028153493
0.8486666667 0.000000028091656
0.8490000000 0.000000028029819
0.8493333333 0.000000027967981
0.8496666667 0.000000027906144
0.8500000000 0.000000027844306
0.8503333333 0.000000027782468
0.8506666667 0.000000027720630
0.8510000000 0.000000027658792
0.8513333333 0.000000027596953
0.8516666667 0.000000027535115
0.8520000000 0.000000027473276
0.8523333333 0.000000027411437
0.8526666667 0.000000027349598
0.8530000000 0.000000027287759
0.8533333333 0.000000027225920
0.8536666667 0.000000027164081
0.8540000000 0.000000027102241
0.8543333333 0.000000027040401
0.8546666667 0.000000026978562
0.8550000000 0.000000026916722
0.8553333333 0.000000026854881
0.8556666667 0.000000026793041
0.8560000000 0.000000026731201
0.8563333333 0.000000026669360
0.8566666667 0.000000026607519
0.8570000000 0.000000026545679
0.8573333333 0.000000026483837
0.8576666667 0.000000026421996
0.8580000000 0.000000026360155
0.8583333333 0.000000026298314
0.8586666667 0.000000026236472
0.8590000000 0.000000026174630
0.8593333333 0.000000026112788
0.8596666667 0.000000026050946
0.8600000000 0.000000025989104
0.8603333333 0.000000025927262
0.8606666667 0.000000025865419
0.8610000000 0.000000025803576
0.8613333333 0.000000025741734
0.8616666667 0.000000025679891
0.8620000000 0.000000025618047
0.8623333333 0.000000025556204
0.8626666667 0.000000025494361
0.8630000000 0.000000025432517
0.8633333333 0.000000025370673
0.8636666667 0.000000025308830
0.8640000000 0.000000025246986
0.8643333333 0.000000025185141
0.8646666667 0.000000025123297
0.8650000000 0.000000025061453
0.8653333333 0.000000024999608
0.8656666667 0.000000024937763
0.8660000000 0.000000024875918
0.8663333333 0.000000024814073
0.8666666667 0.000000024752228
0.8670000000 0.000000024690382
0.8673333333 0.000000024628537
0.8676666667 0.000000024566691
0.8680000000 0.000000024504845
0.8683333333 0.000000024442999
0.8686666667 0.000000024381153
0.8690000000 0.000000024319307
0.8693333333 0.000000024257460
0.8696666667 0.000000024195614
0.8700000000 0.000000024133767
0.8703333333 0.000000024071920
0.8706666667 0.000000024010073
0.8710000000 0.000000023948225
0.8713333333 0.000000023886378
0.8716666667 0.000000023824530
0.8720000000 0.000000023762683
0.8723333333 0.000000023700835
0.8726666667 0.000000023638987
0.8730000000 0.000000023577139
0.8733333333 0.000000023515290
0.8736666667 0.000000023453442
0.8740000000 0.000000023391593
0.8743333333 0.000000023329744
0.8746666667 0.000000023267895
0.8750000000 0.000000023206046
0.8753333333 0.000000023144197
0.8756666667 0.000000023082347
0.8760000000 0.000000023020498
0.8763333333 0.000000022958648
0.8766666667 0.000000022896798
0.8770000000 0.000000022834948
0.8773333333 0.000000022773098
0.8776666667 0.000000022711247
0.8780000000 0.000000022649397
0.8783333333 0.000000022587546
0.8786666667 0.000000022525695
0.8790000000 0.000000022463844
0.8793333333 0.000000022401993
0.8796666667 0.000000022340141
0.8800000000 0.000000022278290
0.8803333333 0.000000022216438
0.8806666667 0.000000022154586
0.8810000000 0.000000022092734
0.8813333333 0.000000022030882
0.8816666667 0.000000021969030
0.8820000000 0.000000021907177
0.8823333333 0.000000021845325
0.8826666667 0.000000021783472
0.8830000000 0.000000021721619
0.8833333333 0.000000021659766
0.8836666667 0.000000021597912
0.8840000000 0.000000021536059
0.8843333333 0.000000021474205
0.8846666667 0.000000021412352
0.8850000000 0.000000021350498
0.8853333333 0.000000021288644
0.8856666667 0.000000021226789
0.8860000000 0.000000021164935
0.8863333333 0.000000021103080
0.8866666667 0.000000021041225
0.8870000000 0.000000020979371
0.8873333333 0.000000020917515
0.8876666667 0.000000020855660
0.8880000000 0.000000020793805
0.8883333333 0.000000020731949
0.8886666667 0.000000020670093
0.8890000000 0.000000020608238
0.8893333333 0.000000020546381
0.8896666667 0.000000020484525
0.8900000000 0.000000020422669
0.8903333333 0.000000020360812
0.8906666667 0.000000020298956
0.8910000000 0.000000020237099
0.8913333333 0.000000020175242
0.8916666667 0.000000020113384
0.8920000000 0.000000020051527
0.8923333333 0.000000019989669
0.8926666667 0.000000019927812
0.8930000000 0.000000019865954
0.8933333333 0.000000019804096
0.8936666667 0.000000019742237
0.8940000000 0.000000019680379
0.8943333333 0.000000019618520
0.8946666667 0.000000019556662
0.8950000000 0.000000019494803
0.8953333333 0.000000019432944
0.8956666667 0.000000019371085
0.8960000000 0.000000019309225
0.8963333333 0.000000019247366
0.8966666667 0.000000019185506
0.8970000000 0.000000019123646
0.8973333333 0.000000019061786
0.8976666667 0.000000018999926
0.8980000000 0.000000018938065
0.8983333333 0.000000018876205
0.8986666667 0.000000018814344
0.8990000000 0.000000018752483
0.8993333333 0.000000018690622
0.8996666667 0.000000018628761
0.9000000000 0.000000018566899
0.9003333333 0.000000018505037
0.9006666667 0.000000018443176
0.9010000000 0.000000018381314
0.9013333333 0.000000018319452
0.9016666667 0.000000018257589
0.9020000000 0.000000018195727
0.9023333333 0.000000018133864
0.9026666667 0.000000018072001
0.9030000000 0.000000018010139
0.9033333333 0.000000017948275
0.9036666667 0.000000017886412
0.9040000000 0.000000017824549
0.9043333333 0.000000017762685
0.9046666667 0.000000017700821
0.9050000000 0.000000017638957
0.9053333333 0.000000017577093
0.9056666667 0.000000017515229
0.9060000000 0.000000017453364
0.9063333333 0.000000017391499
0.9066666667 0.000000017329634
0.9070000000 0.000000017267769
0.9073333333 0.000000017205904
0.9076666667 0.000000017144039
0.9080000000 0.000000017082173
0.9083333333 0.000000017020307
0.9086666667 0.000000016958442
0.9090000000 0.000000016896575
0.9093333333 0.000000016834709
0.9096666667 0.000000016772843
0.9100000000 0.000000016710976
0.9103333333 0.000000016649109
0.9106666667 0.000000016587242
0.9110000000 0.000000016525375
0.9113333333 0.000000016463508
0.9116666667 0.000000016401640
0.9120000000 0.000000016339773
0.9123333333 0.000000016277905
0.9126666667 0.000000016216037
0.9130000000 0.000000016154169
0.9133333333 0.000000016092300
0.9136666667 0.000000016030432
0.9140000000 0.000000015968563
0.9143333333 0.000000015906694
0.9146666667 0.000000015844825
0.9150000000 0.000000015782956
0.9153333333 0.000000015721086
0.9156666667 0.000000015659217
0.9160000000 0.000000015597347
0.9163333333 0.000000015535477
0.9166666667 0.000000015473607
0.9170000000 0.000000015411736
0.9173333333 0.000000015349866
0.9176666667 0.000000015287995
0.9180000000 0.000000015226124
0.9183333333 0.000000015164253
0.9186666667 0.000000015102382
0.9190000000 0.000000015040511
0.9193333333 0.000000014978639
0.9196666667 0.000000014916767
0.9200000000 0.000000014854895
0.9203333333 0.000000014793023
0.9206666667 0.000000014731151
0.9210000000 0.000000014669278
0.9213333333 0.000000014607406
0.9216666667 0.000000014545533
0.9220000000 0.000000014483660
0.9223333333 0.000000014421787
0.9226666667 0.000000014359913
0.9230000000 0.000000014298040
0.9233333333 0.000000014236166
0.9236666667 0.000000014174292
0.9240000000 0.000000014112418
0.9243333333 0.000000014050544
0.9246666667 0.000000013988669
0.9250000000 0.000000013926794
0.9253333333 0.000000013864919
0.9256666667 0.000000013803044
0.9260000000 0.000000013741169
0.9263333333 0.000000013679294
0.9266666667 0.000000013617418
0.9270000000 0.000000013555542
0.9273333333 0.000000013493666
0.9276666667 0.000000013431790
0.9280000000 0.000000013369914
0.9283333333 0.000000013308037
0.9286666667 0.000000013246161
0.9290000000 0.000000013184284
0.9293333333 0.000000013122407
0.9296666667 0.000000013060530
0.9300000000 0.000000012998652
0.9303333333 0.000000012936775
0.9306666667 0.000000012874897
0.9310000000 0.000000012813019
0.9313333333 0.000000012751141
0.9316666667 0.000000012689262
0.9320000000 0.000000012627384
0.9323333333 0.000000012565505
0.9326666667 0.000000012503626
0.9330000000 0.000000012441747
0.9333333333 0.000000012379867
0.9336666667 0.000000012317988
0.9340000000 0.000000012256108
0.9343333333 0.000000012194228
0.9346666667 0.000000012132348
0.9350000000 0.000000012070468
0.9353333333 0.000000012008588
0.9356666667 0.000000011946707
0.9360000000 0.000000011884826
0.9363333333 0.000000011822945
0.9366666667 0.000000011761064
0.9370000000 0.000000011699183
0.9373333333 0.000000011637301
0.9376666667 0.000000011575419
0.9380000000 0.000000011513537
0.9383333333 0.000000011451655
0.9386666667 0.000000011389773
0.9390000000 0.000000011327890
0.9393333333 0.000000011266008
0.9396666667 0.000000011204125
0.9400000000 0.000000011142242
0.9403333333 0.000000011080358
0.9406666667 0.000000011018475
0.9410000000 0.000000010956591
0.9413333333 0.000000010894707
0.9416666667 0.000000010832823
0.9420000000 0.000000010770939
0.9423333333 0.000000010709055
0.9426666667 0.000000010647170
0.9430000000 0.000000010585285
0.9433333333 0.000000010523400
0.9436666667 0.000000010461515
0.9440000000 0.000000010399630
0.9443333333 0.000000010337744
0.9446666667 0.000000010275858
0.9450000000 0.000000010213972
0.9453333333 0.000000010152086
0.9456666667 0.000000010090200
0.9460000000 0.000000010028313
0.9463333333 0.000000009966427
0.9466666667 0.000000009904540
0.9470000000 0.000000009842652
0.9473333333 0.000000009780765
0.9476666667 0.000000009718878
0.9480000000 0.000000009656990
0.9483333333 0.000000009595102
0.9486666667 0.000000009533214
0.9490000000 0.000000009471326
0.9493333333 0.000000009409437
0.9496666667 0.000000009347548
0.9500000000 0.000000009285659
0.9503333333 0.000000009223770
0.9506666667 0.000000009161881
0.9510000000 0.000000009099992
0.9513333333 0.000000009038102
0.9516666667 0.000000008976212
0.9520000000 0.000000008914322
0.9523333333 0.000000008852432
0.9526666667 0.000000008790541
0.9530000000 0.000000008728651
0.9533333333 0.000000008666760
0.9536666667 0.000000008604869
0.9540000000 0.000000008542977
0.9543333333 0.000000008481086
0.9546666667 0.000000008419194
0.9550000000 0.000000008357302
0.9553333333 0.000000008295410
0.9556666667 0.000000008233518
0.9560000000 0.000000008171626
0.9563333333 0.000000008109733
0.9566666667 0.000000008047840
0.9570000000 0.000000007985947
0.9573333333 0.000000007924054
0.9576666667 0.000000007862160
0.9580000000 0.000000007800267
0.9583333333 0.000000007738373
0.9586666667 0.000000007676479
0.9590000000 0.000000007614584
0.9593333333 0.000000007552690
0.9596666667 0.000000007490795
0.9600000000 0.000000007428900
0.9603333333 0.000000007367005
0.9606666667 0.000000007305110
0.9610000000 0.000000007243215
0.9613333333 0.000000007181319
0.9616666667 0.000000007119423
0.9620000000 0.000000007057527
0.9623333333 0.000000006995631
0.9626666667 0.000000006933734
0.9630000000 0.000000006871838
0.9633333333 0.000000006809941
0.9636666667 0.000000006748044
0.9640000000 0.000000006686146
0.9643333333 0.000000006624249
0.9646666667 0.000000006562351
0.9650000000 0.000000006500453
0.9653333333 0.000000006438555
0.9656666667 0.000000006376657
0.9660000000 0.000000006314758
0.9663333333 0.000000006252860
0.9666666667 0.000000006190961
0.9670000000 0.000000006129061
0.9673333333 0.000000006067162
0.9676666667 0.000000006005263
0.9680000000 0.000000005943363
0.9683333333 0.000000005881463
0.9686666667 0.000000005819563
0.9690000000 0.000000005757662
0.9693333333 0.000000005695762
0.9696666667 0.000000005633861
0.9700000000 0.000000005571960
0.9703333333 0.000000005510059
0.9706666667 0.000000005448157
0.9710000000 0.000000005386256
0.9713333333 0.000000005324354
0.9716666667 0.000000005262452
0.9720000000 0.000000005200550
0.9723333333 0.000000005138647
0.9726666667 0.000000005076745
0.9730000000 0.000000005014842
0.9733333333 0.000000004952939
0.9736666667 0.000000004891035
0.9740000000 0.000000004829132
0.9743333333 0.000000004767228
0.9746666667 0.000000004705324
0.9750000000 0.000000004643420
0.9753333333 0.000000004581516
0.9756666667 0.000000004519611
0.9760000000 0.000000004457707
0.9763333333 0.000000004395802
0.9766666667 0.000000004333896
0.9770000000 0.000000004271991
0.9773333333 0.000000004210085
0.9776666667 0.000000004148180
0.9780000000 0.000000004086274
0.9783333333 0.000000004024367
0.9786666667 0.000000003962461
0.9790000000 0.000000003900554
0.9793333333 0.000000003838647
0.9796666667 0.000000003776740
0.9800000000 0.000000003714833
0.9803333333 0.000000003652926
0.9806666667 0.000000003591018
0.9810000000 0.000000003529110
0.9813333333 0.000000003467202
0.9816666667 0.000000003405293
0.9820000000 0.000000003343385
0.9823333333 0.000000003281476
0.9826666667 0.000000003219567
0.9830000000 0.000000003157658
0.9833333333 0.000000003095748
0.9836666667 0.000000003033839
0.9840000000 0.000000002971929
0.9843333333 0.000000002910019
0.9846666667 0.000000002848109
0.9850000000 0.000000002786198
0.9853333333 0.000000002724287
0.9856666667 0.000000002662377
0.9860000000 0.000000002600465
0.9863333333 0.000000002538554
0.9866666667 0.000000002476642
0.9870000000 0.000000002414731
0.9873333333 0.000000002352819
0.9876666667 0.000000002290906
0.9880000000 0.000000002228994
0.9883333333 0.000000002167081
0.9886666667 0.000000002105168
0.9890000000 0.000000002043255
0.9893333333 0.000000001981342
0.9896666667 0.000000001919429
0.9900000000 0.000000001857515
0.9903333333 0.000000001795601
0.9906666667 0.000000001733687
0.9910000000 0.000000001671772
0.9913333333 0.000000001609858
0.9916666667 0.000000001547943
0.9920000000 0.000000001486028
0.9923333333 0.000000001424112
0.9926666667 0.000000001362197
0.9930000000 0.000000001300281
0.9933333333 0.000000001238365
0.9936666667 0.000000001176449
0.9940000000 0.000000001114533
0.9943333333 0.000000001052616
0.9946666667 0.000000000990699
0.9950000000 0.000000000928782
0.9953333333 0.000000000866865
0.9956666667 0.000000000804948
0.9960000000 0.000000000743030
0.9963333333 0.000000000681112
0.9966666667 0.000000000619194
0.9970000000 0.000000000557275
0.9973333333 0.000000000495357
0.9976666667 0.000000000433438
0.9980000000 0.000000000371519
0.9983333333 0.000000000309600
0.9986666667 0.000000000247680
0.9990000000 0.000000000185761
0.9993333333 0.000000000123841
0.9996666667 0.000000000061920
