0.0000000000 2.524511025234086
0.0003333333 2.524301669793423
0.0006666667 2.524094348350357
0.0010000000 2.523887028516521
0.0013333333 2.523679710601493
0.0016666667 2.523472394575381
0.0020000000 2.523265080478069
0.0023333333 2.523057768273027
0.0026666667 2.522850457964557
0.0030000000 2.522643149570645
0.0033333333 2.522435843059943
0.0036666667 2.522228538460666
0.0040000000 2.522021235772454
0.0043333333 2.521813934970575
0.0046666667 2.521606636058528
0.0050000000 2.521399339054934
0.0053333333 2.521192043927833
0.0056666667 2.520984750700251
0.0060000000 2.520777459377359
0.0063333333 2.520570169952502
0.0066666667 2.520362882405374
0.0070000000 2.520155596742296
0.0073333333 2.519948312973285
0.0076666667 2.519741031091645
0.0080000000 2.519533751090308
0.0083333333 2.519326472985835
0.0086666667 2.519119196760120
0.0090000000 2.518911922417204
0.0093333333 2.518704649962068
0.0096666667 2.518497379376359
0.0100000000 2.518290110676589
0.0103333333 2.518082843855499
0.0106666667 2.517875578918695
0.0110000000 2.517668315858317
0.0113333333 2.517461054655639
0.0116666667 2.517253795339960
0.0120000000 2.517046537897442
0.0123333333 2.516839282321996
0.0126666667 2.516632028623576
0.0130000000 2.516424776802218
0.0133333333 2.516217526843368
0.0136666667 2.516010278759133
0.0140000000 2.515803032536554
0.0143333333 2.515595788173851
0.0146666667 2.515388545688388
0.0150000000 2.515181305055224
0.0153333333 2.514974066290835
0.0156666667 2.514766829376949
0.0160000000 2.514559594341272
0.0163333333 2.514352361165907
0.0166666667 2.514145129843180
0.0170000000 2.513937900390548
0.0173333333 2.513730672770085
0.0176666667 2.513523447017149
0.0180000000 2.513316223125005
0.0183333333 2.513109001074541
0.0186666667 2.512901780870254
0.0190000000 2.512694562535339
0.0193333333 2.512487346050937
0.0196666667 2.512280131409480
0.0200000000 2.512072918616243
0.0203333333 2.511865707676148
0.0206666667 2.511658498564329
0.0210000000 2.511451291309409
0.0213333333 2.511244085898351
0.0216666667 2.511036882336180
0.0220000000 2.510829680622169
0.0223333333 2.510622480723968
0.0226666667 2.510415282678292
0.0230000000 2.510208086470670
0.0233333333 2.510000892106943
0.0236666667 2.509793699573611
0.0240000000 2.509586508863402
0.0243333333 2.509379320005651
0.0246666667 2.509172132975281
0.0250000000 2.508964947777245
0.0253333333 2.508757764409932
0.0256666667 2.508550582872971
0.0260000000 2.508343403165093
0.0263333333 2.508136225291169
0.0266666667 2.507929049231595
0.0270000000 2.507721874998142
0.0273333333 2.507514702601329
0.0276666667 2.507307532022496
0.0280000000 2.507100363265955
0.0283333333 2.506893196330750
0.0286666667 2.506686031210199
0.0290000000 2.506478867921169
0.0293333333 2.506271706444345
0.0296666667 2.506064546772367
0.0300000000 2.505857388934853
0.0303333333 2.505650232918643
0.0306666667 2.505443078697971
0.0310000000 2.505235926290603
0.0313333333 2.505028775707102
0.0316666667 2.504821626928083
0.0320000000 2.504614479953016
0.0323333333 2.504407334804671
0.0326666667 2.504200191445520
0.0330000000 2.503993049905054
0.0333333333 2.503785910152366
0.0336666667 2.503578772221373
0.0340000000 2.503371636088062
0.0343333333 2.503164501763142
0.0346666667 2.502957369220851
0.0350000000 2.502750238503040
0.0353333333 2.502543109566096
0.0356666667 2.502335982438940
0.0360000000 2.502128857102563
0.0363333333 2.501921733555586
0.0366666667 2.501714611809905
0.0370000000 2.501507491869549
0.0373333333 2.501300373697976
0.0376666667 2.501093257335539
0.0380000000 2.500886142757550
0.0383333333 2.500679029962693
0.0386666667 2.500471918961950
0.0390000000 2.500264809748458
0.0393333333 2.500057702320977
0.0396666667 2.499850596684789
0.0400000000 2.499643492826421
0.0403333333 2.499436390756443
0.0406666667 2.499229290456259
0.0410000000 2.499022191948827
0.0413333333 2.498815095208891
0.0416666667 2.498608000253235
0.0420000000 2.498400907075472
0.0423333333 2.498193815673433
0.0426666667 2.497986726041081
0.0430000000 2.497779638194747
0.0433333333 2.497572552115466
0.0436666667 2.497365467801835
0.0440000000 2.497158385277699
0.0443333333 2.496951304498736
0.0446666667 2.496744225501086
0.0450000000 2.496537148282858
0.0453333333 2.496330072806763
0.0456666667 2.496122999108791
0.0460000000 2.495915927186985
0.0463333333 2.495708857010399
0.0466666667 2.495501788601991
0.0470000000 2.495294721954525
0.0473333333 2.495087657061021
0.0476666667 2.494880593939340
0.0480000000 2.494673532562686
0.0483333333 2.494466472955378
0.0486666667 2.494259415097461
0.0490000000 2.494052359000527
0.0493333333 2.493845304650447
0.0496666667 2.493638252041014
0.0500000000 2.493431201194822
0.0503333333 2.493224152105084
0.0506666667 2.493017104752425
0.0510000000 2.492810059154146
0.0513333333 2.492603015302333
0.0516666667 2.492395973209039
0.0520000000 2.492188932842098
0.0523333333 2.491981894212666
0.0526666667 2.491774857350258
0.0530000000 2.491567822217263
0.0533333333 2.491360788825022
0.0536666667 2.491153757171735
0.0540000000 2.490946727250464
0.0543333333 2.490739699079026
0.0546666667 2.490532672630963
0.0550000000 2.490325647930587
0.0553333333 2.490118624963772
0.0556666667 2.489911603705027
0.0560000000 2.489704584203238
0.0563333333 2.489497566425467
0.0566666667 2.489290550383033
0.0570000000 2.489083536063416
0.0573333333 2.488876523470817
0.0576666667 2.488669512604310
0.0580000000 2.488462503463320
0.0583333333 2.488255496039888
0.0586666667 2.488048490351959
0.0590000000 2.487841486379583
0.0593333333 2.487634484121879
0.0596666667 2.487427483595711
0.0600000000 2.487220484776419
0.0603333333 2.487013487692580
0.0606666667 2.486806492300515
0.0610000000 2.486599498642465
0.0613333333 2.486392506692232
0.0616666667 2.486185516454994
0.0620000000 2.485978527923436
0.0623333333 2.485771541115398
0.0626666667 2.485564556010795
0.0630000000 2.485357572614809
0.0633333333 2.485150590920091
0.0636666667 2.484943610938142
0.0640000000 2.484736632667860
0.0643333333 2.484529656089471
0.0646666667 2.484322681226351
0.0650000000 2.484115708052953
0.0653333333 2.483908736587010
0.0656666667 2.483701766826728
0.0660000000 2.483494798759144
0.0663333333 2.483287832382897
0.0666666667 2.483080867715827
0.0670000000 2.482873904737846
0.0673333333 2.482666943454308
0.0676666667 2.482459983863805
0.0680000000 2.482253025965552
0.0683333333 2.482046069751980
0.0686666667 2.481839115234884
0.0690000000 2.481632162412444
0.0693333333 2.481425211271604
0.0696666667 2.481218261811255
0.0700000000 2.481011314048719
0.0703333333 2.480804367957986
0.0706666667 2.480597423563250
0.0710000000 2.480390480844331
0.0713333333 2.480183539800402
0.0716666667 2.479976600448683
0.0720000000 2.479769662769448
0.0723333333 2.479562726768389
0.0726666667 2.479355792443735
0.0730000000 2.479148859800731
0.0733333333 2.478941928814093
0.0736666667 2.478734999512439
0.0740000000 2.478528071889355
0.0743333333 2.478321145937591
0.0746666667 2.478114221643111
0.0750000000 2.477907299030203
0.0753333333 2.477700378066001
0.0756666667 2.477493458781335
0.0760000000 2.477286541168173
0.0763333333 2.477079625213231
0.0766666667 2.476872710915513
0.0770000000 2.476665798292543
0.0773333333 2.476458887323917
0.0776666667 2.476251978015610
0.0780000000 2.476045070365972
0.0783333333 2.475838164368052
0.0786666667 2.475631260045475
0.0790000000 2.475424357359538
0.0793333333 2.475217456328486
0.0796666667 2.475010556962970
0.0800000000 2.474803659242994
0.0803333333 2.474596763168275
0.0806666667 2.474389868755720
0.0810000000 2.474182975979764
0.0813333333 2.473976084857607
0.0816666667 2.473769195381985
0.0820000000 2.473562307558049
0.0823333333 2.473355421372379
0.0826666667 2.473148536835980
0.0830000000 2.472941653929329
0.0833333333 2.472734772670208
0.0836666667 2.472527893057175
0.0840000000 2.472321015064021
0.0843333333 2.472114138720707
0.0846666667 2.471907264014288
0.0850000000 2.471700390949625
0.0853333333 2.471493519513111
0.0856666667 2.471286649703396
0.0860000000 2.471079781531416
0.0863333333 2.470872914996980
0.0866666667 2.470666050092881
0.0870000000 2.470459186798201
0.0873333333 2.470252325149971
0.0876666667 2.470045465115784
0.0880000000 2.469838606718895
0.0883333333 2.469631749940926
0.0886666667 2.469424894785260
0.0890000000 2.469218041245388
0.0893333333 2.469011189338938
0.0896666667 2.468804339039928
0.0900000000 2.468597490365642
0.0903333333 2.468390643314954
0.0906666667 2.468183797868092
0.0910000000 2.467976954043000
0.0913333333 2.467770111838002
0.0916666667 2.467563271233909
0.0920000000 2.467356432253460
0.0923333333 2.467149594878020
0.0926666667 2.466942759105647
0.0930000000 2.466735924948071
0.0933333333 2.466529092410313
0.0936666667 2.466322261453527
0.0940000000 2.466115432121230
0.0943333333 2.465908604386302
0.0946666667 2.465701778247700
0.0950000000 2.465494953723387
0.0953333333 2.465288130793544
0.0956666667 2.465081309456926
0.0960000000 2.464874489730985
0.0963333333 2.464667671596029
0.0966666667 2.464460855057368
0.0970000000 2.464254040113205
0.0973333333 2.464047226756814
0.0976666667 2.463840414999334
0.0980000000 2.463633604839815
0.0983333333 2.463426796263928
0.0986666667 2.463219989274756
0.0990000000 2.463013183873604
0.0993333333 2.462806380068640
0.0996666667 2.462599577833968
0.1000000000 2.462392777196415
0.1003333333 2.462185978142480
0.1006666667 2.461979180668264
0.1010000000 2.461772384775109
0.1013333333 2.461565590468397
0.1016666667 2.461358797728188
0.1020000000 2.461152006569370
0.1023333333 2.460945216996632
0.1026666667 2.460738428993253
0.1030000000 2.460531642561199
0.1033333333 2.460324857705665
0.1036666667 2.460118074425676
0.1040000000 2.459911292713588
0.1043333333 2.459704512571502
0.1046666667 2.459497734007592
0.1050000000 2.459290956986480
0.1053333333 2.459084181544343
0.1056666667 2.458877407676991
0.1060000000 2.458670635370979
0.1063333333 2.458463864618751
0.1066666667 2.458257095446998
0.1070000000 2.458050327814547
0.1073333333 2.457843561747910
0.1076666667 2.457636797249312
0.1080000000 2.457430034298973
0.1083333333 2.457223272910976
0.1086666667 2.457016513065785
0.1090000000 2.456809754790287
0.1093333333 2.456602998064645
0.1096666667 2.456396242884558
0.1100000000 2.456189489254924
0.1103333333 2.455982737177553
0.1106666667 2.455775986652205
0.1110000000 2.455569237673909
0.1113333333 2.455362490229099
0.1116666667 2.455155744347852
0.1120000000 2.454949000004278
0.1123333333 2.454742257193721
0.1126666667 2.454535515934398
0.1130000000 2.454328776209080
0.1133333333 2.454122038022445
0.1136666667 2.453915301380524
0.1140000000 2.453708566278620
0.1143333333 2.453501832699840
0.1146666667 2.453295100658873
0.1150000000 2.453088370154460
0.1153333333 2.452881641185574
0.1156666667 2.452674913744509
0.1160000000 2.452468187830597
0.1163333333 2.452261463454561
0.1166666667 2.452054740597015
0.1170000000 2.451848019266297
0.1173333333 2.451641299470118
0.1176666667 2.451434581194990
0.1180000000 2.451227864433967
0.1183333333 2.451021149201127
0.1186666667 2.450814435492089
0.1190000000 2.450607723299630
0.1193333333 2.450401012622348
0.1196666667 2.450194303469022
0.1200000000 2.449987595825667
0.1203333333 2.449780889703412
0.1206666667 2.449574185085788
0.1210000000 2.449367481990488
0.1213333333 2.449160780400316
0.1216666667 2.448954080323678
0.1220000000 2.448747381762966
0.1223333333 2.448540684703938
0.1226666667 2.448333989148655
0.1230000000 2.448127295102581
0.1233333333 2.447920602564112
0.1236666667 2.447713911523231
0.1240000000 2.447507221990767
0.1243333333 2.447300533953236
0.1246666667 2.447093847422351
0.1250000000 2.446887162380480
0.1253333333 2.446680478846040
0.1256666667 2.446473796805374
0.1260000000 2.446267116259755
0.1263333333 2.446060437211925
0.1266666667 2.445853759650566
0.1270000000 2.445647083581394
0.1273333333 2.445440409012552
0.1276666667 2.445233735920513
0.1280000000 2.445027064326707
0.1283333333 2.444820394213855
0.1286666667 2.444613725593500
0.1290000000 2.444407058454911
0.1293333333 2.444200392803767
0.1296666667 2.443993728628521
0.1300000000 2.443787065947645
0.1303333333 2.443580404728269
0.1306666667 2.443373745003892
0.1310000000 2.443167086741795
0.1313333333 2.442960429969317
0.1316666667 2.442753774666077
0.1320000000 2.442547120843953
0.1323333333 2.442340468491970
0.1326666667 2.442133817612225
0.1330000000 2.441927168203584
0.1333333333 2.441720520258583
0.1336666667 2.441513873794850
0.1340000000 2.441307228799038
0.1343333333 2.441100585256840
0.1346666667 2.440893943189344
0.1350000000 2.440687302582828
0.1353333333 2.440480663436205
0.1356666667 2.440274025751243
0.1360000000 2.440067389536405
0.1363333333 2.439860754774752
0.1366666667 2.439654121471363
0.1370000000 2.439447489624953
0.1373333333 2.439240859234903
0.1376666667 2.439034230296001
0.1380000000 2.438827602814042
0.1383333333 2.438620976784534
0.1386666667 2.438414352203119
0.1390000000 2.438207729084716
0.1393333333 2.438001107399243
0.1396666667 2.437794487167965
0.1400000000 2.437587868386121
0.1403333333 2.437381251046964
0.1406666667 2.437174635145383
0.1410000000 2.436968020702967
0.1413333333 2.436761407686551
0.1416666667 2.436554796120444
0.1420000000 2.436348185987478
0.1423333333 2.436141577305574
0.1426666667 2.435934970045267
0.1430000000 2.435728364223861
0.1433333333 2.435521759843809
0.1436666667 2.435315156891410
0.1440000000 2.435108555374513
0.1443333333 2.434901955295075
0.1446666667 2.434695356633650
0.1450000000 2.434488759407296
0.1453333333 2.434282163612039
0.1456666667 2.434075569240213
0.1460000000 2.433868976297196
0.1463333333 2.433662384765618
0.1466666667 2.433455794673298
0.1470000000 2.433249205993079
0.1473333333 2.433042618737150
0.1476666667 2.432836032906963
0.1480000000 2.432629448485928
0.1483333333 2.432422865488204
0.1486666667 2.432216283900365
0.1490000000 2.432009703727714
0.1493333333 2.431803124974549
0.1496666667 2.431596547624999
0.1500000000 2.431389971699073
0.1503333333 2.431183397177203
0.1506666667 2.430976824064284
0.1510000000 2.430770252359174
0.1513333333 2.430563682054502
0.1516666667 2.430357113171092
0.1520000000 2.430150545679225
0.1523333333 2.429943979596927
0.1526666667 2.429737414906913
0.1530000000 2.429530851620855
0.1533333333 2.429324289737570
0.1536666667 2.429117729252742
0.1540000000 2.428911170171273
0.1543333333 2.428704612479531
0.1546666667 2.428498056179643
0.1550000000 2.428291501276294
0.1553333333 2.428084947768789
0.1556666667 2.427878395642703
0.1560000000 2.427671844916677
0.1563333333 2.427465295576154
0.1566666667 2.427258747623223
0.1570000000 2.427052201057236
0.1573333333 2.426845655876378
0.1576666667 2.426639112079629
0.1580000000 2.426432569669195
0.1583333333 2.426226028637271
0.1586666667 2.426019488986232
0.1590000000 2.425812950710676
0.1593333333 2.425606413817026
0.1596666667 2.425399878303771
0.1600000000 2.425193344159917
0.1603333333 2.424986811396882
0.1606666667 2.424780280004120
0.1610000000 2.424573749977572
0.1613333333 2.424367221331321
0.1616666667 2.424160694055362
0.1620000000 2.423954168144627
0.1623333333 2.423747643601572
0.1626666667 2.423541120421651
0.1630000000 2.423334598613273
0.1633333333 2.423128078159133
0.1636666667 2.422921559083851
0.1640000000 2.422715041354003
0.1643333333 2.422508524994437
0.1646666667 2.422302009987411
0.1650000000 2.422095496338505
0.1653333333 2.421888984052746
0.1656666667 2.421682473119259
0.1660000000 2.421475963546675
0.1663333333 2.421269455314520
0.1666666667 2.421062948434407
0.1670000000 2.420856442921088
0.1673333333 2.420649938747697
0.1676666667 2.420443435922872
0.1680000000 2.420236934435593
0.1683333333 2.420030434310470
0.1686666667 2.419823935523757
0.1690000000 2.419617438077580
0.1693333333 2.419410941983030
0.1696666667 2.419204447223603
0.1700000000 2.418997953800977
0.1703333333 2.418791461720635
0.1706666667 2.418584970977659
0.1710000000 2.418378481574435
0.1713333333 2.418171993503288
0.1716666667 2.417965506759983
0.1720000000 2.417759021362281
0.1723333333 2.417552537289572
0.1726666667 2.417346054537830
0.1730000000 2.417139573134421
0.1733333333 2.416933093043355
0.1736666667 2.416726614291655
0.1740000000 2.416520136856468
0.1743333333 2.416313660742084
0.1746666667 2.416107185966978
0.1750000000 2.415900712507516
0.1753333333 2.415694240356249
0.1756666667 2.415487769540551
0.1760000000 2.415281300033584
0.1763333333 2.415074831847270
0.1766666667 2.414868364979991
0.1770000000 2.414661899427432
0.1773333333 2.414455435178989
0.1776666667 2.414248972249458
0.1780000000 2.414042510624701
0.1783333333 2.413836050322787
0.1786666667 2.413629591326314
0.1790000000 2.413423133634297
0.1793333333 2.413216677251754
0.1796666667 2.413010222165075
0.1800000000 2.412803768388272
0.1803333333 2.412597315911376
0.1806666667 2.412390864742245
0.1810000000 2.412184414870364
0.1813333333 2.411977966294394
0.1816666667 2.411771519025940
0.1820000000 2.411565073038369
0.1823333333 2.411358628361843
0.1826666667 2.411152184979795
0.1830000000 2.410945742881445
0.1833333333 2.410739302077879
0.1836666667 2.410532862565236
0.1840000000 2.410326424338621
0.1843333333 2.410119987406444
0.1846666667 2.409913551758464
0.1850000000 2.409707117392974
0.1853333333 2.409500684315131
0.1856666667 2.409294252517494
0.1860000000 2.409087822005459
0.1863333333 2.408881392771141
0.1866666667 2.408674964819507
0.1870000000 2.408468538152673
0.1873333333 2.408262112760497
0.1876666667 2.408055688637613
0.1880000000 2.407849265792845
0.1883333333 2.407642844221668
0.1886666667 2.407436423923036
0.1890000000 2.407230004895737
0.1893333333 2.407023587138357
0.1896666667 2.406817170652970
0.1900000000 2.406610755425555
0.1903333333 2.406404341477108
0.1906666667 2.406197928784299
0.1910000000 2.405991517362038
0.1913333333 2.405785107195978
0.1916666667 2.405578698297648
0.1920000000 2.405372290653215
0.1923333333 2.405165884270923
0.1926666667 2.404959479146576
0.1930000000 2.404753075275696
0.1933333333 2.404546672669843
0.1936666667 2.404340271308274
0.1940000000 2.404133871206266
0.1943333333 2.403927472349563
0.1946666667 2.403721074752891
0.1950000000 2.403514678395702
0.1953333333 2.403308283286850
0.1956666667 2.403101889434273
0.1960000000 2.402895496817944
0.1963333333 2.402689105448968
0.1966666667 2.402482715316634
0.1970000000 2.402276326432895
0.1973333333 2.402069938795961
0.1976666667 2.401863552392155
0.1980000000 2.401657167229967
0.1983333333 2.401450783292002
0.1986666667 2.401244400609164
0.1990000000 2.401038019147692
0.1993333333 2.400831638920006
0.1996666667 2.400625259933652
0.2000000000 2.400418882172108
0.2003333333 2.400212505633541
0.2006666667 2.400006130333195
0.2010000000 2.399799756256647
0.2013333333 2.399593383409502
0.2016666667 2.399387011777282
0.2020000000 2.399180641378491
0.2023333333 2.398974272198510
0.2026666667 2.398767904236456
0.2030000000 2.398561537494474
0.2033333333 2.398355171980481
0.2036666667 2.398148807674200
0.2040000000 2.397942444584029
0.2043333333 2.397736082715316
0.2046666667 2.397529722053749
0.2050000000 2.397323362607860
0.2053333333 2.397117004376327
0.2056666667 2.396910647348607
0.2060000000 2.396704291532536
0.2063333333 2.396497936927350
0.2066666667 2.396291583525029
0.2070000000 2.396085231324866
0.2073333333 2.395878880337780
0.2076666667 2.395672530540726
0.2080000000 2.395466181957521
0.2083333333 2.395259834561778
0.2086666667 2.395053488374647
0.2090000000 2.394847143381681
0.2093333333 2.394640799585171
0.2096666667 2.394434456983713
0.2100000000 2.394228115579643
0.2103333333 2.394021775364752
0.2106666667 2.393815436335153
0.2110000000 2.393609098508291
0.2113333333 2.393402761861077
0.2116666667 2.393196426407731
0.2120000000 2.392990092141046
0.2123333333 2.392783759053026
0.2126666667 2.392577427145862
0.2130000000 2.392371096431139
0.2133333333 2.392164766891292
0.2136666667 2.391958438535199
0.2140000000 2.391752111358022
0.2143333333 2.391545785365041
0.2146666667 2.391339460542197
0.2150000000 2.391133136891440
0.2153333333 2.390926814418091
0.2156666667 2.390720493117451
0.2160000000 2.390514172988392
0.2163333333 2.390307854029658
0.2166666667 2.390101536246431
0.2170000000 2.389895219621391
0.2173333333 2.389688904163051
0.2176666667 2.389482589876333
0.2180000000 2.389276276747343
0.2183333333 2.389069964787706
0.2186666667 2.388863653983327
0.2190000000 2.388657344345599
0.2193333333 2.388451035867083
0.2196666667 2.388244728539946
0.2200000000 2.388038422369538
0.2203333333 2.387832117357522
0.2206666667 2.387625813499905
0.2210000000 2.387419510798190
0.2213333333 2.387213209238558
0.2216666667 2.387006908845371
0.2220000000 2.386800609585239
0.2223333333 2.386594311482686
0.2226666667 2.386388014520206
0.2230000000 2.386181718706436
0.2233333333 2.385975424036619
0.2236666667 2.385769130509948
0.2240000000 2.385562838124780
0.2243333333 2.385356546883113
0.2246666667 2.385150256774306
0.2250000000 2.384943967806420
0.2253333333 2.384737679981516
0.2256666667 2.384531393279424
0.2260000000 2.384325107720743
0.2263333333 2.384118823288780
0.2266666667 2.383912539994814
0.2270000000 2.383706257824647
0.2273333333 2.383499976790136
0.2276666667 2.383293696877149
0.2280000000 2.383087418093660
0.2283333333 2.382881140435616
0.2286666667 2.382674863901638
0.2290000000 2.382468588490489
0.2293333333 2.382262314200895
0.2296666667 2.382056041031554
0.2300000000 2.381849768981292
0.2303333333 2.381643498048827
0.2306666667 2.381437228236118
0.2310000000 2.381230959535425
0.2313333333 2.381024691948735
0.2316666667 2.380818425474779
0.2320000000 2.380612160109062
0.2323333333 2.380405895856865
0.2326666667 2.380199632716828
0.2330000000 2.379993370681266
0.2333333333 2.379787109748907
0.2336666667 2.379580849928189
0.2340000000 2.379374591205063
0.2343333333 2.379168333590937
0.2346666667 2.378962077071709
0.2350000000 2.378755821655768
0.2353333333 2.378549567342070
0.2356666667 2.378343314119579
0.2360000000 2.378137061996441
0.2363333333 2.377930810968441
0.2366666667 2.377724561031193
0.2370000000 2.377518312192868
0.2373333333 2.377312064445694
0.2376666667 2.377105817782166
0.2380000000 2.376899572213868
0.2383333333 2.376693327729790
0.2386666667 2.376487084325559
0.2390000000 2.376280842012649
0.2393333333 2.376074600789857
0.2396666667 2.375868360646316
0.2400000000 2.375662121570997
0.2403333333 2.375455883591631
0.2406666667 2.375249646681171
0.2410000000 2.375043410854608
0.2413333333 2.374837176100746
0.2416666667 2.374630942418750
0.2420000000 2.374424709810035
0.2423333333 2.374218478280121
0.2426666667 2.374012247817844
0.2430000000 2.373806018428629
0.2433333333 2.373599790098197
0.2436666667 2.373393562847755
0.2440000000 2.373187336653531
0.2443333333 2.372981111527315
0.2446666667 2.372774887464344
0.2450000000 2.372568664469840
0.2453333333 2.372362442523245
0.2456666667 2.372156221639542
0.2460000000 2.371950001823671
0.2463333333 2.371743783055216
0.2466666667 2.371537565345640
0.2470000000 2.371331348693597
0.2473333333 2.371125133088445
0.2476666667 2.370918918535064
0.2480000000 2.370712705042071
0.2483333333 2.370506492588608
0.2486666667 2.370300281186494
0.2490000000 2.370094070831104
0.2493333333 2.369887861521258
0.2496666667 2.369681653252329
0.2500000000 2.369475446032646
0.2503333333 2.369269239851818
0.2506666667 2.369063034708027
0.2510000000 2.368856830612720
0.2513333333 2.368650627542574
0.2516666667 2.368444425515368
0.2520000000 2.368238224526708
0.2523333333 2.368032024568691
0.2526666667 2.367825825643443
0.2530000000 2.367619627752722
0.2533333333 2.367413430892253
0.2536666667 2.367207235050830
0.2540000000 2.367001040243704
0.2543333333 2.366794846462649
0.2546666667 2.366588653703371
0.2550000000 2.366382461974332
0.2553333333 2.366176271261305
0.2556666667 2.365970081578920
0.2560000000 2.365763892906919
0.2563333333 2.365557705253405
0.2566666667 2.365351518623671
0.2570000000 2.365145333003553
0.2573333333 2.364939148404584
0.2576666667 2.364732964818745
0.2580000000 2.364526782239103
0.2583333333 2.364320600673285
0.2586666667 2.364114420116914
0.2590000000 2.363908240572122
0.2593333333 2.363702062031263
0.2596666667 2.363495884489652
0.2600000000 2.363289707962059
0.2603333333 2.363083532437518
0.2606666667 2.362877357908399
0.2610000000 2.362671184379809
0.2613333333 2.362465011857042
0.2616666667 2.362258840332169
0.2620000000 2.362052669800651
0.2623333333 2.361846500261629
0.2626666667 2.361640331716428
0.2630000000 2.361434164173709
0.2633333333 2.361227997615951
0.2636666667 2.361021832048556
0.2640000000 2.360815667466910
0.2643333333 2.360609503876031
0.2646666667 2.360403341271506
0.2650000000 2.360197179652039
0.2653333333 2.359991019019416
0.2656666667 2.359784859366105
0.2660000000 2.359578700690821
0.2663333333 2.359372543001816
0.2666666667 2.359166386288096
0.2670000000 2.358960230551620
0.2673333333 2.358754075784757
0.2676666667 2.358547922005319
0.2680000000 2.358341769186359
0.2683333333 2.358135617349234
0.2686666667 2.357929466479798
0.2690000000 2.357723316576411
0.2693333333 2.357517167647595
0.2696666667 2.357311019682529
0.2700000000 2.357104872679909
0.2703333333 2.356898726651103
0.2706666667 2.356692581582023
0.2710000000 2.356486437468349
0.2713333333 2.356280294314926
0.2716666667 2.356074152120591
0.2720000000 2.355868010890644
0.2723333333 2.355661870613802
0.2726666667 2.355455731292034
0.2730000000 2.355249592924193
0.2733333333 2.355043455512208
0.2736666667 2.354837319048207
0.2740000000 2.354631183530939
0.2743333333 2.354425048968799
0.2746666667 2.354218915344382
0.2750000000 2.354012782672393
0.2753333333 2.353806650948233
0.2756666667 2.353600520158151
0.2760000000 2.353394390322807
0.2763333333 2.353188261421951
0.2766666667 2.352982133463780
0.2770000000 2.352776006437352
0.2773333333 2.352569880354195
0.2776666667 2.352363755200381
0.2780000000 2.352157630983931
0.2783333333 2.351951507700483
0.2786666667 2.351745385351812
0.2790000000 2.351539263927134
0.2793333333 2.351333143434868
0.2796666667 2.351127023870179
0.2800000000 2.350920905231783
0.2803333333 2.350714787521892
0.2806666667 2.350508670729433
0.2810000000 2.350302554862593
0.2813333333 2.350096439916915
0.2816666667 2.349890325887967
0.2820000000 2.349684212783937
0.2823333333 2.349478100590536
0.2826666667 2.349271989316523
0.2830000000 2.349065878966439
0.2833333333 2.348859769513974
0.2836666667 2.348653660979724
0.2840000000 2.348447553356043
0.2843333333 2.348241446645083
0.2846666667 2.348035340835774
0.2850000000 2.347829235936329
0.2853333333 2.347623131945519
0.2856666667 2.347417028852316
0.2860000000 2.347210926661900
0.2863333333 2.347004825382621
0.2866666667 2.346798724993775
0.2870000000 2.346592625507115
0.2873333333 2.346386526917785
0.2876666667 2.346180429227772
0.2880000000 2.345974332423055
0.2883333333 2.345768236521578
0.2886666667 2.345562141512324
0.2890000000 2.345356047384374
0.2893333333 2.345149954155469
0.2896666667 2.344943861811808
0.2900000000 2.344737770358105
0.2903333333 2.344531679783544
0.2906666667 2.344325590093607
0.2910000000 2.344119501296043
0.2913333333 2.343913413370474
0.2916666667 2.343707326328512
0.2920000000 2.343501240162308
0.2923333333 2.343295154883358
0.2926666667 2.343089070474412
0.2930000000 2.342882986937383
0.2933333333 2.342676904280262
0.2936666667 2.342470822492431
0.2940000000 2.342264741572514
0.2943333333 2.342058661522215
0.2946666667 2.341852582346698
0.2950000000 2.341646504038319
0.2953333333 2.341440426592457
0.2956666667 2.341234350007953
0.2960000000 2.341028274286360
0.2963333333 2.340822199432906
0.2966666667 2.340616125439978
0.2970000000 2.340410052299665
0.2973333333 2.340203980020539
0.2976666667 2.339997908600941
0.2980000000 2.339791838033094
0.2983333333 2.339585768319157
0.2986666667 2.339379699457700
0.2990000000 2.339173631444228
0.2993333333 2.338967564283622
0.2996666667 2.338761497974645
0.3000000000 2.338555432503317
0.3003333333 2.338349367890451
0.3006666667 2.338143304112486
0.3010000000 2.337937241181123
0.3013333333 2.337731179091179
0.3016666667 2.337525117841669
0.3020000000 2.337319057431582
0.3023333333 2.337112997856014
0.3026666667 2.336906939123242
0.3030000000 2.336700881222115
0.3033333333 2.336494824155148
0.3036666667 2.336288767920487
0.3040000000 2.336082712520050
0.3043333333 2.335876657946257
0.3046666667 2.335670604200909
0.3050000000 2.335464551279554
0.3053333333 2.335258499187072
0.3056666667 2.335052447918975
0.3060000000 2.334846397474002
0.3063333333 2.334640347850713
0.3066666667 2.334434299047873
0.3070000000 2.334228251060852
0.3073333333 2.334022203901099
0.3076666667 2.333816157548189
0.3080000000 2.333610112016866
0.3083333333 2.333404067292663
0.3086666667 2.333198023382523
0.3090000000 2.332991980284854
0.3093333333 2.332785937998517
0.3096666667 2.332579896520508
0.3100000000 2.332373855844791
0.3103333333 2.332167815977797
0.3106666667 2.331961776916584
0.3110000000 2.331755738659964
0.3113333333 2.331549701201812
0.3116666667 2.331343664539347
0.3120000000 2.331137628681857
0.3123333333 2.330931593623675
0.3126666667 2.330725559358505
0.3130000000 2.330519525886571
0.3133333333 2.330313493209792
0.3136666667 2.330107461325195
0.3140000000 2.329901430228191
0.3143333333 2.329695399925521
0.3146666667 2.329489370412449
0.3150000000 2.329283341678357
0.3153333333 2.329077313737662
0.3156666667 2.328871286579402
0.3160000000 2.328665260197473
0.3163333333 2.328459234603366
0.3166666667 2.328253209783072
0.3170000000 2.328047185753878
0.3173333333 2.327841162495681
0.3176666667 2.327635140010505
0.3180000000 2.327429118298331
0.3183333333 2.327223097360807
0.3186666667 2.327017077200135
0.3190000000 2.326811057808438
0.3193333333 2.326605039179629
0.3196666667 2.326399021324871
0.3200000000 2.326193004235252
0.3203333333 2.325986987910538
0.3206666667 2.325780972349726
0.3210000000 2.325574957549915
0.3213333333 2.325368943514254
0.3216666667 2.325162930235101
0.3220000000 2.324956917718992
0.3223333333 2.324750905956814
0.3226666667 2.324544894951905
0.3230000000 2.324338884696520
0.3233333333 2.324132875200382
0.3236666667 2.323926866452716
0.3240000000 2.323720858453577
0.3243333333 2.323514851203403
0.3246666667 2.323308844702332
0.3250000000 2.323102838947273
0.3253333333 2.322896833941787
0.3256666667 2.322690829668712
0.3260000000 2.322484826145535
0.3263333333 2.322278823361513
0.3266666667 2.322072821315189
0.3270000000 2.321866820011635
0.3273333333 2.321660819439798
0.3276666667 2.321454819603419
0.3280000000 2.321248820505475
0.3283333333 2.321042822135340
0.3286666667 2.320836824498186
0.3290000000 2.320630827590470
0.3293333333 2.320424831411252
0.3296666667 2.320218835960816
0.3300000000 2.320012841232666
0.3303333333 2.319806847233757
0.3306666667 2.319600853953030
0.3310000000 2.319394861393994
0.3313333333 2.319188869559832
0.3316666667 2.318982878441362
0.3320000000 2.318776888040161
0.3323333333 2.318570898352269
0.3326666667 2.318364909380531
0.3330000000 2.318158921128508
0.3333333333 2.317952933579117
0.3336666667 2.317746946749671
0.3340000000 2.317540960623197
0.3343333333 2.317334975206246
0.3346666667 2.317128990494159
0.3350000000 2.316923006487338
0.3353333333 2.316717023188936
0.3356666667 2.316511040591379
0.3360000000 2.316305058690189
0.3363333333 2.316099077490291
0.3366666667 2.315893096993302
0.3370000000 2.315687117186947
0.3373333333 2.315481138080828
0.3376666667 2.315275159667332
0.3380000000 2.315069181946659
0.3383333333 2.314863204915750
0.3386666667 2.314657228579634
0.3390000000 2.314451252929020
0.3393333333 2.314245277964046
0.3396666667 2.314039303686693
0.3400000000 2.313833330096991
0.3403333333 2.313627357185604
0.3406666667 2.313421384957677
0.3410000000 2.313215413411707
0.3413333333 2.313009442539965
0.3416666667 2.312803472349123
0.3420000000 2.312597502836026
0.3423333333 2.312391533994596
0.3426666667 2.312185565829952
0.3430000000 2.311979598335721
0.3433333333 2.311773631507616
0.3436666667 2.311567665356645
0.3440000000 2.311361699870526
0.3443333333 2.311155735052583
0.3446666667 2.310949770898252
0.3450000000 2.310743807406130
0.3453333333 2.310537844579477
0.3456666667 2.310331882410981
0.3460000000 2.310125920905149
0.3463333333 2.309919960056027
0.3466666667 2.309713999862311
0.3470000000 2.309508040327248
0.3473333333 2.309302081444787
0.3476666667 2.309096123211857
0.3480000000 2.308890165633484
0.3483333333 2.308684208708005
0.3486666667 2.308478252424980
0.3490000000 2.308272296797003
0.3493333333 2.308066341805394
0.3496666667 2.307860387464542
0.3500000000 2.307654433766603
0.3503333333 2.307448480705605
0.3506666667 2.307242528291146
0.3510000000 2.307036576510940
0.3513333333 2.306830625371205
0.3516666667 2.306624674864436
0.3520000000 2.306418724993868
0.3523333333 2.306212775758242
0.3526666667 2.306006827151435
0.3530000000 2.305800879175041
0.3533333333 2.305594931829341
0.3536666667 2.305388985112884
0.3540000000 2.305183039022833
0.3543333333 2.304977093554510
0.3546666667 2.304771148712967
0.3550000000 2.304565204491861
0.3553333333 2.304359260889973
0.3556666667 2.304153317912136
0.3560000000 2.303947375547678
0.3563333333 2.303741433799644
0.3566666667 2.303535492668369
0.3570000000 2.303329552150791
0.3573333333 2.303123612242539
0.3576666667 2.302917672953119
0.3580000000 2.302711734268395
0.3583333333 2.302505796192002
0.3586666667 2.302299858720770
0.3590000000 2.302093921853356
0.3593333333 2.301887985594688
0.3596666667 2.301682049939992
0.3600000000 2.301476114884930
0.3603333333 2.301270180428181
0.3606666667 2.301064246566681
0.3610000000 2.300858313303561
0.3613333333 2.300652380639179
0.3616666667 2.300446448567541
0.3620000000 2.300240517088495
0.3623333333 2.300034586200841
0.3626666667 2.299828655903209
0.3630000000 2.299622726190957
0.3633333333 2.299416797072067
0.3636666667 2.299210868537377
0.3640000000 2.299004940582292
0.3643333333 2.298799013214862
0.3646666667 2.298593086427311
0.3650000000 2.298387160219912
0.3653333333 2.298181234594398
0.3656666667 2.297975309541442
0.3660000000 2.297769385064414
0.3663333333 2.297563461166443
0.3666666667 2.297357537837046
0.3670000000 2.297151615077606
0.3673333333 2.296945692891582
0.3676666667 2.296739771274407
0.3680000000 2.296533850226172
0.3683333333 2.296327929744078
0.3686666667 2.296122009823332
0.3690000000 2.295916090468923
0.3693333333 2.295710171671771
0.3696666667 2.295504253438080
0.3700000000 2.295298335766388
0.3703333333 2.295092418646006
0.3706666667 2.294886502087997
0.3710000000 2.294680586080096
0.3713333333 2.294474670626967
0.3716666667 2.294268755729001
0.3720000000 2.294062841378248
0.3723333333 2.293856927571947
0.3726666667 2.293651014321062
0.3730000000 2.293445101613413
0.3733333333 2.293239189447276
0.3736666667 2.293033277826148
0.3740000000 2.292827366754819
0.3743333333 2.292621456214788
0.3746666667 2.292415546216942
0.3750000000 2.292209636759768
0.3753333333 2.292003727831415
0.3756666667 2.291797819443937
0.3760000000 2.291591911587076
0.3763333333 2.291386004265171
0.3766666667 2.291180097475399
0.3770000000 2.290974191208784
0.3773333333 2.290768285472971
0.3776666667 2.290562380263469
0.3780000000 2.290356475582056
0.3783333333 2.290150571416530
0.3786666667 2.289944667777638
0.3790000000 2.289738764659416
0.3793333333 2.289532862063469
0.3796666667 2.289326959980802
0.3800000000 2.289121058416052
0.3803333333 2.288915157367783
0.3806666667 2.288709256828466
0.3810000000 2.288503356807432
0.3813333333 2.288297457290895
0.3816666667 2.288091558288369
0.3820000000 2.287885659793568
0.3823333333 2.287679761800669
0.3826666667 2.287473864318786
0.3830000000 2.287267967335920
0.3833333333 2.287062070855155
0.3836666667 2.286856174878145
0.3840000000 2.286650279399008
0.3843333333 2.286444384417494
0.3846666667 2.286238489931057
0.3850000000 2.286032595944064
0.3853333333 2.285826702446099
0.3856666667 2.285620809441806
0.3860000000 2.285414916931168
0.3863333333 2.285209024902235
0.3866666667 2.285003133365660
0.3870000000 2.284797242318527
0.3873333333 2.284591351751732
0.3876666667 2.284385461671458
0.3880000000 2.284179572070303
0.3883333333 2.283973682951384
0.3886666667 2.283767794310063
0.3890000000 2.283561906149627
0.3893333333 2.283356018463980
0.3896666667 2.283150131253271
0.3900000000 2.282944244512879
0.3903333333 2.282738358249271
0.3906666667 2.282532472459100
0.3910000000 2.282326587130543
0.3913333333 2.282120702272805
0.3916666667 2.281914817884394
0.3920000000 2.281708933956271
0.3923333333 2.281503050491555
0.3926666667 2.281297167490339
0.3930000000 2.281091284950998
0.3933333333 2.280885402866409
0.3936666667 2.280679521242374
0.3940000000 2.280473640076066
0.3943333333 2.280267759363022
0.3946666667 2.280061879101716
0.3950000000 2.279855999296895
0.3953333333 2.279650119939462
0.3956666667 2.279444241030994
0.3960000000 2.279238362568627
0.3963333333 2.279032484553749
0.3966666667 2.278826606985207
0.3970000000 2.278620729856625
0.3973333333 2.278414853171426
0.3976666667 2.278208976925025
0.3980000000 2.278003101120452
0.3983333333 2.277797225750397
0.3986666667 2.277591350819283
0.3990000000 2.277385476319674
0.3993333333 2.277179602254655
0.3996666667 2.276973728622738
0.4000000000 2.276767855421080
0.4003333333 2.276561982643548
0.4006666667 2.276356110300879
0.4010000000 2.276150238378011
0.4013333333 2.275944366877970
0.4016666667 2.275738495802409
0.4020000000 2.275532625151312
0.4023333333 2.275326754918747
0.4026666667 2.275120885106246
0.4030000000 2.274915015709447
0.4033333333 2.274709146728185
0.4036666667 2.274503278161240
0.4040000000 2.274297410008615
0.4043333333 2.274091542264086
0.4046666667 2.273885674932505
0.4050000000 2.273679808006324
0.4053333333 2.273473941490135
0.4056666667 2.273268075376342
0.4060000000 2.273062209666614
0.4063333333 2.272856344359459
0.4066666667 2.272650479459390
0.4070000000 2.272444614953072
0.4073333333 2.272238750844877
0.4076666667 2.272032887134870
0.4080000000 2.271827023823195
0.4083333333 2.271621160902399
0.4086666667 2.271415298373854
0.4090000000 2.271209436237860
0.4093333333 2.271003574486631
0.4096666667 2.270797713124978
0.4100000000 2.270591852154413
0.4103333333 2.270385991564279
0.4106666667 2.270180131360701
0.4110000000 2.269974271536361
0.4113333333 2.269768412095691
0.4116666667 2.269562553031224
0.4120000000 2.269356694345907
0.4123333333 2.269150836038481
0.4126666667 2.268944978102776
0.4130000000 2.268739120543548
0.4133333333 2.268533263353084
0.4136666667 2.268327406536046
0.4140000000 2.268121550083504
0.4143333333 2.267915694002905
0.4146666667 2.267709838285291
0.4150000000 2.267503982933764
0.4153333333 2.267298127948410
0.4156666667 2.267092273320036
0.4160000000 2.266886419053276
0.4163333333 2.266680565143772
0.4166666667 2.266474711593011
0.4170000000 2.266268858399538
0.4173333333 2.266063005557062
0.4176666667 2.265857153070583
0.4180000000 2.265651300935402
0.4183333333 2.265445449145540
0.4186666667 2.265239597710116
0.4190000000 2.265033746617012
0.4193333333 2.264827895870856
0.4196666667 2.264622045468598
0.4200000000 2.264416195408896
0.4203333333 2.264210345688768
0.4206666667 2.264004496311137
0.4210000000 2.263798647271499
0.4213333333 2.263592798565504
0.4216666667 2.263386950195968
0.4220000000 2.263181102158712
0.4223333333 2.262975254456610
0.4226666667 2.262769407082118
0.4230000000 2.262563560041361
0.4233333333 2.262357713322328
0.4236666667 2.262151866934118
0.4240000000 2.261946020868970
0.4243333333 2.261740175127287
0.4246666667 2.261534329705849
0.4250000000 2.261328484607659
0.4253333333 2.261122639828469
0.4256666667 2.260916795363538
0.4260000000 2.260710951217463
0.4263333333 2.260505107381368
0.4266666667 2.260299263862632
0.4270000000 2.260093420655373
0.4273333333 2.259887577758063
0.4276666667 2.259681735167643
0.4280000000 2.259475892879780
0.4283333333 2.259270050901905
0.4286666667 2.259064209229494
0.4290000000 2.258858367858144
0.4293333333 2.258652526787787
0.4296666667 2.258446686014045
0.4300000000 2.258240845542943
0.4303333333 2.258035005368260
0.4306666667 2.257829165485742
0.4310000000 2.257623325899863
0.4313333333 2.257417486604652
0.4316666667 2.257211647601475
0.4320000000 2.257005808883025
0.4323333333 2.256799970455067
0.4326666667 2.256594132313439
0.4330000000 2.256388294456430
0.4333333333 2.256182456884162
0.4336666667 2.255976619591955
0.4340000000 2.255770782578483
0.4343333333 2.255564945848227
0.4346666667 2.255359109389211
0.4350000000 2.255153273208940
0.4353333333 2.254947437304328
0.4356666667 2.254741601669446
0.4360000000 2.254535766308847
0.4363333333 2.254329931214949
0.4366666667 2.254124096393870
0.4370000000 2.253918261835034
0.4373333333 2.253712427542871
0.4376666667 2.253506593514579
0.4380000000 2.253300759751407
0.4383333333 2.253094926243111
0.4386666667 2.252889092995587
0.4390000000 2.252683260008765
0.4393333333 2.252477427276762
0.4396666667 2.252271594798063
0.4400000000 2.252065762577129
0.4403333333 2.251859930601911
0.4406666667 2.251654098882954
0.4410000000 2.251448267408351
0.4413333333 2.251242436182435
0.4416666667 2.251036605200921
0.4420000000 2.250830774466555
0.4423333333 2.250624943974998
0.4426666667 2.250419113721681
0.4430000000 2.250213283709639
0.4433333333 2.250007453935861
0.4436666667 2.249801624398817
0.4440000000 2.249595795097034
0.4443333333 2.249389966030494
0.4446666667 2.249184137193184
0.4450000000 2.248978308586698
0.4453333333 2.248772480212193
0.4456666667 2.248566652064122
0.4460000000 2.248360824142200
0.4463333333 2.248154996444979
0.4466666667 2.247949168971011
0.4470000000 2.247743341715653
0.4473333333 2.247537514686516
0.4476666667 2.247331687872973
0.4480000000 2.247125861276639
0.4483333333 2.246920034897454
0.4486666667 2.246714208727900
0.4490000000 2.246508382777059
0.4493333333 2.246302557032762
0.4496666667 2.246096731501003
0.4500000000 2.245890906173002
0.4503333333 2.245685081057365
0.4506666667 2.245479256142452
0.4510000000 2.245273431432555
0.4513333333 2.245067606924619
0.4516666667 2.244859673210141
0.4520000000 2.244655958503359
0.4523333333 2.244448024788881
0.4526666667 2.244244310873317
0.4530000000 2.244036377158839
0.4533333333 2.243832664035833
0.4536666667 2.243624730321355
0.4540000000 2.243416796606876
0.4543333333 2.243208862892399
0.4546666667 2.243000929177920
0.4550000000 2.242803550268222
0.4553333333 2.242595616553743
0.4556666667 2.242391906031187
0.4560000000 2.242183972316709
0.4563333333 2.241980262537819
0.4566666667 2.241774441040053
0.4570000000 2.241568619734782
0.4573333333 2.241362798602682
0.4576666667 2.241156977643885
0.4580000000 2.240951156859518
0.4583333333 2.240745336243895
0.4586666667 2.240539515795400
0.4590000000 2.240333695517041
0.4593333333 2.240127875402703
0.4596666667 2.239922055450922
0.4600000000 2.239716235664582
0.4603333333 2.239510416036346
0.4606666667 2.239304596569033
0.4610000000 2.239098777261149
0.4613333333 2.238892958111045
0.4616666667 2.238687139110087
0.4620000000 2.238481320265283
0.4623333333 2.238275501571002
0.4626666667 2.238069683029838
0.4630000000 2.237863864636005
0.4633333333 2.237658046387904
0.4636666667 2.237452228287069
0.4640000000 2.237246410330306
0.4643333333 2.237040592517710
0.4646666667 2.236834774844758
0.4650000000 2.236628957312874
0.4653333333 2.236423139917506
0.4656666667 2.236217322658749
0.4660000000 2.236011505533441
0.4663333333 2.235805688541594
0.4666666667 2.235599871683233
0.4670000000 2.235394054956530
0.4673333333 2.235188238355820
0.4676666667 2.234982421885383
0.4680000000 2.234776605537809
0.4683333333 2.234570789314469
0.4686666667 2.234364973216685
0.4690000000 2.234159157238645
0.4693333333 2.233953341380228
0.4696666667 2.233747525642782
0.4700000000 2.233541710016093
0.4703333333 2.233335894510221
0.4706666667 2.233130079113431
0.4710000000 2.232924263831532
0.4713333333 2.232718448655688
0.4716666667 2.232512633592905
0.4720000000 2.232306818634642
0.4723333333 2.232101003784995
0.4726666667 2.231895189038188
0.4730000000 2.231689374394022
0.4733333333 2.231483559850983
0.4736666667 2.231277745406062
0.4740000000 2.231071931062132
0.4743333333 2.230866116813243
0.4746666667 2.230660302659305
0.4750000000 2.230454488598844
0.4753333333 2.230248674630124
0.4756666667 2.230042860751787
0.4760000000 2.229837046962176
0.4763333333 2.229631233259887
0.4766666667 2.229425419643238
0.4770000000 2.229219606109238
0.4773333333 2.229013792659351
0.4776666667 2.228807979290456
0.4780000000 2.228602166002433
0.4783333333 2.228396352790949
0.4786666667 2.228190539655840
0.4790000000 2.227984726595616
0.4793333333 2.227778913608564
0.4796666667 2.227573100693365
0.4800000000 2.227367287849695
0.4803333333 2.227161475071777
0.4806666667 2.226955662362425
0.4810000000 2.226749849718507
0.4813333333 2.226544037140061
0.4816666667 2.226338224621166
0.4820000000 2.226132412163049
0.4823333333 2.225926599767186
0.4826666667 2.225720787428998
0.4830000000 2.225514975144183
0.4833333333 2.225309162915405
0.4836666667 2.225103350739753
0.4840000000 2.224897538615513
0.4843333333 2.224691726539805
0.4846666667 2.224485914516916
0.4850000000 2.224280102536416
0.4853333333 2.224074290601340
0.4856666667 2.223868478714176
0.4860000000 2.223662666863489
0.4863333333 2.223456855057732
0.4866666667 2.223251043289551
0.4870000000 2.223045231558833
0.4873333333 2.222839419864056
0.4876666667 2.222633608203675
0.4880000000 2.222427796575972
0.4883333333 2.222221984979497
0.4886666667 2.222016173412791
0.4890000000 2.221810361872724
0.4893333333 2.221604550359198
0.4896666667 2.221398738874843
0.4900000000 2.221192927408222
0.4903333333 2.220987115967779
0.4906666667 2.220781304546125
0.4910000000 2.220575493144569
0.4913333333 2.220369681757408
0.4916666667 2.220163870387104
0.4920000000 2.219958059033707
0.4923333333 2.219752247688434
0.4926666667 2.219546436355472
0.4930000000 2.219340625033319
0.4933333333 2.219134813714467
0.4936666667 2.218929002406114
0.4940000000 2.218723191100891
0.4943333333 2.218517379800061
0.4946666667 2.218311568496437
0.4950000000 2.218105757196955
0.4953333333 2.217899945892871
0.4956666667 2.217694134585621
0.4960000000 2.217488323277630
0.4963333333 2.217282511959024
0.4966666667 2.217076700633799
0.4970000000 2.216870889298993
0.4973333333 2.216665077953024
0.4976666667 2.216459266594326
0.4980000000 2.216253455222751
0.4983333333 2.216047643833785
0.4986666667 2.215841832426022
0.4990000000 2.215636021002047
0.4993333333 2.215430209554557
0.4996666667 2.215224398089138
0.5000000000 2.215018586595664
0.5003333333 2.214812775078274
0.5006666667 2.214606963533932
0.5010000000 2.214401151958235
0.5013333333 2.214195340356660
0.5016666667 2.213989528722058
0.5020000000 2.213783717055571
0.5023333333 2.213577905351348
0.5026666667 2.213372093612128
0.5030000000 2.213166281834900
0.5033333333 2.212960470019449
0.5036666667 2.212754658161474
0.5040000000 2.212548846259292
0.5043333333 2.212343034315513
0.5046666667 2.212137222325793
0.5050000000 2.211931410285722
0.5053333333 2.211725598195211
0.5056666667 2.211519786058188
0.5060000000 2.211313973868820
0.5063333333 2.211108161625617
0.5066666667 2.210902349324080
0.5070000000 2.210696536968352
0.5073333333 2.210490724549727
0.5076666667 2.210284912073673
0.5080000000 2.210079099535798
0.5083333333 2.209873286935921
0.5086666667 2.209667474268175
0.5090000000 2.209461661535258
0.5093333333 2.209255848734198
0.5096666667 2.209050035864666
0.5100000000 2.208844222922374
0.5103333333 2.208638409905723
0.5106666667 2.208432596815885
0.5110000000 2.208226783651314
0.5113333333 2.208020970407489
0.5116666667 2.207815157084365
0.5120000000 2.207609343678851
0.5123333333 2.207403530193601
0.5126666667 2.207197716620021
0.5130000000 2.206991902963500
0.5133333333 2.206786089223854
0.5136666667 2.206580275389675
0.5140000000 2.206374461464902
0.5143333333 2.206168647452202
0.5146666667 2.205962833341602
0.5150000000 2.205757019137026
0.5153333333 2.205551204834151
0.5156666667 2.205345390434036
0.5160000000 2.205139575935263
0.5163333333 2.204933761331943
0.5166666667 2.204727946626647
0.5170000000 2.204522131817760
0.5173333333 2.204316316899535
0.5176666667 2.204110501877346
0.5180000000 2.203904686739874
0.5183333333 2.203698871495132
0.5186666667 2.203493056136102
0.5190000000 2.203287240661022
0.5193333333 2.203081425071162
0.5196666667 2.202875609366286
0.5200000000 2.202669793536456
0.5203333333 2.202463977589801
0.5206666667 2.202258161517700
0.5210000000 2.202052345322783
0.5213333333 2.201846529003438
0.5216666667 2.201640712555283
0.5220000000 2.201434895978021
0.5223333333 2.201229079268675
0.5226666667 2.201023262429875
0.5230000000 2.200817445455714
0.5233333333 2.200611628344747
0.5236666667 2.200405811098019
0.5240000000 2.200199993713914
0.5243333333 2.199994176186696
0.5246666667 2.199788358520346
0.5250000000 2.199582540709016
0.5253333333 2.199376722752492
0.5256666667 2.199170904647808
0.5260000000 2.198965086396063
0.5263333333 2.198759267994281
0.5266666667 2.198553449442192
0.5270000000 2.198347630735492
0.5273333333 2.198141811872540
0.5276666667 2.197935992855790
0.5280000000 2.197730173678216
0.5283333333 2.197524354343646
0.5286666667 2.197318534844904
0.5290000000 2.197112715187334
0.5293333333 2.196906895360996
0.5296666667 2.196701075368492
0.5300000000 2.196495255210886
0.5303333333 2.196289434883755
0.5306666667 2.196083614382836
0.5310000000 2.195877793709148
0.5313333333 2.195671972863919
0.5316666667 2.195466151842718
0.5320000000 2.195260330638395
0.5323333333 2.195054509260403
0.5326666667 2.194848687700156
0.5330000000 2.194642865957505
0.5333333333 2.194437044030658
0.5336666667 2.194231221919480
0.5340000000 2.194025399618266
0.5343333333 2.193819577130777
0.5346666667 2.193613754449978
0.5350000000 2.193407931581036
0.5353333333 2.193202108512767
0.5356666667 2.192996285251737
0.5360000000 2.192790461794925
0.5363333333 2.192584638136674
0.5366666667 2.192378814280772
0.5370000000 2.192172990220068
0.5373333333 2.191967165957059
0.5376666667 2.191761341488875
0.5380000000 2.191555516813770
0.5383333333 2.191349691930017
0.5386666667 2.191143866836130
0.5390000000 2.190938041530429
0.5393333333 2.190732216012658
0.5396666667 2.190526390278413
0.5400000000 2.190320564326111
0.5403333333 2.190114738156781
0.5406666667 2.189908911767396
0.5410000000 2.189703085157818
0.5413333333 2.189497258323580
0.5416666667 2.189291431263100
0.5420000000 2.189085603978723
0.5423333333 2.188879776464830
0.5426666667 2.188673948721104
0.5430000000 2.188468120744582
0.5433333333 2.188262292534942
0.5436666667 2.188056464094527
0.5440000000 2.187850635415068
0.5443333333 2.187644806497615
0.5446666667 2.187438977339062
0.5450000000 2.187233147940551
0.5453333333 2.187027318300399
0.5456666667 2.186821488412987
0.5460000000 2.186615658280688
0.5463333333 2.186409827901760
0.5466666667 2.186203997271951
0.5470000000 2.185998166390955
0.5473333333 2.185792335257116
0.5476666667 2.185586503867404
0.5480000000 2.185380672222993
0.5483333333 2.185174840320736
0.5486666667 2.184969008159040
0.5490000000 2.184763175736271
0.5493333333 2.184557343052068
0.5496666667 2.184351510100856
0.5500000000 2.184145676884874
0.5503333333 2.183939843401309
0.5506666667 2.183734009649666
0.5510000000 2.183528175625768
0.5513333333 2.183322341327815
0.5516666667 2.183116506758239
0.5520000000 2.182910671910086
0.5523333333 2.182704836787009
0.5526666667 2.182499001381993
0.5530000000 2.182293165697327
0.5533333333 2.182087329730196
0.5536666667 2.181881493480092
0.5540000000 2.181675656941438
0.5543333333 2.181469820117962
0.5546666667 2.181263983001254
0.5550000000 2.181058145597726
0.5553333333 2.180852307900318
0.5556666667 2.180646469910049
0.5560000000 2.180440631621384
0.5563333333 2.180234793037784
0.5566666667 2.180028954152367
0.5570000000 2.179823114967496
0.5573333333 2.179617275480201
0.5576666667 2.179411435688609
0.5580000000 2.179205595592623
0.5583333333 2.178999755187921
0.5586666667 2.178793914474034
0.5590000000 2.178588073449411
0.5593333333 2.178382232110975
0.5596666667 2.178176390461030
0.5600000000 2.177970548492633
0.5603333333 2.177764706206794
0.5606666667 2.177558863604584
0.5610000000 2.177353020680137
0.5613333333 2.177147177433328
0.5616666667 2.176941333863703
0.5620000000 2.176735489965585
0.5623333333 2.176529645740013
0.5626666667 2.176323801188008
0.5630000000 2.176117956303849
0.5633333333 2.175912111089866
0.5636666667 2.175706265536455
0.5640000000 2.175500419649826
0.5643333333 2.175294573425771
0.5646666667 2.175088726862589
0.5650000000 2.174882879958543
0.5653333333 2.174677032712039
0.5656666667 2.174471185123893
0.5660000000 2.174265337184673
0.5663333333 2.174059488901905
0.5666666667 2.173853640267299
0.5670000000 2.173647791284353
0.5673333333 2.173441941945028
0.5676666667 2.173236092256573
0.5680000000 2.173030242208393
0.5683333333 2.172824391803970
0.5686666667 2.172618541040229
0.5690000000 2.172412689916833
0.5693333333 2.172206838426945
0.5696666667 2.172000986576617
0.5700000000 2.171795134359071
0.5703333333 2.171589281772516
0.5706666667 2.171383428819136
0.5710000000 2.171177575494871
0.5713333333 2.170971721796468
0.5716666667 2.170765867722437
0.5720000000 2.170560013274883
0.5723333333 2.170354158449626
0.5726666667 2.170148303240974
0.5730000000 2.169942447653849
0.5733333333 2.169736591685133
0.5736666667 2.169530735329317
0.5740000000 2.169324878589952
0.5743333333 2.169119021459455
0.5746666667 2.168913163941992
0.5750000000 2.168707306031946
0.5753333333 2.168501447731559
0.5756666667 2.168295589033338
0.5760000000 2.168089729939399
0.5763333333 2.167883870448116
0.5766666667 2.167678010559068
0.5770000000 2.167472150266078
0.5773333333 2.167266289569296
0.5776666667 2.167060428469722
0.5780000000 2.166854566963020
0.5783333333 2.166648705048810
0.5786666667 2.166442842724090
0.5790000000 2.166236979986550
0.5793333333 2.166031116838300
0.5796666667 2.165825253273849
0.5800000000 2.165619389292759
0.5803333333 2.165413524892684
0.5806666667 2.165207660073236
0.5810000000 2.165001794832066
0.5813333333 2.164795929168126
0.5816666667 2.164590063078415
0.5820000000 2.164384196561269
0.5823333333 2.164178329616212
0.5826666667 2.163972462240893
0.5830000000 2.163766594435670
0.5833333333 2.163560726193547
0.5836666667 2.163354857518070
0.5840000000 2.163148988404965
0.5843333333 2.162943118852434
0.5846666667 2.162737248860129
0.5850000000 2.162531378426301
0.5853333333 2.162325507546768
0.5856666667 2.162119636221701
0.5860000000 2.161913764453207
0.5863333333 2.161707892231899
0.5866666667 2.161502019561244
0.5870000000 2.161296146437620
0.5873333333 2.161090272862390
0.5876666667 2.160884398828273
0.5880000000 2.160678524337926
0.5883333333 2.160472649389633
0.5886666667 2.160266773978596
0.5890000000 2.160060898106193
0.5893333333 2.159855021768825
0.5896666667 2.159649144963523
0.5900000000 2.159443267692375
0.5903333333 2.159237389951782
0.5906666667 2.159031511742510
0.5910000000 2.158825633057917
0.5913333333 2.158619753896791
0.5916666667 2.158413874261904
0.5920000000 2.158207994148343
0.5923333333 2.158002113554432
0.5926666667 2.157796232479044
0.5930000000 2.157590350921816
0.5933333333 2.157384468879657
0.5936666667 2.157178586349608
0.5940000000 2.156972703331343
0.5943333333 2.156766819824211
0.5946666667 2.156560935825379
0.5950000000 2.156355051331145
0.5953333333 2.156149166344279
0.5956666667 2.155943280856709
0.5960000000 2.155737394875589
0.5963333333 2.155531508391569
0.5966666667 2.155325621405484
0.5970000000 2.155119733916219
0.5973333333 2.154913845920203
0.5976666667 2.154707957416977
0.5980000000 2.154502068405975
0.5983333333 2.154296178883698
0.5986666667 2.154090288849032
0.5990000000 2.153884398300825
0.5993333333 2.153678507236163
0.5996666667 2.153472615652004
0.6000000000 2.153266723551675
0.6003333333 2.153060830927801
0.6006666667 2.152854937783054
0.6010000000 2.152649044112583
0.6013333333 2.152443149917706
0.6016666667 2.152237255192370
0.6020000000 2.152031359940541
0.6023333333 2.151825464154751
0.6026666667 2.151619567835841
0.6030000000 2.151413670982666
0.6033333333 2.151207773592886
0.6036666667 2.151001875664770
0.6040000000 2.150795977197801
0.6043333333 2.150590078188443
0.6046666667 2.150384178633052
0.6050000000 2.150178278534903
0.6053333333 2.149972377889018
0.6056666667 2.149766476693923
0.6060000000 2.149560574948818
0.6063333333 2.149354672651631
0.6066666667 2.149148769800984
0.6070000000 2.148942866392878
0.6073333333 2.148736962428551
0.6076666667 2.148531057906324
0.6080000000 2.148325152820686
0.6083333333 2.148119247174881
0.6086666667 2.147913340963475
0.6090000000 2.147707434184029
0.6093333333 2.147501526840496
0.6096666667 2.147295618925441
0.6100000000 2.147089710437842
0.6103333333 2.146883801378990
0.6106666667 2.146677891744048
0.6110000000 2.146471981533771
0.6113333333 2.146266070743945
0.6116666667 2.146060159375828
0.6120000000 2.145854247423511
0.6123333333 2.145648334889438
0.6126666667 2.145442421769472
0.6130000000 2.145236508062431
0.6133333333 2.145030593765982
0.6136666667 2.144824678879589
0.6140000000 2.144618763400262
0.6143333333 2.144412847329365
0.6146666667 2.144206930659596
0.6150000000 2.144001013395331
0.6153333333 2.143795095528106
0.6156666667 2.143589177062927
0.6160000000 2.143383257993031
0.6163333333 2.143177338319850
0.6166666667 2.142971418039136
0.6170000000 2.142765497150334
0.6173333333 2.142559575652348
0.6176666667 2.142353653543405
0.6180000000 2.142147730821137
0.6183333333 2.141941807483188
0.6186666667 2.141735883527146
0.6190000000 2.141529958954344
0.6193333333 2.141324033761216
0.6196666667 2.141118107944119
0.6200000000 2.140912181505034
0.6203333333 2.140706254439664
0.6206666667 2.140500326746932
0.6210000000 2.140294398425081
0.6213333333 2.140088469472318
0.6216666667 2.139882539886845
0.6220000000 2.139676609667588
0.6223333333 2.139470678812117
0.6226666667 2.139264747316324
0.6230000000 2.139058815182597
0.6233333333 2.138852882407362
0.6236666667 2.138646948988960
0.6240000000 2.138441014926120
0.6243333333 2.138235080216481
0.6246666667 2.138029144855898
0.6250000000 2.137823208848037
0.6253333333 2.137617272186919
0.6256666667 2.137411334871920
0.6260000000 2.137205396900747
0.6263333333 2.136999458273378
0.6266666667 2.136793518986840
0.6270000000 2.136587579038288
0.6273333333 2.136381638428178
0.6276666667 2.136175697152412
0.6280000000 2.135969755210454
0.6283333333 2.135763812602897
0.6286666667 2.135557869321950
0.6290000000 2.135351925371269
0.6293333333 2.135145980747889
0.6296666667 2.134940035447612
0.6300000000 2.134734089472280
0.6303333333 2.134528142818314
0.6306666667 2.134322195482148
0.6310000000 2.134116247466161
0.6313333333 2.133910298765013
0.6316666667 2.133704349378151
0.6320000000 2.133498399304908
0.6323333333 2.133292448540597
0.6326666667 2.133086497084626
0.6330000000 2.132880544936990
0.6333333333 2.132674592094695
0.6336666667 2.132468638555447
0.6340000000 2.132262684319124
0.6343333333 2.132056729383490
0.6346666667 2.131850773743683
0.6350000000 2.131644817401475
0.6353333333 2.131438860354021
0.6356666667 2.131232902598848
0.6360000000 2.131026944137116
0.6363333333 2.130820984961205
0.6366666667 2.130615025074551
0.6370000000 2.130409064474868
0.6373333333 2.130203103157371
0.6376666667 2.129997141123837
0.6380000000 2.129791178368858
0.6383333333 2.129585214893734
0.6386666667 2.129379250693603
0.6390000000 2.129173285769719
0.6393333333 2.128967320118449
0.6396666667 2.128761353741012
0.6400000000 2.128555386630843
0.6403333333 2.128349418788514
0.6406666667 2.128143450212856
0.6410000000 2.127937480901523
0.6413333333 2.127731510852697
0.6416666667 2.127525540065091
0.6420000000 2.127319568535213
0.6423333333 2.127113596263018
0.6426666667 2.126907623246149
0.6430000000 2.126701649483415
0.6433333333 2.126495674971186
0.6436666667 2.126289699709515
0.6440000000 2.126083723696498
0.6443333333 2.125877746928659
0.6446666667 2.125671769405923
0.6450000000 2.125465791126507
0.6453333333 2.125259812087422
0.6456666667 2.125053832286882
0.6460000000 2.124847851724829
0.6463333333 2.124641870398346
0.6466666667 2.124435888303766
0.6470000000 2.124229905444071
0.6473333333 2.124023921811626
0.6476666667 2.123817937409184
0.6480000000 2.123611952230917
0.6483333333 2.123405966279760
0.6486666667 2.123199979551420
0.6490000000 2.122993992043087
0.6493333333 2.122788003754570
0.6496666667 2.122582014684165
0.6500000000 2.122376024828246
0.6503333333 2.122170034186218
0.6506666667 2.121964042758529
0.6510000000 2.121758050538229
0.6513333333 2.121552057527570
0.6516666667 2.121346063724059
0.6520000000 2.121140069124807
0.6523333333 2.120934073728027
0.6526666667 2.120728077534089
0.6530000000 2.120522080537272
0.6533333333 2.120316082739217
0.6536666667 2.120110084137461
0.6540000000 2.119904084729092
0.6543333333 2.119698084512298
0.6546666667 2.119492083486380
0.6550000000 2.119286081649542
0.6553333333 2.119080078998834
0.6556666667 2.118874075532395
0.6560000000 2.118668071249028
0.6563333333 2.118462066149150
0.6566666667 2.118256060225874
0.6570000000 2.118050053481336
0.6573333333 2.117844045912529
0.6576666667 2.117638037517703
0.6580000000 2.117432028294477
0.6583333333 2.117226018243236
0.6586666667 2.117020007358752
0.6590000000 2.116813995643230
0.6593333333 2.116607983090310
0.6596666667 2.116401969699843
0.6600000000 2.116195955471173
0.6603333333 2.115989940402967
0.6606666667 2.115783924491776
0.6610000000 2.115577907736289
0.6613333333 2.115371890134724
0.6616666667 2.115165871685743
0.6620000000 2.114959852385370
0.6623333333 2.114753832235074
0.6626666667 2.114547811231953
0.6630000000 2.114341789371872
0.6633333333 2.114135766654220
0.6636666667 2.113929743079271
0.6640000000 2.113723718643107
0.6643333333 2.113517693343765
0.6646666667 2.113311667181171
0.6650000000 2.113105640151185
0.6653333333 2.112899612254279
0.6656666667 2.112693583486384
0.6660000000 2.112487553847330
0.6663333333 2.112281523335808
0.6666666667 2.112075491946674
0.6670000000 2.111869459680836
0.6673333333 2.111663426538176
0.6676666667 2.111457392511811
0.6680000000 2.111251357604928
0.6683333333 2.111045321812348
0.6686666667 2.110839285132801
0.6690000000 2.110633247566125
0.6693333333 2.110427209108191
0.6696666667 2.110221169759450
0.6700000000 2.110015129515818
0.6703333333 2.109809088377625
0.6706666667 2.109603046340335
0.6710000000 2.109397003405951
0.6713333333 2.109190959568200
0.6716666667 2.108984914829124
0.6720000000 2.108778869184663
0.6723333333 2.108572822633474
0.6726666667 2.108366775173772
0.6730000000 2.108160726804254
0.6733333333 2.107954677521950
0.6736666667 2.107748627323940
0.6740000000 2.107542576212184
0.6743333333 2.107336524183796
0.6746666667 2.107130471233579
0.6750000000 2.106924417360754
0.6753333333 2.106718362566313
0.6756666667 2.106512306846703
0.6760000000 2.106306250201679
0.6763333333 2.106100192625041
0.6766666667 2.105894134120442
0.6770000000 2.105688074680548
0.6773333333 2.105482014307845
0.6776666667 2.105275952997754
0.6780000000 2.105069890750074
0.6783333333 2.104863827562955
0.6786666667 2.104657763432875
0.6790000000 2.104451698359134
0.6793333333 2.104245632340889
0.6796666667 2.104039565374099
0.6800000000 2.103833497459174
0.6803333333 2.103627428592005
0.6806666667 2.103421358771838
0.6810000000 2.103215287998406
0.6813333333 2.103009216266641
0.6816666667 2.102803143577378
0.6820000000 2.102597069926084
0.6823333333 2.102390995314642
0.6826666667 2.102184919737957
0.6830000000 2.101978843194669
0.6833333333 2.101772765684567
0.6836666667 2.101566687204721
0.6840000000 2.101360607752177
0.6843333333 2.101154527326692
0.6846666667 2.100948445926375
0.6850000000 2.100742363547763
0.6853333333 2.100536280190037
0.6856666667 2.100330195852426
0.6860000000 2.100124110530391
0.6863333333 2.099918024224714
0.6866666667 2.099711936933553
0.6870000000 2.099505848652905
0.6873333333 2.099299759381407
0.6876666667 2.099093669118251
0.6880000000 2.098887577861606
0.6883333333 2.098681485607931
0.6886666667 2.098475392357519
0.6890000000 2.098269298106916
0.6893333333 2.098063202854245
0.6896666667 2.097857106599215
0.6900000000 2.097651009338902
0.6903333333 2.097444911070337
0.6906666667 2.097238811792702
0.6910000000 2.097032711505734
0.6913333333 2.096826610203828
0.6916666667 2.096620507889369
0.6920000000 2.096414404556768
0.6923333333 2.096208300206245
0.6926666667 2.096002194835416
0.6930000000 2.095796088441825
0.6933333333 2.095589981025754
0.6936666667 2.095383872583178
0.6940000000 2.095177763111165
0.6943333333 2.094971652610486
0.6946666667 2.094765541077633
0.6950000000 2.094559428512859
0.6953333333 2.094353314910603
0.6956666667 2.094147200271625
0.6960000000 2.093941084594430
0.6963333333 2.093734967876821
0.6966666667 2.093528850114109
0.6970000000 2.093322731308205
0.6973333333 2.093116611455610
0.6976666667 2.092910490552805
0.6980000000 2.092704368601074
0.6983333333 2.092498245595909
0.6986666667 2.092292121536977
0.6990000000 2.092085996421901
0.6993333333 2.091879870248790
0.6996666667 2.091673743016256
0.7000000000 2.091467614721859
0.7003333333 2.091261485361637
0.7006666667 2.091055354938888
0.7010000000 2.090849223446523
0.7013333333 2.090643090885320
0.7016666667 2.090436957253792
0.7020000000 2.090230822546986
0.7023333333 2.090024686765071
0.7026666667 2.089818549908224
0.7030000000 2.089612411970387
0.7033333333 2.089406272953293
0.7036666667 2.089200132853469
0.7040000000 2.088993991667025
0.7043333333 2.088787849396081
0.7046666667 2.088581706036745
0.7050000000 2.088375561586048
0.7053333333 2.088169416044660
0.7056666667 2.087963269407144
0.7060000000 2.087757121674586
0.7063333333 2.087550972845176
0.7066666667 2.087344822914889
0.7070000000 2.087138671881804
0.7073333333 2.086932519747648
0.7076666667 2.086726366504899
0.7080000000 2.086520212156685
0.7083333333 2.086314056699638
0.7086666667 2.086107900129756
0.7090000000 2.085901742447721
0.7093333333 2.085695583649550
0.7096666667 2.085489423733873
0.7100000000 2.085283262701799
0.7103333333 2.085077100547395
0.7106666667 2.084870937269717
0.7110000000 2.084664772866905
0.7113333333 2.084458607339040
0.7116666667 2.084252440682138
0.7120000000 2.084046272895379
0.7123333333 2.083840103975263
0.7126666667 2.083633933921919
0.7130000000 2.083427762731928
0.7133333333 2.083221590402415
0.7136666667 2.083015416935334
0.7140000000 2.082809242325385
0.7143333333 2.082603066571635
0.7146666667 2.082396889671629
0.7150000000 2.082190711624450
0.7153333333 2.081984532429171
0.7156666667 2.081778352079433
0.7160000000 2.081572170577716
0.7163333333 2.081365987921174
0.7166666667 2.081159804106884
0.7170000000 2.080953619133339
0.7173333333 2.080747432999196
0.7176666667 2.080541245701497
0.7180000000 2.080335057238806
0.7183333333 2.080128867609269
0.7186666667 2.079922676810832
0.7190000000 2.079716484841188
0.7193333333 2.079510291699868
0.7196666667 2.079304097382448
0.7200000000 2.079097901889936
0.7203333333 2.078891705217982
0.7206666667 2.078685507366112
0.7210000000 2.078479308331402
0.7213333333 2.078273108113448
0.7216666667 2.078066906709739
0.7220000000 2.077860704116950
0.7223333333 2.077654500334579
0.7226666667 2.077448295358726
0.7230000000 2.077242089189938
0.7233333333 2.077035881825243
0.7236666667 2.076829673262279
0.7240000000 2.076623463500547
0.7243333333 2.076417252536158
0.7246666667 2.076211040368627
0.7250000000 2.076004826995578
0.7253333333 2.075798612415450
0.7256666667 2.075592396625424
0.7260000000 2.075386179623566
0.7263333333 2.075179961409302
0.7266666667 2.074973741978845
0.7270000000 2.074767521331191
0.7273333333 2.074561299465350
0.7276666667 2.074355076378914
0.7280000000 2.074148852067967
0.7283333333 2.073942626533043
0.7286666667 2.073736399769684
0.7290000000 2.073530171778493
0.7293333333 2.073323942556431
0.7296666667 2.073117712102074
0.7300000000 2.072911480411613
0.7303333333 2.072705247486896
0.7306666667 2.072499013321163
0.7310000000 2.072292777915343
0.7313333333 2.072086541268420
0.7316666667 2.071880303376112
0.7320000000 2.071674064236910
0.7323333333 2.071467823849812
0.7326666667 2.071261582213347
0.7330000000 2.071055339323185
0.7333333333 2.070849095178770
0.7336666667 2.070642849778694
0.7340000000 2.070436603120498
0.7343333333 2.070230355202141
0.7346666667 2.070024106022290
0.7350000000 2.069817855576968
0.7353333333 2.069611603868038
0.7356666667 2.069405350889313
0.7360000000 2.069199096640712
0.7363333333 2.068992841121192
0.7366666667 2.068786584326948
0.7370000000 2.068580326258344
0.7373333333 2.068374066910135
0.7376666667 2.068167806283204
0.7380000000 2.067961544375081
0.7383333333 2.067755281182850
0.7386666667 2.067549016705097
0.7390000000 2.067342750939306
0.7393333333 2.067136483884932
0.7396666667 2.066930215538168
0.7400000000 2.066723945898898
0.7403333333 2.066517674963235
0.7406666667 2.066311402730746
0.7410000000 2.066105129199827
0.7413333333 2.065898854366648
0.7416666667 2.065692578229716
0.7420000000 2.065486300787099
0.7423333333 2.065280022038167
0.7426666667 2.065073741980984
0.7430000000 2.064867460611240
0.7433333333 2.064661177928793
0.7436666667 2.064454893931267
0.7440000000 2.064248608616636
0.7443333333 2.064042321983416
0.7446666667 2.063836034027770
0.7450000000 2.063629744750049
0.7453333333 2.063423454147321
0.7456666667 2.063217162217625
0.7460000000 2.063010868959919
0.7463333333 2.062804574369440
0.7466666667 2.062598278446991
0.7470000000 2.062391981190110
0.7473333333 2.062185682595881
0.7476666667 2.061979382662382
0.7480000000 2.061773081389431
0.7483333333 2.061566778772278
0.7486666667 2.061360474810817
0.7490000000 2.061154169503011
0.7493333333 2.060947862845556
0.7496666667 2.060741554838261
0.7500000000 2.060535245476414
0.7503333333 2.060328934762139
0.7506666667 2.060122622689780
0.7510000000 2.059916309259651
0.7513333333 2.059709994467517
0.7516666667 2.059503678314928
0.7520000000 2.059297360795879
0.7523333333 2.059091041910630
0.7526666667 2.058884721656810
0.7530000000 2.058678400032315
0.7533333333 2.058472077035656
0.7536666667 2.058265752663472
0.7540000000 2.058059426914703
0.7543333333 2.057853099787770
0.7546666667 2.057646771280265
0.7550000000 2.057440441390136
0.7553333333 2.057234110115893
0.7556666667 2.057027777454616
0.7560000000 2.056821443405232
0.7563333333 2.056615107963481
0.7566666667 2.056408771131801
0.7570000000 2.056202432903791
0.7573333333 2.055996093279661
0.7576666667 2.055789752257376
0.7580000000 2.055583409833636
0.7583333333 2.055377066007788
0.7586666667 2.055170720776915
0.7590000000 2.054964374140775
0.7593333333 2.054758026093860
0.7596666667 2.054551676638550
0.7600000000 2.054345325768925
0.7603333333 2.054138973486390
0.7606666667 2.053932619786441
0.7610000000 2.053726264667406
0.7613333333 2.053519908127773
0.7616666667 2.053313550165940
0.7620000000 2.053107190780380
0.7623333333 2.052900829966826
0.7626666667 2.052694467725067
0.7630000000 2.052488104052661
0.7633333333 2.052281738947565
0.7636666667 2.052075372407781
0.7640000000 2.051869004431739
0.7643333333 2.051662635016124
0.7646666667 2.051456264160221
0.7650000000 2.051249891861987
0.7653333333 2.051043518118572
0.7656666667 2.050837142927949
0.7660000000 2.050630766289435
0.7663333333 2.050424388199239
0.7666666667 2.050218008657062
0.7670000000 2.050011627659207
0.7673333333 2.049805245205365
0.7676666667 2.049598861291772
0.7680000000 2.049392475918538
0.7683333333 2.049186089080708
0.7686666667 2.048979700778776
0.7690000000 2.048773311010315
0.7693333333 2.048566919771997
0.7696666667 2.048360527062706
0.7700000000 2.048154132881213
0.7703333333 2.047947737223812
0.7706666667 2.047741340089742
0.7710000000 2.047534941476978
0.7713333333 2.047328541383091
0.7716666667 2.047122139805639
0.7720000000 2.046915736742947
0.7723333333 2.046709332193066
0.7726666667 2.046502926152668
0.7730000000 2.046296518622241
0.7733333333 2.046090109598929
0.7736666667 2.045883699079860
0.7740000000 2.045677287063827
0.7743333333 2.045470873547534
0.7746666667 2.045264458531043
0.7750000000 2.045058042009457
0.7753333333 2.044851623983165
0.7756666667 2.044645204449326
0.7760000000 2.044438783406328
0.7763333333 2.044232360850883
0.7766666667 2.044025936782611
0.7770000000 2.043819511197816
0.7773333333 2.043613084096524
0.7776666667 2.043406655474227
0.7780000000 2.043200225330542
0.7783333333 2.042993793662584
0.7786666667 2.042787360469121
0.7790000000 2.042580925747772
0.7793333333 2.042374489496798
0.7796666667 2.042168051713448
0.7800000000 2.041961612395602
0.7803333333 2.041755171542047
0.7806666667 2.041548729150339
0.7810000000 2.041342285218444
0.7813333333 2.041135839745102
0.7816666667 2.040929392726649
0.7820000000 2.040722944161457
0.7823333333 2.040516494048271
0.7826666667 2.040310042384662
0.7830000000 2.040103589167738
0.7833333333 2.039897134397891
0.7836666667 2.039690678071085
0.7840000000 2.039484220184372
0.7843333333 2.039277760738197
0.7846666667 2.039071299728859
0.7850000000 2.038864837154324
0.7853333333 2.038658373012949
0.7856666667 2.038451907303432
0.7860000000 2.038245440022566
0.7863333333 2.038038971169052
0.7866666667 2.037832500739672
0.7870000000 2.037626028734354
0.7873333333 2.037419555147838
0.7876666667 2.037213079981266
0.7880000000 2.037006603231766
0.7883333333 2.036800124896479
0.7886666667 2.036593644973351
0.7890000000 2.036387163461914
0.7893333333 2.036180680358135
0.7896666667 2.035974195660728
0.7900000000 2.035767709367212
0.7903333333 2.035561221476373
0.7906666667 2.035354731985664
0.7910000000 2.035148240893085
0.7913333333 2.034941748196181
0.7916666667 2.034735253894406
0.7920000000 2.034528757982976
0.7923333333 2.034322260462984
0.7926666667 2.034115761329169
0.7930000000 2.033909260582220
0.7933333333 2.033702758218137
0.7936666667 2.033496254236409
0.7940000000 2.033289748633741
0.7943333333 2.033083241408140
0.7946666667 2.032876732558245
0.7950000000 2.032670222082406
0.7953333333 2.032463709976970
0.7956666667 2.032257196240290
0.7960000000 2.032050680871393
0.7963333333 2.031844163867080
0.7966666667 2.031637645225295
0.7970000000 2.031431124944306
0.7973333333 2.031224603022410
0.7976666667 2.031018079457957
0.7980000000 2.030811554246531
0.7983333333 2.030605027389137
0.7986666667 2.030398498880625
0.7990000000 2.030191968721190
0.7993333333 2.029985436908369
0.7996666667 2.029778903439348
0.8000000000 2.029572368312018
0.8003333333 2.029365831525422
0.8006666667 2.029159293076016
0.8010000000 2.028952752962772
0.8013333333 2.028746211183643
0.8016666667 2.028539667735774
0.8020000000 2.028333122616723
0.8023333333 2.028126575826613
0.8026666667 2.027920027361186
0.8030000000 2.027713477218988
0.8033333333 2.027506925398013
0.8036666667 2.027300371896129
0.8040000000 2.027093816710903
0.8043333333 2.026887259841314
0.8046666667 2.026680701284197
0.8050000000 2.026474141037794
0.8053333333 2.026267579099664
0.8056666667 2.026061015468451
0.8060000000 2.025854450141663
0.8063333333 2.025647883117237
0.8066666667 2.025441314393056
0.8070000000 2.025234743966635
0.8073333333 2.025028171837386
0.8076666667 2.024821598000617
0.8080000000 2.024615022457149
0.8083333333 2.024408445202707
0.8086666667 2.024201866235525
0.8090000000 2.023995285554630
0.8093333333 2.023788703156456
0.8096666667 2.023582119039948
0.8100000000 2.023375533202696
0.8103333333 2.023168945642212
0.8106666667 2.022962356357089
0.8110000000 2.022755765345966
0.8113333333 2.022549172603844
0.8116666667 2.022342578131144
0.8120000000 2.022135981924999
0.8123333333 2.021929383983358
0.8126666667 2.021722784304070
0.8130000000 2.021516182885063
0.8133333333 2.021309579724158
0.8136666667 2.021102974819325
0.8140000000 2.020896368168380
0.8143333333 2.020689759769601
0.8146666667 2.020483149619814
0.8150000000 2.020276537717935
0.8153333333 2.020069924061513
0.8156666667 2.019863308648432
0.8160000000 2.019656691476588
0.8163333333 2.019450072543504
0.8166666667 2.019243451848072
0.8170000000 2.019036829387214
0.8173333333 2.018830205159421
0.8176666667 2.018623579161180
0.8180000000 2.018416951392175
0.8183333333 2.018210321849538
0.8186666667 2.018003690531174
0.8190000000 2.017797057434617
0.8193333333 2.017590422559069
0.8196666667 2.017383785900725
0.8200000000 2.017177147457800
0.8203333333 2.016970507229217
0.8206666667 2.016763865211760
0.8210000000 2.016557221403724
0.8213333333 2.016350575802235
0.8216666667 2.016143928406895
0.8220000000 2.015937279214533
0.8223333333 2.015730628222719
0.8226666667 2.015523975429610
0.8230000000 2.015317320833111
0.8233333333 2.015110664430714
0.8236666667 2.014904006221346
0.8240000000 2.014697346201505
0.8243333333 2.014490684369715
0.8246666667 2.014284020724531
0.8250000000 2.014077355262802
0.8253333333 2.013870687982700
0.8256666667 2.013664018881810
0.8260000000 2.013457347958971
0.8263333333 2.013250675211013
0.8266666667 2.013044000635836
0.8270000000 2.012837324232264
0.8273333333 2.012630645996848
0.8276666667 2.012423965928803
0.8280000000 2.012217284024907
0.8283333333 2.012010600283086
0.8286666667 2.011803914702531
0.8290000000 2.011597227278375
0.8293333333 2.011390538011519
0.8296666667 2.011183846898467
0.8300000000 2.010977153937088
0.8303333333 2.010770459124546
0.8306666667 2.010563762459695
0.8310000000 2.010357063940083
0.8313333333 2.010150363563178
0.8316666667 2.009943661327857
0.8320000000 2.009736957230976
0.8323333333 2.009530251270376
0.8326666667 2.009323543444568
0.8330000000 2.009116833750746
0.8333333333 2.008910122187715
0.8336666667 2.008703408752348
0.8340000000 2.008496693442822
0.8343333333 2.008289976257324
0.8346666667 2.008083257192694
0.8350000000 2.007876536247765
0.8353333333 2.007669813420364
0.8356666667 2.007463088707686
0.8360000000 2.007256362107588
0.8363333333 2.007049633618876
0.8366666667 2.006842903238084
0.8370000000 2.006636170964027
0.8373333333 2.006429436794203
0.8376666667 2.006222700726164
0.8380000000 2.006015962758346
0.8383333333 2.005809222888616
0.8386666667 2.005602481114138
0.8390000000 2.005395737433107
0.8393333333 2.005188991843296
0.8396666667 2.004982244342621
0.8400000000 2.004775494928496
0.8403333333 2.004568743599798
0.8406666667 2.004361990353337
0.8410000000 2.004155235187295
0.8413333333 2.003948478099493
0.8416666667 2.003741719087440
0.8420000000 2.003534958149598
0.8423333333 2.003328195283779
0.8426666667 2.003121430486873
0.8430000000 2.002914663757982
0.8433333333 2.002707895093655
0.8436666667 2.002501124492662
0.8440000000 2.002294351952823
0.8443333333 2.002087577471334
0.8446666667 2.001880801045717
0.8450000000 2.001674022675320
0.8453333333 2.001467242357045
0.8456666667 2.001260460088415
0.8460000000 2.001053675867240
0.8463333333 2.000846889692252
0.8466666667 2.000640101560067
0.8470000000 2.000433311469691
0.8473333333 2.000226519418036
0.8476666667 2.000019725402941
0.8480000000 1.999812929422507
0.8483333333 1.999606131475134
0.8486666667 1.999399331557738
0.8490000000 1.999192529668451
0.8493333333 1.998985725805376
0.8496666667 1.998778919965411
0.8500000000 1.998572112147266
0.8503333333 1.998365302348470
0.8506666667 1.998158490566818
0.8510000000 1.997951676800118
0.8513333333 1.997744861045879
0.8516666667 1.997538043302794
0.8520000000 1.997331223567801
0.8523333333 1.997124401839260
0.8526666667 1.996917578114136
0.8530000000 1.996710752391058
0.8533333333 1.996503924667278
0.8536666667 1.996297094941469
0.8540000000 1.996090263210275
0.8543333333 1.995883429472638
0.8546666667 1.995676593725785
0.8550000000 1.995469755966951
0.8553333333 1.995262916194491
0.8556666667 1.995056074406506
0.8560000000 1.994849230600790
0.8563333333 1.994642384773970
0.8566666667 1.994435536925593
0.8570000000 1.994228687052286
0.8573333333 1.994021835152134
0.8576666667 1.993814981222920
0.8580000000 1.993608125261890
0.8583333333 1.993401267268536
0.8586666667 1.993194407238925
0.8590000000 1.992987545171415
0.8593333333 1.992780681063818
0.8596666667 1.992573814913634
0.8600000000 1.992366946719193
0.8603333333 1.992160076478320
0.8606666667 1.991953204188189
0.8610000000 1.991746329846621
0.8613333333 1.991539453451967
0.8616666667 1.991332575002260
0.8620000000 1.991125694493358
0.8623333333 1.990918811925525
0.8626666667 1.990711927295167
0.8630000000 1.990505040600073
0.8633333333 1.990298151838829
0.8636666667 1.990091261008672
0.8640000000 1.989884368107127
0.8643333333 1.989677473131941
0.8646666667 1.989470576081181
0.8650000000 1.989263676953185
0.8653333333 1.989056775744867
0.8656666667 1.988849872454311
0.8660000000 1.988642967079543
0.8663333333 1.988436059617556
0.8666666667 1.988229150066621
0.8670000000 1.988022238424793
0.8673333333 1.987815324689588
0.8676666667 1.987608408859049
0.8680000000 1.987401490930381
0.8683333333 1.987194570901636
0.8686666667 1.986987648770582
0.8690000000 1.986780724534975
0.8693333333 1.986573798192356
0.8696666667 1.986366869741244
0.8700000000 1.986159939178351
0.8703333333 1.985953006502504
0.8706666667 1.985746071710937
0.8710000000 1.985539134800660
0.8713333333 1.985332195770684
0.8716666667 1.985125254618033
0.8720000000 1.984918311341474
0.8723333333 1.984711365936990
0.8726666667 1.984504418404126
0.8730000000 1.984297468739604
0.8733333333 1.984090516941448
0.8736666667 1.983883563007163
0.8740000000 1.983676606935266
0.8743333333 1.983469648722731
0.8746666667 1.983262688367603
0.8750000000 1.983055725867864
0.8753333333 1.982848761220512
0.8756666667 1.982641794424055
0.8760000000 1.982434825475995
0.8763333333 1.982227854374084
0.8766666667 1.982020881115825
0.8770000000 1.981813905699449
0.8773333333 1.981606928122488
0.8776666667 1.981399948382923
0.8780000000 1.981192966477732
0.8783333333 1.980985982405681
0.8786666667 1.980778996163760
0.8790000000 1.980572007749723
0.8793333333 1.980365017162038
0.8796666667 1.980158024397244
0.8800000000 1.979951029454767
0.8803333333 1.979744032330922
0.8806666667 1.979537033023411
0.8810000000 1.979330031531449
0.8813333333 1.979123027851079
0.8816666667 1.978916021980766
0.8820000000 1.978709013918718
0.8823333333 1.978502003661972
0.8826666667 1.978294991208481
0.8830000000 1.978087976556234
0.8833333333 1.977880959702011
0.8836666667 1.977673940644727
0.8840000000 1.977466919381876
0.8843333333 1.977259895910744
0.8846666667 1.977052870229259
0.8850000000 1.976845842335171
0.8853333333 1.976638812226209
0.8856666667 1.976431779900113
0.8860000000 1.976224745354361
0.8863333333 1.976017708586924
0.8866666667 1.975810669595990
0.8870000000 1.975603628378582
0.8873333333 1.975396584932673
0.8876666667 1.975189539255977
0.8880000000 1.974982491345987
0.8883333333 1.974775441200883
0.8886666667 1.974568388818403
0.8890000000 1.974361334196009
0.8893333333 1.974154277330993
0.8896666667 1.973947218221534
0.8900000000 1.973740156865552
0.8903333333 1.973533093260561
0.8906666667 1.973326027404480
0.8910000000 1.973118959294385
0.8913333333 1.972911888928635
0.8916666667 1.972704816304741
0.8920000000 1.972497741420627
0.8923333333 1.972290664273343
0.8926666667 1.972083584861493
0.8930000000 1.971876503181676
0.8933333333 1.971669419232947
0.8936666667 1.971462333012113
0.8940000000 1.971255244516891
0.8943333333 1.971048153745433
0.8946666667 1.970841060695003
0.8950000000 1.970633965364184
0.8953333333 1.970426867749585
0.8956666667 1.970219767849154
0.8960000000 1.970012665661000
0.8963333333 1.969805561182632
0.8966666667 1.969598454411956
0.8970000000 1.969391345346262
0.8973333333 1.969184233983221
0.8976666667 1.968977120321209
0.8980000000 1.968770004356846
0.8983333333 1.968562886089093
0.8986666667 1.968355765514825
0.8990000000 1.968148642631950
0.8993333333 1.967941517438148
0.8996666667 1.967734389931114
0.9000000000 1.967527260108359
0.9003333333 1.967320127967967
0.9006666667 1.967112993507453
0.9010000000 1.966905856724486
0.9013333333 1.966698717616556
0.9016666667 1.966491576181776
0.9020000000 1.966284432417624
0.9023333333 1.966077286321991
0.9026666667 1.965870137892174
0.9030000000 1.965662987125836
0.9033333333 1.965455834021103
0.9036666667 1.965248678575631
0.9040000000 1.965041520786522
0.9043333333 1.964834360652055
0.9046666667 1.964627198169521
0.9050000000 1.964420033337194
0.9053333333 1.964212866152352
0.9056666667 1.964005696612483
0.9060000000 1.963798524715290
0.9063333333 1.963591350458636
0.9066666667 1.963384173840390
0.9070000000 1.963176994858240
0.9073333333 1.962969813509471
0.9076666667 1.962762629792138
0.9080000000 1.962555443703158
0.9083333333 1.962348255241177
0.9086666667 1.962141064403660
0.9090000000 1.961933871187901
0.9093333333 1.961726675591575
0.9096666667 1.961519477612654
0.9100000000 1.961312277248704
0.9103333333 1.961105074497483
0.9106666667 1.960897869356757
0.9110000000 1.960690661823653
0.9113333333 1.960483451896556
0.9116666667 1.960276239572411
0.9120000000 1.960069024849628
0.9123333333 1.959861807725204
0.9126666667 1.959654588196832
0.9130000000 1.959447366262985
0.9133333333 1.959240141920686
0.9136666667 1.959032915167777
0.9140000000 1.958825686001305
0.9143333333 1.958618454420008
0.9146666667 1.958411220420717
0.9150000000 1.958203984001559
0.9153333333 1.957996745159750
0.9156666667 1.957789503893209
0.9160000000 1.957582260199848
0.9163333333 1.957375014077154
0.9166666667 1.957167765522255
0.9170000000 1.956960514533782
0.9173333333 1.956753261108229
0.9176666667 1.956546005244659
0.9180000000 1.956338746939336
0.9183333333 1.956131486190423
0.9186666667 1.955924222996013
0.9190000000 1.955716957353483
0.9193333333 1.955509689260067
0.9196666667 1.955302418713833
0.9200000000 1.955095145712265
0.9203333333 1.954887870253586
0.9206666667 1.954680592334363
0.9210000000 1.954473311953161
0.9213333333 1.954266029107037
0.9216666667 1.954058743794133
0.9220000000 1.953851456011673
0.9223333333 1.953644165757629
0.9226666667 1.953436873029327
0.9230000000 1.953229577824722
0.9233333333 1.953022280141049
0.9236666667 1.952814979976268
0.9240000000 1.952607677328186
0.9243333333 1.952400372193786
0.9246666667 1.952193064571428
0.9250000000 1.951985754458440
0.9253333333 1.951778441852363
0.9256666667 1.951571126750909
0.9260000000 1.951363809151640
0.9263333333 1.951156489052258
0.9266666667 1.950949166450486
0.9270000000 1.950741841343859
0.9273333333 1.950534513730028
0.9276666667 1.950327183606517
0.9280000000 1.950119850971052
0.9283333333 1.949912515821481
0.9286666667 1.949705178154973
0.9290000000 1.949497837969384
0.9293333333 1.949290495262491
0.9296666667 1.949083150031457
0.9300000000 1.948875802274664
0.9303333333 1.948668451988983
0.9306666667 1.948461099172339
0.9310000000 1.948253743822412
0.9313333333 1.948046385936686
0.9316666667 1.947839025512921
0.9320000000 1.947631662548669
0.9323333333 1.947424297041474
0.9326666667 1.947216928988935
0.9330000000 1.947009558389050
0.9333333333 1.946802185238989
0.9336666667 1.946594809536372
0.9340000000 1.946387431279156
0.9343333333 1.946180050464693
0.9346666667 1.945972667090570
0.9350000000 1.945765281154556
0.9353333333 1.945557892653970
0.9356666667 1.945350501586981
0.9360000000 1.945143107950639
0.9363333333 1.944935711742841
0.9366666667 1.944728312961034
0.9370000000 1.944520911602904
0.9373333333 1.944313507666125
0.9376666667 1.944106101148227
0.9380000000 1.943898692046752
0.9383333333 1.943691280359429
0.9386666667 1.943483866083733
0.9390000000 1.943276449217331
0.9393333333 1.943069029758076
0.9396666667 1.942861607702975
0.9400000000 1.942654183050039
0.9403333333 1.942446755796845
0.9406666667 1.942239325940866
0.9410000000 1.942031893479885
0.9413333333 1.941824458411250
0.9416666667 1.941617020732738
0.9420000000 1.941409580441885
0.9423333333 1.941202137536276
0.9426666667 1.940994692013381
0.9430000000 1.940787243871046
0.9433333333 1.940579793106599
0.9436666667 1.940372339717942
0.9440000000 1.940164883702236
0.9443333333 1.939957425057556
0.9446666667 1.939749963781182
0.9450000000 1.939542499870699
0.9453333333 1.939335033323813
0.9456666667 1.939127564138101
0.9460000000 1.938920092310861
0.9463333333 1.938712617840140
0.9466666667 1.938505140723163
0.9470000000 1.938297660957693
0.9473333333 1.938090178541074
0.9476666667 1.937882693471343
0.9480000000 1.937675205745733
0.9483333333 1.937467715361714
0.9486666667 1.937260222317086
0.9490000000 1.937052726609415
0.9493333333 1.936845228236117
0.9496666667 1.936637727194987
0.9500000000 1.936430223483427
0.9503333333 1.936222717099230
0.9506666667 1.936015208039484
0.9510000000 1.935807696302284
0.9513333333 1.935600181885000
0.9516666667 1.935392664785184
0.9520000000 1.935185145000313
0.9523333333 1.934977622528051
0.9526666667 1.934770097366126
0.9530000000 1.934562569511882
0.9533333333 1.934355038962891
0.9536666667 1.934147505716872
0.9540000000 1.933939969771034
0.9543333333 1.933732431123433
0.9546666667 1.933524889771286
0.9550000000 1.933317345712295
0.9553333333 1.933109798943925
0.9556666667 1.932902249463785
0.9560000000 1.932694697269431
0.9563333333 1.932487142358415
0.9566666667 1.932279584728342
0.9570000000 1.932072024376670
0.9573333333 1.931864461301053
0.9576666667 1.931656895498896
0.9580000000 1.931449326967895
0.9583333333 1.931241755705643
0.9586666667 1.931034181709505
0.9590000000 1.930826604977088
0.9593333333 1.930619025505971
0.9596666667 1.930411443293844
0.9600000000 1.930203858337988
0.9603333333 1.929996270636160
0.9606666667 1.929788680185700
0.9610000000 1.929581086984399
0.9613333333 1.929373491029634
0.9616666667 1.929165892318994
0.9620000000 1.928958290850054
0.9623333333 1.928750686620318
0.9626666667 1.928543079627198
0.9630000000 1.928335469868440
0.9633333333 1.928127857341508
0.9636666667 1.927920242043967
0.9640000000 1.927712623973156
0.9643333333 1.927505003126897
0.9646666667 1.927297379502635
0.9650000000 1.927089753097792
0.9653333333 1.926882123910054
0.9656666667 1.926674491936838
0.9660000000 1.926466857175748
0.9663333333 1.926259219624206
0.9666666667 1.926051579279813
0.9670000000 1.925843936140101
0.9673333333 1.925636290202629
0.9676666667 1.925428641464817
0.9680000000 1.925220989924407
0.9683333333 1.925013335578671
0.9686666667 1.924805678425278
0.9690000000 1.924598018461612
0.9693333333 1.924390355685435
0.9696666667 1.924182690094061
0.9700000000 1.923975021685116
0.9703333333 1.923767350456081
0.9706666667 1.923559676404416
0.9710000000 1.923351999527699
0.9713333333 1.923144319823547
0.9716666667 1.922936637289278
0.9720000000 1.922728951922571
0.9723333333 1.922521263720875
0.9726666667 1.922313572681611
0.9730000000 1.922105878802478
0.9733333333 1.921898182080893
0.9736666667 1.921690482514365
0.9740000000 1.921482780100319
0.9743333333 1.921275074836355
0.9746666667 1.921067366720035
0.9750000000 1.920859655748861
0.9753333333 1.920651941920234
0.9756666667 1.920444225231657
0.9760000000 1.920236505680743
0.9763333333 1.920028783264889
0.9766666667 1.919821057981706
0.9770000000 1.919613329828614
0.9773333333 1.919405598803141
0.9776666667 1.919197864902760
0.9780000000 1.918990128125099
0.9783333333 1.918782388467453
0.9786666667 1.918574645927422
0.9790000000 1.918366900502573
0.9793333333 1.918159152190188
0.9796666667 1.917951400988024
0.9800000000 1.917743646893381
0.9803333333 1.917535889903873
0.9806666667 1.917328130016966
0.9810000000 1.917120367230081
0.9813333333 1.916912601540762
0.9816666667 1.916704832946428
0.9820000000 1.916497061444718
0.9823333333 1.916289287033031
0.9826666667 1.916081509708816
0.9830000000 1.915873729469563
0.9833333333 1.915665946312853
0.9836666667 1.915458160236051
0.9840000000 1.915250371236775
0.9843333333 1.915042579312322
0.9846666667 1.914834784460357
0.9850000000 1.914626986678267
0.9853333333 1.914419185963517
0.9856666667 1.914211382313656
0.9860000000 1.914003575726076
0.9863333333 1.913795766198336
0.9866666667 1.913587953727879
0.9870000000 1.913380138312180
0.9873333333 1.913172319948683
0.9876666667 1.912964498634893
0.9880000000 1.912756674368239
0.9883333333 1.912548847146293
0.9886666667 1.912341016966426
0.9890000000 1.912133183826149
0.9893333333 1.911925347722909
0.9896666667 1.911717508654183
0.9900000000 1.911509666617467
0.9903333333 1.911301821610188
0.9906666667 1.911093973629815
0.9910000000 1.910886122673835
0.9913333333 1.910678268739710
0.9916666667 1.910470411824864
0.9920000000 1.910262551926802
0.9923333333 1.910054689042980
0.9926666667 1.909846823170825
0.9930000000 1.909638954307810
0.9933333333 1.909431082451411
0.9936666667 1.909223207599046
0.9940000000 1.909015329748224
0.9943333333 1.908807448896368
0.9946666667 1.908599565040919
0.9950000000 1.908391678179359
0.9953333333 1.908183788309120
0.9956666667 1.907975895427666
0.9960000000 1.907767999532433
0.9963333333 1.907560100620882
0.9966666667 1.907352198690468
0.9970000000 1.907144293738612
0.9973333333 1.906936385762798
0.9976666667 1.906728474760430
0.9980000000 1.906520560728984
0.9983333333 1.906312643665892
0.9986666667 1.906104723568599
0.9990000000 1.905896800434547
0.9993333333 1.905688874261171
0.9996666667 1.905480945045920
