0,0000000000 1,011904913158877
0,0003333333 1,011900766212923
0,0006666667 1,011896619273753
0,0010000000 1,011892472465841
0,0013333333 1,011888325789171
0,0016666667 1,011884179243728
0,0020000000 1,011880032829499
0,0023333333 1,011875886546471
0,0026666667 1,011871740394631
0,0030000000 1,011867594373963
0,0033333333 1,011863448484456
0,0036666667 1,011859302726095
0,0040000000 1,011855157098867
0,0043333333 1,011851011602758
0,0046666667 1,011846866237755
0,0050000000 1,011842721003844
0,0053333333 1,011838575901012
0,0056666667 1,011834430929246
0,0060000000 1,011830286088531
0,0063333333 1,011826141378854
0,0066666667 1,011821996800202
0,0070000000 1,011817852352561
0,0073333333 1,011813708035917
0,0076666667 1,011809563850257
0,0080000000 1,011805419795568
0,0083333333 1,011801275871836
0,0086666667 1,011797132079048
0,0090000000 1,011792988417190
0,0093333333 1,011788844886248
0,0096666667 1,011784701486209
0,0100000000 1,011780558217060
0,0103333333 1,011776415078787
0,0106666667 1,011772272071376
0,0110000000 1,011768129194814
0,0113333333 1,011763986449088
0,0116666667 1,011759843834183
0,0120000000 1,011755701350088
0,0123333333 1,011751558996787
0,0126666667 1,011747416774268
0,0130000000 1,011743274682517
0,0133333333 1,011739132721521
0,0136666667 1,011734990891265
0,0140000000 1,011730849191738
0,0143333333 1,011726707622925
0,0146666667 1,011722566184812
0,0150000000 1,011718424877387
0,0153333333 1,011714283700635
0,0156666667 1,011710142654544
0,0160000000 1,011706001739099
0,0163333333 1,011701860954288
0,0166666667 1,011697720300097
0,0170000000 1,011693579776513
0,0173333333 1,011689439383521
0,0176666667 1,011685299121109
0,0180000000 1,011681158989263
0,0183333333 1,011677018987971
0,0186666667 1,011672879117217
0,0190000000 1,011668739376989
0,0193333333 1,011664599767273
0,0196666667 1,011660460288056
0,0200000000 1,011656320939325
0,0203333333 1,011652181721066
0,0206666667 1,011648042633266
0,0210000000 1,011643903675910
0,0213333333 1,011639764848987
0,0216666667 1,011635626152482
0,0220000000 1,011631487586382
0,0223333333 1,011627349150674
0,0226666667 1,011623210845343
0,0230000000 1,011619072670377
0,0233333333 1,011614934625763
0,0236666667 1,011610796711487
0,0240000000 1,011606658927535
0,0243333333 1,011602521273894
0,0246666667 1,011598383750550
0,0250000000 1,011594246357491
0,0253333333 1,011590109094703
0,0256666667 1,011585971962173
0,0260000000 1,011581834959886
0,0263333333 1,011577698087830
0,0266666667 1,011573561345992
0,0270000000 1,011569424734357
0,0273333333 1,011565288252913
0,0276666667 1,011561151901646
0,0280000000 1,011557015680543
0,0283333333 1,011552879589590
0,0286666667 1,011548743628774
0,0290000000 1,011544607798082
0,0293333333 1,011540472097501
0,0296666667 1,011536336527016
0,0300000000 1,011532201086614
0,0303333333 1,011528065776283
0,0306666667 1,011523930596009
0,0310000000 1,011519795545778
0,0313333333 1,011515660625577
0,0316666667 1,011511525835393
0,0320000000 1,011507391175213
0,0323333333 1,011503256645022
0,0326666667 1,011499122244808
0,0330000000 1,011494987974558
0,0333333333 1,011490853834257
0,0336666667 1,011486719823893
0,0340000000 1,011482585943453
0,0343333333 1,011478452192922
0,0346666667 1,011474318572289
0,0350000000 1,011470185081538
0,0353333333 1,011466051720657
0,0356666667 1,011461918489633
0,0360000000 1,011457785388453
0,0363333333 1,011453652417103
0,0366666667 1,011449519575569
0,0370000000 1,011445386863838
0,0373333333 1,011441254281898
0,0376666667 1,011437121829734
0,0380000000 1,011432989507334
0,0383333333 1,011428857314684
0,0386666667 1,011424725251771
0,0390000000 1,011420593318581
0,0393333333 1,011416461515101
0,0396666667 1,011412329841318
0,0400000000 1,011408198297219
0,0403333333 1,011404066882790
0,0406666667 1,011399935598019
0,0410000000 1,011395804442891
0,0413333333 1,011391673417393
0,0416666667 1,011387542521512
0,0420000000 1,011383411755236
0,0423333333 1,011379281118550
0,0426666667 1,011375150611441
0,0430000000 1,011371020233896
0,0433333333 1,011366889985902
0,0436666667 1,011362759867446
0,0440000000 1,011358629878513
0,0443333333 1,011354500019092
0,0446666667 1,011350370289168
0,0450000000 1,011346240688728
0,0453333333 1,011342111217760
0,0456666667 1,011337981876250
0,0460000000 1,011333852664184
0,0463333333 1,011329723581549
0,0466666667 1,011325594628333
0,0470000000 1,011321465804521
0,0473333333 1,011317337110101
0,0476666667 1,011313208545059
0,0480000000 1,011309080109383
0,0483333333 1,011304951803058
0,0486666667 1,011300823626072
0,0490000000 1,011296695578411
0,0493333333 1,011292567660062
0,0496666667 1,011288439871013
0,0500000000 1,011284312211248
0,0503333333 1,011280184680757
0,0506666667 1,011276057279524
0,0510000000 1,011271930007538
0,0513333333 1,011267802864784
0,0516666667 1,011263675851250
0,0520000000 1,011259548966922
0,0523333333 1,011255422211787
0,0526666667 1,011251295585832
0,0530000000 1,011247169089043
0,0533333333 1,011243042721409
0,0536666667 1,011238916482914
0,0540000000 1,011234790373547
0,0543333333 1,011230664393293
0,0546666667 1,011226538542140
0,0550000000 1,011222412820074
0,0553333333 1,011218287227083
0,0556666667 1,011214161763152
0,0560000000 1,011210036428270
0,0563333333 1,011205911222422
0,0566666667 1,011201786145596
0,0570000000 1,011197661197778
0,0573333333 1,011193536378954
0,0576666667 1,011189411689113
0,0580000000 1,011185287128241
0,0583333333 1,011181162696324
0,0586666667 1,011177038393350
0,0590000000 1,011172914219305
0,0593333333 1,011168790174176
0,0596666667 1,011164666257949
0,0600000000 1,011160542470613
0,0603333333 1,011156418812153
0,0606666667 1,011152295282556
0,0610000000 1,011148171881810
0,0613333333 1,011144048609900
0,0616666667 1,011139925466815
0,0620000000 1,011135802452540
0,0623333333 1,011131679567063
0,0626666667 1,011127556810371
0,0630000000 1,011123434182449
0,0633333333 1,011119311683286
0,0636666667 1,011115189312868
0,0640000000 1,011111067071182
0,0643333333 1,011106944958214
0,0646666667 1,011102822973953
0,0650000000 1,011098701118383
0,0653333333 1,011094579391493
0,0656666667 1,011090457793269
0,0660000000 1,011086336323698
0,0663333333 1,011082214982768
0,0666666667 1,011078093770464
0,0670000000 1,011073972686774
0,0673333333 1,011069851731684
0,0676666667 1,011065730905182
0,0680000000 1,011061610207254
0,0683333333 1,011057489637887
0,0686666667 1,011053369197069
0,0690000000 1,011049248884786
0,0693333333 1,011045128701024
0,0696666667 1,011041008645772
0,0700000000 1,011036888719015
0,0703333333 1,011032768920741
0,0706666667 1,011028649250936
0,0710000000 1,011024529709588
0,0713333333 1,011020410296683
0,0716666667 1,011016291012208
0,0720000000 1,011012171856151
0,0723333333 1,011008052828497
0,0726666667 1,011003933929235
0,0730000000 1,010999815158351
0,0733333333 1,010995696515831
0,0736666667 1,010991578001663
0,0740000000 1,010987459615834
0,0743333333 1,010983341358331
0,0746666667 1,010979223229140
0,0750000000 1,010975105228248
0,0753333333 1,010970987355643
0,0756666667 1,010966869611311
0,0760000000 1,010962751995240
0,0763333333 1,010958634507416
0,0766666667 1,010954517147826
0,0770000000 1,010950399916457
0,0773333333 1,010946282813296
0,0776666667 1,010942165838330
0,0780000000 1,010938048991546
0,0783333333 1,010933932272931
0,0786666667 1,010929815682472
0,0790000000 1,010925699220156
0,0793333333 1,010921582885970
0,0796666667 1,010917466679900
0,0800000000 1,010913350601934
0,0803333333 1,010909234652059
0,0806666667 1,010905118830261
0,0810000000 1,010901003136528
0,0813333333 1,010896887570847
0,0816666667 1,010892772133204
0,0820000000 1,010888656823587
0,0823333333 1,010884541641982
0,0826666667 1,010880426588377
0,0830000000 1,010876311662758
0,0833333333 1,010872196865113
0,0836666667 1,010868082195428
0,0840000000 1,010863967653691
0,0843333333 1,010859853239888
0,0846666667 1,010855738954007
0,0850000000 1,010851624796034
0,0853333333 1,010847510765956
0,0856666667 1,010843396863761
0,0860000000 1,010839283089435
0,0863333333 1,010835169442966
0,0866666667 1,010831055924340
0,0870000000 1,010826942533545
0,0873333333 1,010822829270567
0,0876666667 1,010818716135394
0,0880000000 1,010814603128012
0,0883333333 1,010810490248409
0,0886666667 1,010806377496571
0,0890000000 1,010802264872486
0,0893333333 1,010798152376141
0,0896666667 1,010794040007522
0,0900000000 1,010789927766617
0,0903333333 1,010785815653412
0,0906666667 1,010781703667895
0,0910000000 1,010777591810053
0,0913333333 1,010773480079873
0,0916666667 1,010769368477341
0,0920000000 1,010765257002446
0,0923333333 1,010761145655173
0,0926666667 1,010757034435511
0,0930000000 1,010752923343445
0,0933333333 1,010748812378963
0,0936666667 1,010744701542053
0,0940000000 1,010740590832701
0,0943333333 1,010736480250893
0,0946666667 1,010732369796619
0,0950000000 1,010728259469863
0,0953333333 1,010724149270614
0,0956666667 1,010720039198858
0,0960000000 1,010715929254584
0,0963333333 1,010711819437776
0,0966666667 1,010707709748423
0,0970000000 1,010703600186512
0,0973333333 1,010699490752030
0,0976666667 1,010695381444964
0,0980000000 1,010691272265301
0,0983333333 1,010687163213028
0,0986666667 1,010683054288132
0,0990000000 1,010678945490600
0,0993333333 1,010674836820420
0,0996666667 1,010670728277578
0,1000000000 1,010666619862061
0,1003333333 1,010662511573857
0,1006666667 1,010658403412954
0,1010000000 1,010654295379336
0,1013333333 1,010650187472993
0,1016666667 1,010646079693911
0,1020000000 1,010641972042076
0,1023333333 1,010637864517477
0,1026666667 1,010633757120101
0,1030000000 1,010629649849934
0,1033333333 1,010625542706963
0,1036666667 1,010621435691176
0,1040000000 1,010617328802560
0,1043333333 1,010613222041102
0,1046666667 1,010609115406789
0,1050000000 1,010605008899608
0,1053333333 1,010600902519547
0,1056666667 1,010596796266592
0,1060000000 1,010592690140730
0,1063333333 1,010588584141949
0,1066666667 1,010584478270236
0,1070000000 1,010580372525578
0,1073333333 1,010576266907962
0,1076666667 1,010572161417376
0,1080000000 1,010568056053805
0,1083333333 1,010563950817239
0,1086666667 1,010559845707663
0,1090000000 1,010555740725065
0,1093333333 1,010551635869431
0,1096666667 1,010547531140750
0,1100000000 1,010543426539009
0,1103333333 1,010539322064193
0,1106666667 1,010535217716292
0,1110000000 1,010531113495291
0,1113333333 1,010527009401179
0,1116666667 1,010522905433941
0,1120000000 1,010518801593565
0,1123333333 1,010514697880039
0,1126666667 1,010510594293350
0,1130000000 1,010506490833485
0,1133333333 1,010502387500431
0,1136666667 1,010498284294174
0,1140000000 1,010494181214704
0,1143333333 1,010490078262005
0,1146666667 1,010485975436067
0,1150000000 1,010481872736875
0,1153333333 1,010477770164418
0,1156666667 1,010473667718682
0,1160000000 1,010469565399654
0,1163333333 1,010465463207322
0,1166666667 1,010461361141673
0,1170000000 1,010457259202694
0,1173333333 1,010453157390372
0,1176666667 1,010449055704695
0,1180000000 1,010444954145650
0,1183333333 1,010440852713224
0,1186666667 1,010436751407403
0,1190000000 1,010432650228176
0,1193333333 1,010428549175530
0,1196666667 1,010424448249451
0,1200000000 1,010420347449928
0,1203333333 1,010416246776947
0,1206666667 1,010412146230495
0,1210000000 1,010408045810560
0,1213333333 1,010403945517129
0,1216666667 1,010399845350188
0,1220000000 1,010395745309727
0,1223333333 1,010391645395731
0,1226666667 1,010387545608187
0,1230000000 1,010383445947084
0,1233333333 1,010379346412409
0,1236666667 1,010375247004147
0,1240000000 1,010371147722288
0,1243333333 1,010367048566818
0,1246666667 1,010362949537724
0,1250000000 1,010358850634994
0,1253333333 1,010354751858614
0,1256666667 1,010350653208573
0,1260000000 1,010346554684857
0,1263333333 1,010342456287453
0,1266666667 1,010338358016349
0,1270000000 1,010334259871533
0,1273333333 1,010330161852991
0,1276666667 1,010326063960711
0,1280000000 1,010321966194679
0,1283333333 1,010317868554884
0,1286666667 1,010313771041312
0,1290000000 1,010309673653951
0,1293333333 1,010305576392788
0,1296666667 1,010301479257811
0,1300000000 1,010297382249006
0,1303333333 1,010293285366361
0,1306666667 1,010289188609863
0,1310000000 1,010285091979499
0,1313333333 1,010280995475258
0,1316666667 1,010276899097125
0,1320000000 1,010272802845089
0,1323333333 1,010268706719137
0,1326666667 1,010264610719255
0,1330000000 1,010260514845432
0,1333333333 1,010256419097654
0,1336666667 1,010252323475909
0,1340000000 1,010248227980184
0,1343333333 1,010244132610467
0,1346666667 1,010240037366744
0,1350000000 1,010235942249004
0,1353333333 1,010231847257233
0,1356666667 1,010227752391419
0,1360000000 1,010223657651549
0,1363333333 1,010219563037611
0,1366666667 1,010215468549591
0,1370000000 1,010211374187477
0,1373333333 1,010207279951256
0,1376666667 1,010203185840916
0,1380000000 1,010199091856445
0,1383333333 1,010194997997828
0,1386666667 1,010190904265055
0,1390000000 1,010186810658111
0,1393333333 1,010182717176985
0,1396666667 1,010178623821664
0,1400000000 1,010174530592134
0,1403333333 1,010170437488384
0,1406666667 1,010166344510401
0,1410000000 1,010162251658172
0,1413333333 1,010158158931685
0,1416666667 1,010154066330926
0,1420000000 1,010149973855884
0,1423333333 1,010145881506545
0,1426666667 1,010141789282897
0,1430000000 1,010137697184927
0,1433333333 1,010133605212624
0,1436666667 1,010129513365973
0,1440000000 1,010125421644962
0,1443333333 1,010121330049580
0,1446666667 1,010117238579812
0,1450000000 1,010113147235647
0,1453333333 1,010109056017072
0,1456666667 1,010104964924074
0,1460000000 1,010100873956641
0,1463333333 1,010096783114760
0,1466666667 1,010092692398418
0,1470000000 1,010088601807604
0,1473333333 1,010084511342303
0,1476666667 1,010080421002504
0,1480000000 1,010076330788194
0,1483333333 1,010072240699361
0,1486666667 1,010068150735991
0,1490000000 1,010064060898073
0,1493333333 1,010059971185593
0,1496666667 1,010055881598539
0,1500000000 1,010051792136899
0,1503333333 1,010047702800659
0,1506666667 1,010043613589808
0,1510000000 1,010039524504333
0,1513333333 1,010035435544220
0,1516666667 1,010031346709458
0,1520000000 1,010027258000034
0,1523333333 1,010023169415935
0,1526666667 1,010019080957149
0,1530000000 1,010014992623664
0,1533333333 1,010010904415466
0,1536666667 1,010006816332543
0,1540000000 1,010002728374882
0,1543333333 1,009998640542472
0,1546666667 1,009994552835299
0,1550000000 1,009990465253350
0,1553333333 1,009986377796614
0,1556666667 1,009982290465078
0,1560000000 1,009978203258728
0,1563333333 1,009974116177554
0,1566666667 1,009970029221541
0,1570000000 1,009965942390678
0,1573333333 1,009961855684952
0,1576666667 1,009957769104350
0,1580000000 1,009953682648860
0,1583333333 1,009949596318469
0,1586666667 1,009945510113165
0,1590000000 1,009941424032936
0,1593333333 1,009937338077768
0,1596666667 1,009933252247649
0,1600000000 1,009929166542567
0,1603333333 1,009925080962509
0,1606666667 1,009920995507462
0,1610000000 1,009916910177415
0,1613333333 1,009912824972354
0,1616666667 1,009908739892267
0,1620000000 1,009904654937142
0,1623333333 1,009900570106966
0,1626666667 1,009896485401726
0,1630000000 1,009892400821410
0,1633333333 1,009888316366006
0,1636666667 1,009884232035500
0,1640000000 1,009880147829881
0,1643333333 1,009876063749136
0,1646666667 1,009871979793253
0,1650000000 1,009867895962218
0,1653333333 1,009863812256020
0,1656666667 1,009859728674645
0,1660000000 1,009855645218082
0,1663333333 1,009851561886318
0,1666666667 1,009847478679341
0,1670000000 1,009843395597138
0,1673333333 1,009839312639695
0,1676666667 1,009835229807003
0,1680000000 1,009831147099046
0,1683333333 1,009827064515814
0,1686666667 1,009822982057293
0,1690000000 1,009818899723471
0,1693333333 1,009814817514336
0,1696666667 1,009810735429875
0,1700000000 1,009806653470076
0,1703333333 1,009802571634926
0,1706666667 1,009798489924413
0,1710000000 1,009794408338524
0,1713333333 1,009790326877247
0,1716666667 1,009786245540569
0,1720000000 1,009782164328478
0,1723333333 1,009778083240962
0,1726666667 1,009774002278008
0,1730000000 1,009769921439603
0,1733333333 1,009765840725736
0,1736666667 1,009761760136392
0,1740000000 1,009757679671562
0,1743333333 1,009753599331231
0,1746666667 1,009749519115387
0,1750000000 1,009745439024018
0,1753333333 1,009741359057112
0,1756666667 1,009737279214656
0,1760000000 1,009733199496637
0,1763333333 1,009729119903044
0,1766666667 1,009725040433863
0,1770000000 1,009720961089083
0,1773333333 1,009716881868690
0,1776666667 1,009712802772673
0,1780000000 1,009708723801019
0,1783333333 1,009704644953716
0,1786666667 1,009700566230751
0,1790000000 1,009696487632111
0,1793333333 1,009692409157785
0,1796666667 1,009688330807760
0,1800000000 1,009684252582024
0,1803333333 1,009680174480564
0,1806666667 1,009676096503367
0,1810000000 1,009672018650422
0,1813333333 1,009667940921716
0,1816666667 1,009663863317236
0,1820000000 1,009659785836971
0,1823333333 1,009655708480907
0,1826666667 1,009651631249032
0,1830000000 1,009647554141335
0,1833333333 1,009643477157802
0,1836666667 1,009639400298422
0,1840000000 1,009635323563181
0,1843333333 1,009631246952068
0,1846666667 1,009627170465069
0,1850000000 1,009623094102174
0,1853333333 1,009619017863369
0,1856666667 1,009614941748642
0,1860000000 1,009610865757980
0,1863333333 1,009606789891371
0,1866666667 1,009602714148804
0,1870000000 1,009598638530265
0,1873333333 1,009594563035742
0,1876666667 1,009590487665222
0,1880000000 1,009586412418694
0,1883333333 1,009582337296145
0,1886666667 1,009578262297563
0,1890000000 1,009574187422935
0,1893333333 1,009570112672249
0,1896666667 1,009566038045493
0,1900000000 1,009561963542654
0,1903333333 1,009557889163720
0,1906666667 1,009553814908678
0,1910000000 1,009549740777517
0,1913333333 1,009545666770223
0,1916666667 1,009541592886785
0,1920000000 1,009537519127191
0,1923333333 1,009533445491427
0,1926666667 1,009529371979481
0,1930000000 1,009525298591342
0,1933333333 1,009521225326997
0,1936666667 1,009517152186434
0,1940000000 1,009513079169639
0,1943333333 1,009509006276602
0,1946666667 1,009504933507309
0,1950000000 1,009500860861749
0,1953333333 1,009496788339908
0,1956666667 1,009492715941776
0,1960000000 1,009488643667338
0,1963333333 1,009484571516583
0,1966666667 1,009480499489500
0,1970000000 1,009476427586075
0,1973333333 1,009472355806295
0,1976666667 1,009468284150150
0,1980000000 1,009464212617626
0,1983333333 1,009460141208712
0,1986666667 1,009456069923394
0,1990000000 1,009451998761661
0,1993333333 1,009447927723500
0,1996666667 1,009443856808900
0,2000000000 1,009439786017847
0,2003333333 1,009435715350330
0,2006666667 1,009431644806335
0,2010000000 1,009427574385852
0,2013333333 1,009423504088868
0,2016666667 1,009419433915369
0,2020000000 1,009415363865345
0,2023333333 1,009411293938783
0,2026666667 1,009407224135670
0,2030000000 1,009403154455995
0,2033333333 1,009399084899744
0,2036666667 1,009395015466906
0,2040000000 1,009390946157469
0,2043333333 1,009386876971420
0,2046666667 1,009382807908747
0,2050000000 1,009378738969437
0,2053333333 1,009374670153479
0,2056666667 1,009370601460860
0,2060000000 1,009366532891568
0,2063333333 1,009362464445591
0,2066666667 1,009358396122916
0,2070000000 1,009354327923532
0,2073333333 1,009350259847425
0,2076666667 1,009346191894584
0,2080000000 1,009342124064997
0,2083333333 1,009338056358651
0,2086666667 1,009333988775533
0,2090000000 1,009329921315633
0,2093333333 1,009325853978937
0,2096666667 1,009321786765433
0,2100000000 1,009317719675109
0,2103333333 1,009313652707953
0,2106666667 1,009309585863953
0,2110000000 1,009305519143096
0,2113333333 1,009301452545371
0,2116666667 1,009297386070764
0,2120000000 1,009293319719264
0,2123333333 1,009289253490859
0,2126666667 1,009285187385536
0,2130000000 1,009281121403283
0,2133333333 1,009277055544088
0,2136666667 1,009272989807938
0,2140000000 1,009268924194823
0,2143333333 1,009264858704728
0,2146666667 1,009260793337642
0,2150000000 1,009256728093554
0,2153333333 1,009252662972450
0,2156666667 1,009248597974318
0,2160000000 1,009244533099147
0,2163333333 1,009240468346924
0,2166666667 1,009236403717637
0,2170000000 1,009232339211273
0,2173333333 1,009228274827821
0,2176666667 1,009224210567269
0,2180000000 1,009220146429604
0,2183333333 1,009216082414813
0,2186666667 1,009212018522886
0,2190000000 1,009207954753809
0,2193333333 1,009203891107571
0,2196666667 1,009199827584159
0,2200000000 1,009195764183561
0,2203333333 1,009191700905765
0,2206666667 1,009187637750759
0,2210000000 1,009183574718531
0,2213333333 1,009179511809068
0,2216666667 1,009175449022358
0,2220000000 1,009171386358390
0,2223333333 1,009167323817150
0,2226666667 1,009163261398627
0,2230000000 1,009159199102810
0,2233333333 1,009155136929684
0,2236666667 1,009151074879240
0,2240000000 1,009147012951463
0,2243333333 1,009142951146343
0,2246666667 1,009138889463866
0,2250000000 1,009134827904021
0,2253333333 1,009130766466797
0,2256666667 1,009126705152179
0,2260000000 1,009122643960157
0,2263333333 1,009118582890719
0,2266666667 1,009114521943851
0,2270000000 1,009110461119543
0,2273333333 1,009106400417781
0,2276666667 1,009102339838555
0,2280000000 1,009098279381851
0,2283333333 1,009094219047658
0,2286666667 1,009090158835963
0,2290000000 1,009086098746754
0,2293333333 1,009082038780020
0,2296666667 1,009077978935747
0,2300000000 1,009073919213925
0,2303333333 1,009069859614541
0,2306666667 1,009065800137582
0,2310000000 1,009061740783037
0,2313333333 1,009057681550894
0,2316666667 1,009053622441140
0,2320000000 1,009049563453763
0,2323333333 1,009045504588752
0,2326666667 1,009041445846094
0,2330000000 1,009037387225777
0,2333333333 1,009033328727789
0,2336666667 1,009029270352118
0,2340000000 1,009025212098752
0,2343333333 1,009021153967678
0,2346666667 1,009017095958885
0,2350000000 1,009013038072361
0,2353333333 1,009008980308093
0,2356666667 1,009004922666070
0,2360000000 1,009000865146279
0,2363333333 1,008996807748708
0,2366666667 1,008992750473346
0,2370000000 1,008988693320180
0,2373333333 1,008984636289197
0,2376666667 1,008980579380387
0,2380000000 1,008976522593736
0,2383333333 1,008972465929234
0,2386666667 1,008968409386867
0,2390000000 1,008964352966624
0,2393333333 1,008960296668493
0,2396666667 1,008956240492462
0,2400000000 1,008952184438518
0,2403333333 1,008948128506649
0,2406666667 1,008944072696844
0,2410000000 1,008940017009091
0,2413333333 1,008935961443377
0,2416666667 1,008931905999690
0,2420000000 1,008927850678019
0,2423333333 1,008923795478351
0,2426666667 1,008919740400674
0,2430000000 1,008915685444976
0,2433333333 1,008911630611246
0,2436666667 1,008907575899471
0,2440000000 1,008903521309639
0,2443333333 1,008899466841738
0,2446666667 1,008895412495756
0,2450000000 1,008891358271681
0,2453333333 1,008887304169501
0,2456666667 1,008883250189204
0,2460000000 1,008879196330778
0,2463333333 1,008875142594212
0,2466666667 1,008871088979492
0,2470000000 1,008867035486607
0,2473333333 1,008862982115545
0,2476666667 1,008858928866294
0,2480000000 1,008854875738842
0,2483333333 1,008850822733177
0,2486666667 1,008846769849287
0,2490000000 1,008842717087159
0,2493333333 1,008838664446783
0,2496666667 1,008834611928146
0,2500000000 1,008830559531236
0,2503333333 1,008826507256040
0,2506666667 1,008822455102548
0,2510000000 1,008818403070746
0,2513333333 1,008814351160624
0,2516666667 1,008810299372168
0,2520000000 1,008806247705368
0,2523333333 1,008802196160211
0,2526666667 1,008798144736684
0,2530000000 1,008794093434777
0,2533333333 1,008790042254477
0,2536666667 1,008785991195772
0,2540000000 1,008781940258650
0,2543333333 1,008777889443100
0,2546666667 1,008773838749108
0,2550000000 1,008769788176664
0,2553333333 1,008765737725756
0,2556666667 1,008761687396370
0,2560000000 1,008757637188496
0,2563333333 1,008753587102122
0,2566666667 1,008749537137235
0,2570000000 1,008745487293823
0,2573333333 1,008741437571875
0,2576666667 1,008737387971379
0,2580000000 1,008733338492322
0,2583333333 1,008729289134694
0,2586666667 1,008725239898481
0,2590000000 1,008721190783671
0,2593333333 1,008717141790254
0,2596666667 1,008713092918216
0,2600000000 1,008709044167547
0,2603333333 1,008704995538234
0,2606666667 1,008700947030265
0,2610000000 1,008696898643628
0,2613333333 1,008692850378312
0,2616666667 1,008688802234304
0,2620000000 1,008684754211592
0,2623333333 1,008680706310165
0,2626666667 1,008676658530010
0,2630000000 1,008672610871117
0,2633333333 1,008668563333472
0,2636666667 1,008664515917064
0,2640000000 1,008660468621880
0,2643333333 1,008656421447910
0,2646666667 1,008652374395141
0,2650000000 1,008648327463562
0,2653333333 1,008644280653159
0,2656666667 1,008640233963922
0,2660000000 1,008636187395839
0,2663333333 1,008632140948897
0,2666666667 1,008628094623085
0,2670000000 1,008624048418390
0,2673333333 1,008620002334802
0,2676666667 1,008615956372307
0,2680000000 1,008611910530895
0,2683333333 1,008607864810553
0,2686666667 1,008603819211270
0,2690000000 1,008599773733032
0,2693333333 1,008595728375830
0,2696666667 1,008591683139650
0,2700000000 1,008587638024481
0,2703333333 1,008583593030311
0,2706666667 1,008579548157129
0,2710000000 1,008575503404921
0,2713333333 1,008571458773677
0,2716666667 1,008567414263384
0,2720000000 1,008563369874030
0,2723333333 1,008559325605605
0,2726666667 1,008555281458095
0,2730000000 1,008551237431490
0,2733333333 1,008547193525777
0,2736666667 1,008543149740943
0,2740000000 1,008539106076979
0,2743333333 1,008535062533871
0,2746666667 1,008531019111608
0,2750000000 1,008526975810177
0,2753333333 1,008522932629568
0,2756666667 1,008518889569768
0,2760000000 1,008514846630765
0,2763333333 1,008510803812547
0,2766666667 1,008506761115104
0,2770000000 1,008502718538422
0,2773333333 1,008498676082490
0,2776666667 1,008494633747297
0,2780000000 1,008490591532829
0,2783333333 1,008486549439077
0,2786666667 1,008482507466026
0,2790000000 1,008478465613667
0,2793333333 1,008474423881987
0,2796666667 1,008470382270974
0,2800000000 1,008466340780616
0,2803333333 1,008462299410902
0,2806666667 1,008458258161819
0,2810000000 1,008454217033357
0,2813333333 1,008450176025502
0,2816666667 1,008446135138244
0,2820000000 1,008442094371570
0,2823333333 1,008438053725469
0,2826666667 1,008434013199929
0,2830000000 1,008429972794938
0,2833333333 1,008425932510484
0,2836666667 1,008421892346556
0,2840000000 1,008417852303141
0,2843333333 1,008413812380228
0,2846666667 1,008409772577805
0,2850000000 1,008405732895861
0,2853333333 1,008401693334383
0,2856666667 1,008397653893359
0,2860000000 1,008393614572779
0,2863333333 1,008389575372629
0,2866666667 1,008385536292899
0,2870000000 1,008381497333576
0,2873333333 1,008377458494649
0,2876666667 1,008373419776107
0,2880000000 1,008369381177936
0,2883333333 1,008365342700126
0,2886666667 1,008361304342664
0,2890000000 1,008357266105540
0,2893333333 1,008353227988740
0,2896666667 1,008349189992254
0,2900000000 1,008345152116069
0,2903333333 1,008341114360175
0,2906666667 1,008337076724558
0,2910000000 1,008333039209207
0,2913333333 1,008329001814112
0,2916666667 1,008324964539259
0,2920000000 1,008320927384636
0,2923333333 1,008316890350234
0,2926666667 1,008312853436038
0,2930000000 1,008308816642039
0,2933333333 1,008304779968223
0,2936666667 1,008300743414580
0,2940000000 1,008296706981098
0,2943333333 1,008292670667764
0,2946666667 1,008288634474567
0,2950000000 1,008284598401496
0,2953333333 1,008280562448538
0,2956666667 1,008276526615682
0,2960000000 1,008272490902916
0,2963333333 1,008268455310229
0,2966666667 1,008264419837608
0,2970000000 1,008260384485042
0,2973333333 1,008256349252520
0,2976666667 1,008252314140029
0,2980000000 1,008248279147557
0,2983333333 1,008244244275094
0,2986666667 1,008240209522627
0,2990000000 1,008236174890145
0,2993333333 1,008232140377635
0,2996666667 1,008228105985087
0,3000000000 1,008224071712488
0,3003333333 1,008220037559828
0,3006666667 1,008216003527093
0,3010000000 1,008211969614272
0,3013333333 1,008207935821355
0,3016666667 1,008203902148328
0,3020000000 1,008199868595180
0,3023333333 1,008195835161900
0,3026666667 1,008191801848476
0,3030000000 1,008187768654896
0,3033333333 1,008183735581149
0,3036666667 1,008179702627222
0,3040000000 1,008175669793105
0,3043333333 1,008171637078785
0,3046666667 1,008167604484251
0,3050000000 1,008163572009491
0,3053333333 1,008159539654493
0,3056666667 1,008155507419246
0,3060000000 1,008151475303738
0,3063333333 1,008147443307957
0,3066666667 1,008143411431892
0,3070000000 1,008139379675531
0,3073333333 1,008135348038863
0,3076666667 1,008131316521875
0,3080000000 1,008127285124556
0,3083333333 1,008123253846895
0,3086666667 1,008119222688879
0,3090000000 1,008115191650497
0,3093333333 1,008111160731738
0,3096666667 1,008107129932589
0,3100000000 1,008103099253039
0,3103333333 1,008099068693077
0,3106666667 1,008095038252691
0,3110000000 1,008091007931869
0,3113333333 1,008086977730599
0,3116666667 1,008082947648870
0,3120000000 1,008078917686671
0,3123333333 1,008074887843988
0,3126666667 1,008070858120812
0,3130000000 1,008066828517130
0,3133333333 1,008062799032931
0,3136666667 1,008058769668202
0,3140000000 1,008054740422933
0,3143333333 1,008050711297112
0,3146666667 1,008046682290727
0,3150000000 1,008042653403767
0,3153333333 1,008038624636219
0,3156666667 1,008034595988072
0,3160000000 1,008030567459316
0,3163333333 1,008026539049937
0,3166666667 1,008022510759924
0,3170000000 1,008018482589267
0,3173333333 1,008014454537952
0,3176666667 1,008010426605969
0,3180000000 1,008006398793306
0,3183333333 1,008002371099952
0,3186666667 1,007998343525894
0,3190000000 1,007994316071121
0,3193333333 1,007990288735621
0,3196666667 1,007986261519384
0,3200000000 1,007982234422397
0,3203333333 1,007978207444649
0,3206666667 1,007974180586128
0,3210000000 1,007970153846822
0,3213333333 1,007966127226720
0,3216666667 1,007962100725811
0,3220000000 1,007958074344082
0,3223333333 1,007954048081523
0,3226666667 1,007950021938121
0,3230000000 1,007945995913866
0,3233333333 1,007941970008744
0,3236666667 1,007937944222746
0,3240000000 1,007933918555859
0,3243333333 1,007929893008071
0,3246666667 1,007925867579372
0,3250000000 1,007921842269749
0,3253333333 1,007917817079192
0,3256666667 1,007913792007687
0,3260000000 1,007909767055225
0,3263333333 1,007905742221793
0,3266666667 1,007901717507379
0,3270000000 1,007897692911973
0,3273333333 1,007893668435563
0,3276666667 1,007889644078136
0,3280000000 1,007885619839682
0,3283333333 1,007881595720189
0,3286666667 1,007877571719646
0,3290000000 1,007873547838040
0,3293333333 1,007869524075361
0,3296666667 1,007865500431596
0,3300000000 1,007861476906735
0,3303333333 1,007857453500765
0,3306666667 1,007853430213676
0,3310000000 1,007849407045455
0,3313333333 1,007845383996091
0,3316666667 1,007841361065573
0,3320000000 1,007837338253888
0,3323333333 1,007833315561027
0,3326666667 1,007829292986976
0,3330000000 1,007825270531724
0,3333333333 1,007821248195261
0,3336666667 1,007817225977574
0,3340000000 1,007813203878651
0,3343333333 1,007809181898482
0,3346666667 1,007805160037055
0,3350000000 1,007801138294358
0,3353333333 1,007797116670380
0,3356666667 1,007793095165109
0,3360000000 1,007789073778534
0,3363333333 1,007785052510643
0,3366666667 1,007781031361425
0,3370000000 1,007777010330869
0,3373333333 1,007772989418962
0,3376666667 1,007768968625693
0,3380000000 1,007764947951051
0,3383333333 1,007760927395024
0,3386666667 1,007756906957601
0,3390000000 1,007752886638770
0,3393333333 1,007748866438520
0,3396666667 1,007744846356839
0,3400000000 1,007740826393716
0,3403333333 1,007736806549139
0,3406666667 1,007732786823097
0,3410000000 1,007728767215578
0,3413333333 1,007724747726572
0,3416666667 1,007720728356065
0,3420000000 1,007716709104048
0,3423333333 1,007712689970507
0,3426666667 1,007708670955433
0,3430000000 1,007704652058814
0,3433333333 1,007700633280637
0,3436666667 1,007696614620891
0,3440000000 1,007692596079566
0,3443333333 1,007688577656650
0,3446666667 1,007684559352130
0,3450000000 1,007680541165996
0,3453333333 1,007676523098237
0,3456666667 1,007672505148840
0,3460000000 1,007668487317794
0,3463333333 1,007664469605089
0,3466666667 1,007660452010711
0,3470000000 1,007656434534651
0,3473333333 1,007652417176896
0,3476666667 1,007648399937435
0,3480000000 1,007644382816257
0,3483333333 1,007640365813350
0,3486666667 1,007636348928702
0,3490000000 1,007632332162303
0,3493333333 1,007628315514141
0,3496666667 1,007624298984204
0,3500000000 1,007620282572481
0,3503333333 1,007616266278960
0,3506666667 1,007612250103631
0,3510000000 1,007608234046481
0,3513333333 1,007604218107500
0,3516666667 1,007600202286675
0,3520000000 1,007596186583996
0,3523333333 1,007592170999451
0,3526666667 1,007588155533028
0,3530000000 1,007584140184716
0,3533333333 1,007580124954504
0,3536666667 1,007576109842381
0,3540000000 1,007572094848334
0,3543333333 1,007568079972353
0,3546666667 1,007564065214426
0,3550000000 1,007560050574541
0,3553333333 1,007556036052688
0,3556666667 1,007552021648855
0,3560000000 1,007548007363030
0,3563333333 1,007543993195202
0,3566666667 1,007539979145359
0,3570000000 1,007535965213491
0,3573333333 1,007531951399586
0,3576666667 1,007527937703632
0,3580000000 1,007523924125619
0,3583333333 1,007519910665534
0,3586666667 1,007515897323366
0,3590000000 1,007511884099104
0,3593333333 1,007507870992737
0,3596666667 1,007503858004253
0,3600000000 1,007499845133641
0,3603333333 1,007495832380889
0,3606666667 1,007491819745986
0,3610000000 1,007487807228921
0,3613333333 1,007483794829682
0,3616666667 1,007479782548258
0,3620000000 1,007475770384637
0,3623333333 1,007471758338808
0,3626666667 1,007467746410761
0,3630000000 1,007463734600482
0,3633333333 1,007459722907962
0,3636666667 1,007455711333189
0,3640000000 1,007451699876150
0,3643333333 1,007447688536836
0,3646666667 1,007443677315234
0,3650000000 1,007439666211334
0,3653333333 1,007435655225124
0,3656666667 1,007431644356592
0,3660000000 1,007427633605727
0,3663333333 1,007423622972518
0,3666666667 1,007419612456954
0,3670000000 1,007415602059023
0,3673333333 1,007411591778714
0,3676666667 1,007407581616015
0,3680000000 1,007403571570916
0,3683333333 1,007399561643404
0,3686666667 1,007395551833469
0,3690000000 1,007391542141099
0,3693333333 1,007387532566282
0,3696666667 1,007383523109009
0,3700000000 1,007379513769266
0,3703333333 1,007375504547043
0,3706666667 1,007371495442329
0,3710000000 1,007367486455112
0,3713333333 1,007363477585381
0,3716666667 1,007359468833124
0,3720000000 1,007355460198331
0,3723333333 1,007351451680990
0,3726666667 1,007347443281089
0,3730000000 1,007343434998618
0,3733333333 1,007339426833564
0,3736666667 1,007335418785918
0,3740000000 1,007331410855666
0,3743333333 1,007327403042799
0,3746666667 1,007323395347304
0,3750000000 1,007319387769172
0,3753333333 1,007315380308389
0,3756666667 1,007311372964945
0,3760000000 1,007307365738829
0,3763333333 1,007303358630028
0,3766666667 1,007299351638534
0,3770000000 1,007295344764332
0,3773333333 1,007291338007413
0,3776666667 1,007287331367766
0,3780000000 1,007283324845378
0,3783333333 1,007279318440239
0,3786666667 1,007275312152337
0,3790000000 1,007271305981661
0,3793333333 1,007267299928199
0,3796666667 1,007263293991942
0,3800000000 1,007259288172876
0,3803333333 1,007255282470992
0,3806666667 1,007251276886277
0,3810000000 1,007247271418720
0,3813333333 1,007243266068310
0,3816666667 1,007239260835037
0,3820000000 1,007235255718888
0,3823333333 1,007231250719852
0,3826666667 1,007227245837918
0,3830000000 1,007223241073075
0,3833333333 1,007219236425312
0,3836666667 1,007215231894617
0,3840000000 1,007211227480979
0,3843333333 1,007207223184387
0,3846666667 1,007203219004829
0,3850000000 1,007199214942295
0,3853333333 1,007195210996772
0,3856666667 1,007191207168251
0,3860000000 1,007187203456719
0,3863333333 1,007183199862165
0,3866666667 1,007179196384579
0,3870000000 1,007175193023948
0,3873333333 1,007171189780262
0,3876666667 1,007167186653509
0,3880000000 1,007163183643679
0,3883333333 1,007159180750759
0,3886666667 1,007155177974739
0,3890000000 1,007151175315608
0,3893333333 1,007147172773353
0,3896666667 1,007143170347965
0,3900000000 1,007139168039432
0,3903333333 1,007135165847742
0,3906666667 1,007131163772884
0,3910000000 1,007127161814848
0,3913333333 1,007123159973621
0,3916666667 1,007119158249194
0,3920000000 1,007115156641553
0,3923333333 1,007111155150690
0,3926666667 1,007107153776591
0,3930000000 1,007103152519246
0,3933333333 1,007099151378643
0,3936666667 1,007095150354773
0,3940000000 1,007091149447622
0,3943333333 1,007087148657181
0,3946666667 1,007083147983437
0,3950000000 1,007079147426380
0,3953333333 1,007075146985999
0,3956666667 1,007071146662282
0,3960000000 1,007067146455218
0,3963333333 1,007063146364796
0,3966666667 1,007059146391005
0,3970000000 1,007055146533833
0,3973333333 1,007051146793270
0,3976666667 1,007047147169303
0,3980000000 1,007043147661924
0,3983333333 1,007039148271118
0,3986666667 1,007035148996877
0,3990000000 1,007031149839188
0,3993333333 1,007027150798040
0,3996666667 1,007023151873422
0,4000000000 1,007019153065323
0,4003333333 1,007015154373733
0,4006666667 1,007011155798638
0,4010000000 1,007007157340029
0,4013333333 1,007003158997895
0,4016666667 1,006999160772224
0,4020000000 1,006995162663005
0,4023333333 1,006991164670226
0,4026666667 1,006987166793878
0,4030000000 1,006983169033948
0,4033333333 1,006979171390425
0,4036666667 1,006975173863298
0,4040000000 1,006971176452557
0,4043333333 1,006967179158189
0,4046666667 1,006963181980185
0,4050000000 1,006959184918532
0,4053333333 1,006955187973219
0,4056666667 1,006951191144236
0,4060000000 1,006947194431571
0,4063333333 1,006943197835213
0,4066666667 1,006939201355152
0,4070000000 1,006935204991375
0,4073333333 1,006931208743871
0,4076666667 1,006927212612631
0,4080000000 1,006923216597641
0,4083333333 1,006919220698893
0,4086666667 1,006915224916373
0,4090000000 1,006911229250072
0,4093333333 1,006907233699977
0,4096666667 1,006903238266078
0,4100000000 1,006899242948364
0,4103333333 1,006895247746824
0,4106666667 1,006891252661446
0,4110000000 1,006887257692219
0,4113333333 1,006883262839133
0,4116666667 1,006879268102176
0,4120000000 1,006875273481337
0,4123333333 1,006871278976605
0,4126666667 1,006867284587969
0,4130000000 1,006863290315418
0,4133333333 1,006859296158940
0,4136666667 1,006855302118525
0,4140000000 1,006851308194161
0,4143333333 1,006847314385838
0,4146666667 1,006843320693544
0,4150000000 1,006839327117268
0,4153333333 1,006835333657000
0,4156666667 1,006831340312727
0,4160000000 1,006827347084439
0,4163333333 1,006823353972125
0,4166666667 1,006819360975774
0,4170000000 1,006815368095375
0,4173333333 1,006811375330916
0,4176666667 1,006807382682387
0,4180000000 1,006803390149776
0,4183333333 1,006799397733073
0,4186666667 1,006795405432265
0,4190000000 1,006791413247343
0,4193333333 1,006787421178296
0,4196666667 1,006783429225111
0,4200000000 1,006779437387779
0,4203333333 1,006775445666287
0,4206666667 1,006771454060625
0,4210000000 1,006767462570783
0,4213333333 1,006763471196748
0,4216666667 1,006759479938510
0,4220000000 1,006755488796057
0,4223333333 1,006751497769379
0,4226666667 1,006747506858465
0,4230000000 1,006743516063303
0,4233333333 1,006739525383883
0,4236666667 1,006735534820193
0,4240000000 1,006731544372223
0,4243333333 1,006727554039961
0,4246666667 1,006723563823396
0,4250000000 1,006719573722518
0,4253333333 1,006715583737315
0,4256666667 1,006711593867776
0,4260000000 1,006707604113890
0,4263333333 1,006703614475646
0,4266666667 1,006699624953034
0,4270000000 1,006695635546041
0,4273333333 1,006691646254658
0,4276666667 1,006687657078873
0,4280000000 1,006683668018674
0,4283333333 1,006679679074052
0,4286666667 1,006675690244995
0,4290000000 1,006671701531491
0,4293333333 1,006667712933531
0,4296666667 1,006663724451102
0,4300000000 1,006659736084195
0,4303333333 1,006655747832797
0,4306666667 1,006651759696898
0,4310000000 1,006647771676487
0,4313333333 1,006643783771553
0,4316666667 1,006639795982085
0,4320000000 1,006635808308071
0,4323333333 1,006631820749502
0,4326666667 1,006627833306365
0,4330000000 1,006623845978651
0,4333333333 1,006619858766347
0,4336666667 1,006615871669443
0,4340000000 1,006611884687928
0,4343333333 1,006607897821790
0,4346666667 1,006603911071020
0,4350000000 1,006599924435606
0,4353333333 1,006595937915536
0,4356666667 1,006591951510801
0,4360000000 1,006587965221388
0,4363333333 1,006583979047288
0,4366666667 1,006579992988488
0,4370000000 1,006576007044979
0,4373333333 1,006572021216748
0,4376666667 1,006568035503786
0,4380000000 1,006564049906080
0,4383333333 1,006560064423621
0,4386666667 1,006556079056397
0,4390000000 1,006552093804397
0,4393333333 1,006548108667611
0,4396666667 1,006544123646026
0,4400000000 1,006540138739634
0,4403333333 1,006536153948421
0,4406666667 1,006532169272378
0,4410000000 1,006528184711493
0,4413333333 1,006524200265756
0,4416666667 1,006520215935155
0,4420000000 1,006516231719679
0,4423333333 1,006512247619319
0,4426666667 1,006508263634062
0,4430000000 1,006504279763898
0,4433333333 1,006500296008815
0,4436666667 1,006496312368804
0,4440000000 1,006492328843852
0,4443333333 1,006488345433950
0,4446666667 1,006484362139085
0,4450000000 1,006480378959247
0,4453333333 1,006476395894426
0,4456666667 1,006472412944609
0,4460000000 1,006468430109788
0,4463333333 1,006464447389949
0,4466666667 1,006460464785083
0,4470000000 1,006456482295178
0,4473333333 1,006452499920224
0,4476666667 1,006448517660210
0,4480000000 1,006444535515124
0,4483333333 1,006440553484956
0,4486666667 1,006436571569695
0,4490000000 1,006432589769330
0,4493333333 1,006428608083850
0,4496666667 1,006424626513244
0,4500000000 1,006420645057502
0,4503333333 1,006416663716611
0,4506666667 1,006412682490563
0,4510000000 1,006408701379344
0,4513333333 1,006404720382946
0,4516666667 1,006400739501355
0,4520000000 1,006396758734563
0,4523333333 1,006392778082558
0,4526666667 1,006388797545329
0,4530000000 1,006384817122865
0,4533333333 1,006380836815155
0,4536666667 1,006376856622188
0,4540000000 1,006372876543954
0,4543333333 1,006368896580441
0,4546666667 1,006364916731640
0,4550000000 1,006360936997537
0,4553333333 1,006356957378124
0,4556666667 1,006352977873389
0,4560000000 1,006348998483321
0,4563333333 1,006345019207909
0,4566666667 1,006341040047142
0,4570000000 1,006337061001010
0,4573333333 1,006333082069502
0,4576666667 1,006329103252606
0,4580000000 1,006325124550312
0,4583333333 1,006321145962610
0,4586666667 1,006317167489487
0,4590000000 1,006313189130934
0,4593333333 1,006309210886939
0,4596666667 1,006305232757491
0,4600000000 1,006301254742581
0,4603333333 1,006297276842196
0,4606666667 1,006293299056326
0,4610000000 1,006289321384960
0,4613333333 1,006285343828088
0,4616666667 1,006281366385698
0,4620000000 1,006277389057779
0,4623333333 1,006273411844321
0,4626666667 1,006269434745313
0,4630000000 1,006265457760744
0,4633333333 1,006261480890603
0,4636666667 1,006257504134880
0,4640000000 1,006253527493563
0,4643333333 1,006249550966642
0,4646666667 1,006245574554105
0,4650000000 1,006241598255943
0,4653333333 1,006237622072143
0,4656666667 1,006233646002696
0,4660000000 1,006229670047591
0,4663333333 1,006225694206816
0,4666666667 1,006221718480361
0,4670000000 1,006217742868215
0,4673333333 1,006213767370367
0,4676666667 1,006209791986806
0,4680000000 1,006205816717522
0,4683333333 1,006201841562504
0,4686666667 1,006197866521741
0,4690000000 1,006193891595221
0,4693333333 1,006189916782935
0,4696666667 1,006185942084872
0,4700000000 1,006181967501020
0,4703333333 1,006177993031369
0,4706666667 1,006174018675908
0,4710000000 1,006170044434626
0,4713333333 1,006166070307512
0,4716666667 1,006162096294557
0,4720000000 1,006158122395747
0,4723333333 1,006154148611075
0,4726666667 1,006150174940527
0,4730000000 1,006146201384093
0,4733333333 1,006142227941764
0,4736666667 1,006138254613527
0,4740000000 1,006134281399372
0,4743333333 1,006130308299289
0,4746666667 1,006126335313266
0,4750000000 1,006122362441292
0,4753333333 1,006118389683358
0,4756666667 1,006114417039451
0,4760000000 1,006110444509562
0,4763333333 1,006106472093680
0,4766666667 1,006102499791793
0,4770000000 1,006098527603892
0,4773333333 1,006094555529964
0,4776666667 1,006090583570001
0,4780000000 1,006086611723989
0,4783333333 1,006082639991920
0,4786666667 1,006078668373782
0,4790000000 1,006074696869564
0,4793333333 1,006070725479256
0,4796666667 1,006066754202847
0,4800000000 1,006062783040325
0,4803333333 1,006058811991682
0,4806666667 1,006054841056904
0,4810000000 1,006050870235983
0,4813333333 1,006046899528907
0,4816666667 1,006042928935665
0,4820000000 1,006038958456246
0,4823333333 1,006034988090641
0,4826666667 1,006031017838837
0,4830000000 1,006027047700825
0,4833333333 1,006023077676593
0,4836666667 1,006019107766132
0,4840000000 1,006015137969429
0,4843333333 1,006011168286475
0,4846666667 1,006007198717258
0,4850000000 1,006003229261768
0,4853333333 1,005999259919995
0,4856666667 1,005995290691926
0,4860000000 1,005991321577553
0,4863333333 1,005987352576863
0,4866666667 1,005983383689847
0,4870000000 1,005979414916493
0,4873333333 1,005975446256791
0,4876666667 1,005971477710731
0,4880000000 1,005967509278300
0,4883333333 1,005963540959489
0,4886666667 1,005959572754287
0,4890000000 1,005955604662683
0,4893333333 1,005951636684667
0,4896666667 1,005947668820227
0,4900000000 1,005943701069354
0,4903333333 1,005939733432035
0,4906666667 1,005935765908262
0,4910000000 1,005931798498022
0,4913333333 1,005927831201306
0,4916666667 1,005923864018102
0,4920000000 1,005919896948400
0,4923333333 1,005915929992189
0,4926666667 1,005911963149458
0,4930000000 1,005907996420197
0,4933333333 1,005904029804396
0,4936666667 1,005900063302042
0,4940000000 1,005896096913126
0,4943333333 1,005892130637637
0,4946666667 1,005888164475565
0,4950000000 1,005884198426898
0,4953333333 1,005880232491626
0,4956666667 1,005876266669738
0,4960000000 1,005872300961223
0,4963333333 1,005868335366072
0,4966666667 1,005864369884273
0,4970000000 1,005860404515815
0,4973333333 1,005856439260688
0,4976666667 1,005852474118881
0,4980000000 1,005848509090384
0,4983333333 1,005844544175185
0,4986666667 1,005840579373274
0,4990000000 1,005836614684641
0,4993333333 1,005832650109275
0,4996666667 1,005828685647165
0,5000000000 1,005824721298301
0,5003333333 1,005820757062671
0,5006666667 1,005816792940265
0,5010000000 1,005812828931073
0,5013333333 1,005808865035084
0,5016666667 1,005804901252287
0,5020000000 1,005800937582672
0,5023333333 1,005796974026227
0,5026666667 1,005793010582943
0,5030000000 1,005789047252808
0,5033333333 1,005785084035812
0,5036666667 1,005781120931945
0,5040000000 1,005777157941195
0,5043333333 1,005773195063552
0,5046666667 1,005769232299005
0,5050000000 1,005765269647545
0,5053333333 1,005761307109159
0,5056666667 1,005757344683838
0,5060000000 1,005753382371571
0,5063333333 1,005749420172347
0,5066666667 1,005745458086155
0,5070000000 1,005741496112986
0,5073333333 1,005737534252827
0,5076666667 1,005733572505670
0,5080000000 1,005729610871503
0,5083333333 1,005725649350315
0,5086666667 1,005721687942096
0,5090000000 1,005717726646835
0,5093333333 1,005713765464521
0,5096666667 1,005709804395145
0,5100000000 1,005705843438695
0,5103333333 1,005701882595161
0,5106666667 1,005697921864532
0,5110000000 1,005693961246797
0,5113333333 1,005690000741947
0,5116666667 1,005686040349970
0,5120000000 1,005682080070856
0,5123333333 1,005678119904593
0,5126666667 1,005674159851172
0,5130000000 1,005670199910583
0,5133333333 1,005666240082813
0,5136666667 1,005662280367853
0,5140000000 1,005658320765693
0,5143333333 1,005654361276321
0,5146666667 1,005650401899727
0,5150000000 1,005646442635900
0,5153333333 1,005642483484830
0,5156666667 1,005638524446506
0,5160000000 1,005634565520918
0,5163333333 1,005630606708055
0,5166666667 1,005626648007906
0,5170000000 1,005622689420462
0,5173333333 1,005618730945710
0,5176666667 1,005614772583641
0,5180000000 1,005610814334245
0,5183333333 1,005606856197510
0,5186666667 1,005602898173426
0,5190000000 1,005598940261982
0,5193333333 1,005594982463169
0,5196666667 1,005591024776974
0,5200000000 1,005587067203388
0,5203333333 1,005583109742401
0,5206666667 1,005579152394001
0,5210000000 1,005575195158178
0,5213333333 1,005571238034922
0,5216666667 1,005567281024222
0,5220000000 1,005563324126067
0,5223333333 1,005559367340446
0,5226666667 1,005555410667351
0,5230000000 1,005551454106769
0,5233333333 1,005547497658689
0,5236666667 1,005543541323103
0,5240000000 1,005539585099999
0,5243333333 1,005535628989366
0,5246666667 1,005531672991195
0,5250000000 1,005527717105473
0,5253333333 1,005523761332192
0,5256666667 1,005519805671340
0,5260000000 1,005515850122907
0,5263333333 1,005511894686882
0,5266666667 1,005507939363255
0,5270000000 1,005503984152015
0,5273333333 1,005500029053152
0,5276666667 1,005496074066655
0,5280000000 1,005492119192514
0,5283333333 1,005488164430718
0,5286666667 1,005484209781257
0,5290000000 1,005480255244120
0,5293333333 1,005476300819296
0,5296666667 1,005472346506775
0,5300000000 1,005468392306547
0,5303333333 1,005464438218601
0,5306666667 1,005460484242927
0,5310000000 1,005456530379513
0,5313333333 1,005452576628350
0,5316666667 1,005448622989427
0,5320000000 1,005444669462734
0,5323333333 1,005440716048259
0,5326666667 1,005436762745993
0,5330000000 1,005432809555925
0,5333333333 1,005428856478044
0,5336666667 1,005424903512340
0,5340000000 1,005420950658803
0,5343333333 1,005416997917422
0,5346666667 1,005413045288186
0,5350000000 1,005409092771086
0,5353333333 1,005405140366109
0,5356666667 1,005401188073247
0,5360000000 1,005397235892489
0,5363333333 1,005393283823823
0,5366666667 1,005389331867240
0,5370000000 1,005385380022729
0,5373333333 1,005381428290279
0,5376666667 1,005377476669881
0,5380000000 1,005373525161524
0,5383333333 1,005369573765196
0,5386666667 1,005365622480888
0,5390000000 1,005361671308590
0,5393333333 1,005357720248290
0,5396666667 1,005353769299978
0,5400000000 1,005349818463644
0,5403333333 1,005345867739278
0,5406666667 1,005341917126868
0,5410000000 1,005337966626405
0,5413333333 1,005334016237878
0,5416666667 1,005330065961276
0,5420000000 1,005326115796589
0,5423333333 1,005322165743807
0,5426666667 1,005318215802919
0,5430000000 1,005314265973915
0,5433333333 1,005310316256784
0,5436666667 1,005306366651515
0,5440000000 1,005302417158099
0,5443333333 1,005298467776525
0,5446666667 1,005294518506782
0,5450000000 1,005290569348860
0,5453333333 1,005286620302749
0,5456666667 1,005282671368437
0,5460000000 1,005278722545916
0,5463333333 1,005274773835173
0,5466666667 1,005270825236200
0,5470000000 1,005266876748984
0,5473333333 1,005262928373517
0,5476666667 1,005258980109787
0,5480000000 1,005255031957784
0,5483333333 1,005251083917498
0,5486666667 1,005247135988918
0,5490000000 1,005243188172033
0,5493333333 1,005239240466834
0,5496666667 1,005235292873310
0,5500000000 1,005231345391450
0,5503333333 1,005227398021245
0,5506666667 1,005223450762683
0,5510000000 1,005219503615754
0,5513333333 1,005215556580448
0,5516666667 1,005211609656755
0,5520000000 1,005207662844664
0,5523333333 1,005203716144164
0,5526666667 1,005199769555245
0,5530000000 1,005195823077897
0,5533333333 1,005191876712110
0,5536666667 1,005187930457872
0,5540000000 1,005183984315174
0,5543333333 1,005180038284005
0,5546666667 1,005176092364355
0,5550000000 1,005172146556213
0,5553333333 1,005168200859570
0,5556666667 1,005164255274413
0,5560000000 1,005160309800735
0,5563333333 1,005156364438522
0,5566666667 1,005152419187767
0,5570000000 1,005148474048457
0,5573333333 1,005144529020583
0,5576666667 1,005140584104134
0,5580000000 1,005136639299100
0,5583333333 1,005132694605470
0,5586666667 1,005128750023235
0,5590000000 1,005124805552383
0,5593333333 1,005120861192905
0,5596666667 1,005116916944789
0,5600000000 1,005112972808027
0,5603333333 1,005109028782606
0,5606666667 1,005105084868517
0,5610000000 1,005101141065750
0,5613333333 1,005097197374294
0,5616666667 1,005093253794139
0,5620000000 1,005089310325274
0,5623333333 1,005085366967689
0,5626666667 1,005081423721374
0,5630000000 1,005077480586318
0,5633333333 1,005073537562511
0,5636666667 1,005069594649942
0,5640000000 1,005065651848602
0,5643333333 1,005061709158480
0,5646666667 1,005057766579566
0,5650000000 1,005053824111848
0,5653333333 1,005049881755317
0,5656666667 1,005045939509963
0,5660000000 1,005041997375775
0,5663333333 1,005038055352743
0,5666666667 1,005034113440856
0,5670000000 1,005030171640104
0,5673333333 1,005026229950478
0,5676666667 1,005022288371965
0,5680000000 1,005018346904557
0,5683333333 1,005014405548242
0,5686666667 1,005010464303011
0,5690000000 1,005006523168853
0,5693333333 1,005002582145758
0,5696666667 1,004998641233716
0,5700000000 1,004994700432715
0,5703333333 1,004990759742746
0,5706666667 1,004986819163799
0,5710000000 1,004982878695863
0,5713333333 1,004978938338927
0,5716666667 1,004974998092983
0,5720000000 1,004971057958018
0,5723333333 1,004967117934023
0,5726666667 1,004963178020988
0,5730000000 1,004959238218902
0,5733333333 1,004955298527755
0,5736666667 1,004951358947537
0,5740000000 1,004947419478237
0,5743333333 1,004943480119845
0,5746666667 1,004939540872351
0,5750000000 1,004935601735744
0,5753333333 1,004931662710014
0,5756666667 1,004927723795152
0,5760000000 1,004923784991145
0,5763333333 1,004919846297985
0,5766666667 1,004915907715661
0,5770000000 1,004911969244162
0,5773333333 1,004908030883479
0,5776666667 1,004904092633601
0,5780000000 1,004900154494518
0,5783333333 1,004896216466219
0,5786666667 1,004892278548694
0,5790000000 1,004888340741933
0,5793333333 1,004884403045926
0,5796666667 1,004880465460662
0,5800000000 1,004876527986131
0,5803333333 1,004872590622323
0,5806666667 1,004868653369228
0,5810000000 1,004864716226835
0,5813333333 1,004860779195133
0,5816666667 1,004856842274114
0,5820000000 1,004852905463765
0,5823333333 1,004848968764078
0,5826666667 1,004845032175042
0,5830000000 1,004841095696647
0,5833333333 1,004837159328881
0,5836666667 1,004833223071736
0,5840000000 1,004829286925201
0,5843333333 1,004825350889265
0,5846666667 1,004821414963919
0,5850000000 1,004817479149151
0,5853333333 1,004813543444953
0,5856666667 1,004809607851313
0,5860000000 1,004805672368221
0,5863333333 1,004801736995667
0,5866666667 1,004797801733641
0,5870000000 1,004793866582133
0,5873333333 1,004789931541132
0,5876666667 1,004785996610628
0,5880000000 1,004782061790611
0,5883333333 1,004778127081070
0,5886666667 1,004774192481996
0,5890000000 1,004770257993377
0,5893333333 1,004766323615205
0,5896666667 1,004762389347468
0,5900000000 1,004758455190157
0,5903333333 1,004754521143261
0,5906666667 1,004750587206770
0,5910000000 1,004746653380673
0,5913333333 1,004742719664961
0,5916666667 1,004738786059623
0,5920000000 1,004734852564649
0,5923333333 1,004730919180029
0,5926666667 1,004726985905753
0,5930000000 1,004723052741810
0,5933333333 1,004719119688190
0,5936666667 1,004715186744883
0,5940000000 1,004711253911879
0,5943333333 1,004707321189167
0,5946666667 1,004703388576737
0,5950000000 1,004699456074580
0,5953333333 1,004695523682684
0,5956666667 1,004691591401041
0,5960000000 1,004687659229638
0,5963333333 1,004683727168467
0,5966666667 1,004679795217517
0,5970000000 1,004675863376778
0,5973333333 1,004671931646239
0,5976666667 1,004668000025891
0,5980000000 1,004664068515723
0,5983333333 1,004660137115725
0,5986666667 1,004656205825887
0,5990000000 1,004652274646199
0,5993333333 1,004648343576650
0,5996666667 1,004644412617231
0,6000000000 1,004640481767930
0,6003333333 1,004636551028739
0,6006666667 1,004632620399646
0,6010000000 1,004628689880642
0,6013333333 1,004624759471716
0,6016666667 1,004620829172858
0,6020000000 1,004616898984059
0,6023333333 1,004612968905307
0,6026666667 1,004609038936593
0,6030000000 1,004605109077906
0,6033333333 1,004601179329237
0,6036666667 1,004597249690575
0,6040000000 1,004593320161910
0,6043333333 1,004589390743232
0,6046666667 1,004585461434530
0,6050000000 1,004581532235795
0,6053333333 1,004577603147016
0,6056666667 1,004573674168183
0,6060000000 1,004569745299287
0,6063333333 1,004565816540316
0,6066666667 1,004561887891261
0,6070000000 1,004557959352111
0,6073333333 1,004554030922857
0,6076666667 1,004550102603488
0,6080000000 1,004546174393994
0,6083333333 1,004542246294365
0,6086666667 1,004538318304591
0,6090000000 1,004534390424661
0,6093333333 1,004530462654566
0,6096666667 1,004526534994295
0,6100000000 1,004522607443839
0,6103333333 1,004518680003186
0,6106666667 1,004514752672328
0,6110000000 1,004510825451253
0,6113333333 1,004506898339952
0,6116666667 1,004502971338415
0,6120000000 1,004499044446630
0,6123333333 1,004495117664590
0,6126666667 1,004491190992282
0,6130000000 1,004487264429697
0,6133333333 1,004483337976825
0,6136666667 1,004479411633656
0,6140000000 1,004475485400180
0,6143333333 1,004471559276386
0,6146666667 1,004467633262264
0,6150000000 1,004463707357805
0,6153333333 1,004459781562998
0,6156666667 1,004455855877833
0,6160000000 1,004451930302299
0,6163333333 1,004448004836388
0,6166666667 1,004444079480088
0,6170000000 1,004440154233390
0,6173333333 1,004436229096284
0,6176666667 1,004432304068759
0,6180000000 1,004428379150805
0,6183333333 1,004424454342412
0,6186666667 1,004420529643570
0,6190000000 1,004416605054270
0,6193333333 1,004412680574500
0,6196666667 1,004408756204251
0,6200000000 1,004404831943512
0,6203333333 1,004400907792275
0,6206666667 1,004396983750527
0,6210000000 1,004393059818260
0,6213333333 1,004389135995464
0,6216666667 1,004385212282128
0,6220000000 1,004381288678241
0,6223333333 1,004377365183795
0,6226666667 1,004373441798779
0,6230000000 1,004369518523183
0,6233333333 1,004365595356996
0,6236666667 1,004361672300209
0,6240000000 1,004357749352812
0,6243333333 1,004353826514794
0,6246666667 1,004349903786146
0,6250000000 1,004345981166858
0,6253333333 1,004342058656919
0,6256666667 1,004338136256318
0,6260000000 1,004334213965048
0,6263333333 1,004330291783096
0,6266666667 1,004326369710453
0,6270000000 1,004322447747110
0,6273333333 1,004318525893055
0,6276666667 1,004314604148280
0,6280000000 1,004310682512773
0,6283333333 1,004306760986525
0,6286666667 1,004302839569525
0,6290000000 1,004298918261765
0,6293333333 1,004294997063232
0,6296666667 1,004291075973919
0,6300000000 1,004287154993814
0,6303333333 1,004283234122907
0,6306666667 1,004279313361189
0,6310000000 1,004275392708649
0,6313333333 1,004271472165278
0,6316666667 1,004267551731065
0,6320000000 1,004263631406000
0,6323333333 1,004259711190073
0,6326666667 1,004255791083275
0,6330000000 1,004251871085594
0,6333333333 1,004247951197022
0,6336666667 1,004244031417548
0,6340000000 1,004240111747161
0,6343333333 1,004236192185853
0,6346666667 1,004232272733613
0,6350000000 1,004228353390430
0,6353333333 1,004224434156296
0,6356666667 1,004220515031199
0,6360000000 1,004216596015131
0,6363333333 1,004212677108080
0,6366666667 1,004208758310037
0,6370000000 1,004204839620992
0,6373333333 1,004200921040934
0,6376666667 1,004197002569854
0,6380000000 1,004193084207742
0,6383333333 1,004189165954588
0,6386666667 1,004185247810382
0,6390000000 1,004181329775113
0,6393333333 1,004177411848772
0,6396666667 1,004173494031348
0,6400000000 1,004169576322833
0,6403333333 1,004165658723215
0,6406666667 1,004161741232484
0,6410000000 1,004157823850632
0,6413333333 1,004153906577647
0,6416666667 1,004149989413520
0,6420000000 1,004146072358240
0,6423333333 1,004142155411798
0,6426666667 1,004138238574184
0,6430000000 1,004134321845388
0,6433333333 1,004130405225399
0,6436666667 1,004126488714208
0,6440000000 1,004122572311805
0,6443333333 1,004118656018180
0,6446666667 1,004114739833322
0,6450000000 1,004110823757222
0,6453333333 1,004106907789870
0,6456666667 1,004102991931256
0,6460000000 1,004099076181370
0,6463333333 1,004095160540201
0,6466666667 1,004091245007740
0,6470000000 1,004087329583978
0,6473333333 1,004083414268903
0,6476666667 1,004079499062506
0,6480000000 1,004075583964778
0,6483333333 1,004071668975707
0,6486666667 1,004067754095285
0,6490000000 1,004063839323500
0,6493333333 1,004059924660344
0,6496666667 1,004056010105806
0,6500000000 1,004052095659876
0,6503333333 1,004048181322544
0,6506666667 1,004044267093801
0,6510000000 1,004040352973636
0,6513333333 1,004036438962039
0,6516666667 1,004032525059001
0,6520000000 1,004028611264512
0,6523333333 1,004024697578561
0,6526666667 1,004020784001138
0,6530000000 1,004016870532234
0,6533333333 1,004012957171839
0,6536666667 1,004009043919943
0,6540000000 1,004005130776535
0,6543333333 1,004001217741607
0,6546666667 1,003997304815147
0,6550000000 1,003993391997146
0,6553333333 1,003989479287595
0,6556666667 1,003985566686482
0,6560000000 1,003981654193799
0,6563333333 1,003977741809535
0,6566666667 1,003973829533680
0,6570000000 1,003969917366224
0,6573333333 1,003966005307158
0,6576666667 1,003962093356472
0,6580000000 1,003958181514155
0,6583333333 1,003954269780198
0,6586666667 1,003950358154591
0,6590000000 1,003946446637324
0,6593333333 1,003942535228386
0,6596666667 1,003938623927769
0,6600000000 1,003934712735461
0,6603333333 1,003930801651454
0,6606666667 1,003926890675737
0,6610000000 1,003922979808301
0,6613333333 1,003919069049134
0,6616666667 1,003915158398229
0,6620000000 1,003911247855574
0,6623333333 1,003907337421160
0,6626666667 1,003903427094976
0,6630000000 1,003899516877014
0,6633333333 1,003895606767262
0,6636666667 1,003891696765712
0,6640000000 1,003887786872353
0,6643333333 1,003883877087175
0,6646666667 1,003879967410168
0,6650000000 1,003876057841323
0,6653333333 1,003872148380630
0,6656666667 1,003868239028079
0,6660000000 1,003864329783659
0,6663333333 1,003860420647361
0,6666666667 1,003856511619176
0,6670000000 1,003852602699092
0,6673333333 1,003848693887101
0,6676666667 1,003844785183192
0,6680000000 1,003840876587356
0,6683333333 1,003836968099583
0,6686666667 1,003833059719862
0,6690000000 1,003829151448185
0,6693333333 1,003825243284540
0,6696666667 1,003821335228918
0,6700000000 1,003817427281310
0,6703333333 1,003813519441705
0,6706666667 1,003809611710094
0,6710000000 1,003805704086466
0,6713333333 1,003801796570813
0,6716666667 1,003797889163123
0,6720000000 1,003793981863387
0,6723333333 1,003790074671596
0,6726666667 1,003786167587738
0,6730000000 1,003782260611806
0,6733333333 1,003778353743788
0,6736666667 1,003774446983675
0,6740000000 1,003770540331457
0,6743333333 1,003766633787123
0,6746666667 1,003762727350666
0,6750000000 1,003758821022073
0,6753333333 1,003754914801336
0,6756666667 1,003751008688445
0,6760000000 1,003747102683390
0,6763333333 1,003743196786160
0,6766666667 1,003739290996747
0,6770000000 1,003735385315140
0,6773333333 1,003731479741330
0,6776666667 1,003727574275306
0,6780000000 1,003723668917059
0,6783333333 1,003719763666579
0,6786666667 1,003715858523856
0,6790000000 1,003711953488880
0,6793333333 1,003708048561642
0,6796666667 1,003704143742132
0,6800000000 1,003700239030339
0,6803333333 1,003696334426254
0,6806666667 1,003692429929868
0,6810000000 1,003688525541169
0,6813333333 1,003684621260150
0,6816666667 1,003680717086799
0,6820000000 1,003676813021107
0,6823333333 1,003672909063063
0,6826666667 1,003669005212660
0,6830000000 1,003665101469885
0,6833333333 1,003661197834730
0,6836666667 1,003657294307185
0,6840000000 1,003653390887240
0,6843333333 1,003649487574886
0,6846666667 1,003645584370111
0,6850000000 1,003641681272907
0,6853333333 1,003637778283264
0,6856666667 1,003633875401172
0,6860000000 1,003629972626621
0,6863333333 1,003626069959601
0,6866666667 1,003622167400103
0,6870000000 1,003618264948117
0,6873333333 1,003614362603632
0,6876666667 1,003610460366640
0,6880000000 1,003606558237130
0,6883333333 1,003602656215093
0,6886666667 1,003598754300518
0,6890000000 1,003594852493397
0,6893333333 1,003590950793718
0,6896666667 1,003587049201473
0,6900000000 1,003583147716652
0,6903333333 1,003579246339245
0,6906666667 1,003575345069242
0,6910000000 1,003571443906632
0,6913333333 1,003567542851408
0,6916666667 1,003563641903558
0,6920000000 1,003559741063073
0,6923333333 1,003555840329944
0,6926666667 1,003551939704160
0,6930000000 1,003548039185711
0,6933333333 1,003544138774588
0,6936666667 1,003540238470782
0,6940000000 1,003536338274282
0,6943333333 1,003532438185078
0,6946666667 1,003528538203161
0,6950000000 1,003524638328521
0,6953333333 1,003520738561149
0,6956666667 1,003516838901034
0,6960000000 1,003512939348167
0,6963333333 1,003509039902537
0,6966666667 1,003505140564136
0,6970000000 1,003501241332954
0,6973333333 1,003497342208980
0,6976666667 1,003493443192206
0,6980000000 1,003489544282620
0,6983333333 1,003485645480214
0,6986666667 1,003481746784978
0,6990000000 1,003477848196902
0,6993333333 1,003473949715976
0,6996666667 1,003470051342190
0,7000000000 1,003466153075535
0,7003333333 1,003462254916002
0,7006666667 1,003458356863579
0,7010000000 1,003454458918259
0,7013333333 1,003450561080030
0,7016666667 1,003446663348883
0,7020000000 1,003442765724808
0,7023333333 1,003438868207796
0,7026666667 1,003434970797837
0,7030000000 1,003431073494922
0,7033333333 1,003427176299039
0,7036666667 1,003423279210181
0,7040000000 1,003419382228336
0,7043333333 1,003415485353495
0,7046666667 1,003411588585650
0,7050000000 1,003407691924789
0,7053333333 1,003403795370903
0,7056666667 1,003399898923982
0,7060000000 1,003396002584017
0,7063333333 1,003392106350998
0,7066666667 1,003388210224916
0,7070000000 1,003384314205760
0,7073333333 1,003380418293520
0,7076666667 1,003376522488188
0,7080000000 1,003372626789754
0,7083333333 1,003368731198207
0,7086666667 1,003364835713537
0,7090000000 1,003360940335737
0,7093333333 1,003357045064795
0,7096666667 1,003353149900702
0,7100000000 1,003349254843448
0,7103333333 1,003345359893023
0,7106666667 1,003341465049418
0,7110000000 1,003337570312624
0,7113333333 1,003333675682630
0,7116666667 1,003329781159426
0,7120000000 1,003325886743004
0,7123333333 1,003321992433353
0,7126666667 1,003318098230464
0,7130000000 1,003314204134326
0,7133333333 1,003310310144931
0,7136666667 1,003306416262269
0,7140000000 1,003302522486329
0,7143333333 1,003298628817103
0,7146666667 1,003294735254581
0,7150000000 1,003290841798752
0,7153333333 1,003286948449607
0,7156666667 1,003283055207137
0,7160000000 1,003279162071332
0,7163333333 1,003275269042182
0,7166666667 1,003271376119678
0,7170000000 1,003267483303810
0,7173333333 1,003263590594567
0,7176666667 1,003259697991942
0,7180000000 1,003255805495923
0,7183333333 1,003251913106501
0,7186666667 1,003248020823667
0,7190000000 1,003244128647411
0,7193333333 1,003240236577723
0,7196666667 1,003236344614594
0,7200000000 1,003232452758013
0,7203333333 1,003228561007972
0,7206666667 1,003224669364460
0,7210000000 1,003220777827469
0,7213333333 1,003216886396988
0,7216666667 1,003212995073007
0,7220000000 1,003209103855517
0,7223333333 1,003205212744509
0,7226666667 1,003201321739973
0,7230000000 1,003197430841898
0,7233333333 1,003193540050276
0,7236666667 1,003189649365097
0,7240000000 1,003185758786351
0,7243333333 1,003181868314029
0,7246666667 1,003177977948120
0,7250000000 1,003174087688616
0,7253333333 1,003170197535506
0,7256666667 1,003166307488782
0,7260000000 1,003162417548432
0,7263333333 1,003158527714449
0,7266666667 1,003154637986821
0,7270000000 1,003150748365540
0,7273333333 1,003146858850596
0,7276666667 1,003142969441980
0,7280000000 1,003139080139680
0,7283333333 1,003135190943689
0,7286666667 1,003131301853996
0,7290000000 1,003127412870592
0,7293333333 1,003123523993467
0,7296666667 1,003119635222612
0,7300000000 1,003115746558016
0,7303333333 1,003111857999671
0,7306666667 1,003107969547567
0,7310000000 1,003104081201693
0,7313333333 1,003100192962041
0,7316666667 1,003096304828601
0,7320000000 1,003092416801364
0,7323333333 1,003088528880318
0,7326666667 1,003084641065456
0,7330000000 1,003080753356768
0,7333333333 1,003076865754243
0,7336666667 1,003072978257873
0,7340000000 1,003069090867647
0,7343333333 1,003065203583556
0,7346666667 1,003061316405591
0,7350000000 1,003057429333742
0,7353333333 1,003053542367999
0,7356666667 1,003049655508353
0,7360000000 1,003045768754794
0,7363333333 1,003041882107312
0,7366666667 1,003037995565898
0,7370000000 1,003034109130543
0,7373333333 1,003030222801237
0,7376666667 1,003026336577969
0,7380000000 1,003022450460732
0,7383333333 1,003018564449514
0,7386666667 1,003014678544307
0,7390000000 1,003010792745101
0,7393333333 1,003006907051886
0,7396666667 1,003003021464653
0,7400000000 1,002999135983392
0,7403333333 1,002995250608094
0,7406666667 1,002991365338749
0,7410000000 1,002987480175347
0,7413333333 1,002983595117879
0,7416666667 1,002979710166336
0,7420000000 1,002975825320707
0,7423333333 1,002971940580984
0,7426666667 1,002968055947156
0,7430000000 1,002964171419214
0,7433333333 1,002960286997149
0,7436666667 1,002956402680951
0,7440000000 1,002952518470611
0,7443333333 1,002948634366118
0,7446666667 1,002944750367464
0,7450000000 1,002940866474638
0,7453333333 1,002936982687632
0,7456666667 1,002933099006435
0,7460000000 1,002929215431039
0,7463333333 1,002925331961433
0,7466666667 1,002921448597608
0,7470000000 1,002917565339555
0,7473333333 1,002913682187264
0,7476666667 1,002909799140725
0,7480000000 1,002905916199929
0,7483333333 1,002902033364867
0,7486666667 1,002898150635528
0,7490000000 1,002894268011904
0,7493333333 1,002890385493984
0,7496666667 1,002886503081760
0,7500000000 1,002882620775221
0,7503333333 1,002878738574359
0,7506666667 1,002874856479163
0,7510000000 1,002870974489625
0,7513333333 1,002867092605734
0,7516666667 1,002863210827481
0,7520000000 1,002859329154857
0,7523333333 1,002855447587852
0,7526666667 1,002851566126456
0,7530000000 1,002847684770660
0,7533333333 1,002843803520455
0,7536666667 1,002839922375831
0,7540000000 1,002836041336779
0,7543333333 1,002832160403288
0,7546666667 1,002828279575350
0,7550000000 1,002824398852955
0,7553333333 1,002820518236093
0,7556666667 1,002816637724755
0,7560000000 1,002812757318932
0,7563333333 1,002808877018613
0,7566666667 1,002804996823790
0,7570000000 1,002801116734453
0,7573333333 1,002797236750593
0,7576666667 1,002793356872199
0,7580000000 1,002789477099263
0,7583333333 1,002785597431775
0,7586666667 1,002781717869725
0,7590000000 1,002777838413105
0,7593333333 1,002773959061903
0,7596666667 1,002770079816112
0,7600000000 1,002766200675721
0,7603333333 1,002762321640722
0,7606666667 1,002758442711103
0,7610000000 1,002754563886857
0,7613333333 1,002750685167974
0,7616666667 1,002746806554443
0,7620000000 1,002742928046257
0,7623333333 1,002739049643404
0,7626666667 1,002735171345876
0,7630000000 1,002731293153663
0,7633333333 1,002727415066756
0,7636666667 1,002723537085145
0,7640000000 1,002719659208821
0,7643333333 1,002715781437775
0,7646666667 1,002711903771996
0,7650000000 1,002708026211475
0,7653333333 1,002704148756204
0,7656666667 1,002700271406172
0,7660000000 1,002696394161369
0,7663333333 1,002692517021788
0,7666666667 1,002688639987417
0,7670000000 1,002684763058248
0,7673333333 1,002680886234271
0,7676666667 1,002677009515477
0,7680000000 1,002673132901857
0,7683333333 1,002669256393399
0,7686666667 1,002665379990097
0,7690000000 1,002661503691939
0,7693333333 1,002657627498917
0,7696666667 1,002653751411020
0,7700000000 1,002649875428241
0,7703333333 1,002645999550568
0,7706666667 1,002642123777993
0,7710000000 1,002638248110506
0,7713333333 1,002634372548098
0,7716666667 1,002630497090759
0,7720000000 1,002626621738480
0,7723333333 1,002622746491252
0,7726666667 1,002618871349065
0,7730000000 1,002614996311909
0,7733333333 1,002611121379776
0,7736666667 1,002607246552655
0,7740000000 1,002603371830538
0,7743333333 1,002599497213414
0,7746666667 1,002595622701275
0,7750000000 1,002591748294111
0,7753333333 1,002587873991913
0,7756666667 1,002583999794670
0,7760000000 1,002580125702375
0,7763333333 1,002576251715017
0,7766666667 1,002572377832587
0,7770000000 1,002568504055075
0,7773333333 1,002564630382473
0,7776666667 1,002560756814770
0,7780000000 1,002556883351957
0,7783333333 1,002553009994026
0,7786666667 1,002549136740965
0,7790000000 1,002545263592767
0,7793333333 1,002541390549422
0,7796666667 1,002537517610919
0,7800000000 1,002533644777251
0,7803333333 1,002529772048407
0,7806666667 1,002525899424378
0,7810000000 1,002522026905155
0,7813333333 1,002518154490727
0,7816666667 1,002514282181087
0,7820000000 1,002510409976224
0,7823333333 1,002506537876129
0,7826666667 1,002502665880793
0,7830000000 1,002498793990206
0,7833333333 1,002494922204359
0,7836666667 1,002491050523243
0,7840000000 1,002487178946847
0,7843333333 1,002483307475163
0,7846666667 1,002479436108182
0,7850000000 1,002475564845893
0,7853333333 1,002471693688289
0,7856666667 1,002467822635358
0,7860000000 1,002463951687092
0,7863333333 1,002460080843481
0,7866666667 1,002456210104517
0,7870000000 1,002452339470189
0,7873333333 1,002448468940488
0,7876666667 1,002444598515405
0,7880000000 1,002440728194931
0,7883333333 1,002436857979056
0,7886666667 1,002432987867771
0,7890000000 1,002429117861067
0,7893333333 1,002425247958933
0,7896666667 1,002421378161361
0,7900000000 1,002417508468342
0,7903333333 1,002413638879865
0,7906666667 1,002409769395922
0,7910000000 1,002405900016503
0,7913333333 1,002402030741600
0,7916666667 1,002398161571201
0,7920000000 1,002394292505299
0,7923333333 1,002390423543884
0,7926666667 1,002386554686946
0,7930000000 1,002382685934477
0,7933333333 1,002378817286466
0,7936666667 1,002374948742905
0,7940000000 1,002371080303784
0,7943333333 1,002367211969093
0,7946666667 1,002363343738824
0,7950000000 1,002359475612967
0,7953333333 1,002355607591513
0,7956666667 1,002351739674452
0,7960000000 1,002347871861775
0,7963333333 1,002344004153473
0,7966666667 1,002340136549536
0,7970000000 1,002336269049956
0,7973333333 1,002332401654722
0,7976666667 1,002328534363825
0,7980000000 1,002324667177256
0,7983333333 1,002320800095006
0,7986666667 1,002316933117066
0,7990000000 1,002313066243425
0,7993333333 1,002309199474076
0,7996666667 1,002305332809008
0,8000000000 1,002301466248211
0,8003333333 1,002297599791678
0,8006666667 1,002293733439398
0,8010000000 1,002289867191362
0,8013333333 1,002286001047561
0,8016666667 1,002282135007985
0,8020000000 1,002278269072626
0,8023333333 1,002274403241473
0,8026666667 1,002270537514518
0,8030000000 1,002266671891752
0,8033333333 1,002262806373164
0,8036666667 1,002258940958746
0,8040000000 1,002255075648488
0,8043333333 1,002251210442381
0,8046666667 1,002247345340416
0,8050000000 1,002243480342583
0,8053333333 1,002239615448874
0,8056666667 1,002235750659278
0,8060000000 1,002231885973787
0,8063333333 1,002228021392391
0,8066666667 1,002224156915081
0,8070000000 1,002220292541847
0,8073333333 1,002216428272681
0,8076666667 1,002212564107573
0,8080000000 1,002208700046514
0,8083333333 1,002204836089494
0,8086666667 1,002200972236504
0,8090000000 1,002197108487536
0,8093333333 1,002193244842579
0,8096666667 1,002189381301624
0,8100000000 1,002185517864662
0,8103333333 1,002181654531684
0,8106666667 1,002177791302680
0,8110000000 1,002173928177642
0,8113333333 1,002170065156560
0,8116666667 1,002166202239424
0,8120000000 1,002162339426226
0,8123333333 1,002158476716955
0,8126666667 1,002154614111604
0,8130000000 1,002150751610162
0,8133333333 1,002146889212621
0,8136666667 1,002143026918970
0,8140000000 1,002139164729202
0,8143333333 1,002135302643305
0,8146666667 1,002131440661272
0,8150000000 1,002127578783093
0,8153333333 1,002123717008759
0,8156666667 1,002119855338260
0,8160000000 1,002115993771588
0,8163333333 1,002112132308732
0,8166666667 1,002108270949684
0,8170000000 1,002104409694435
0,8173333333 1,002100548542974
0,8176666667 1,002096687495294
0,8180000000 1,002092826551384
0,8183333333 1,002088965711236
0,8186666667 1,002085104974840
0,8190000000 1,002081244342187
0,8193333333 1,002077383813267
0,8196666667 1,002073523388072
0,8200000000 1,002069663066592
0,8203333333 1,002065802848818
0,8206666667 1,002061942734741
0,8210000000 1,002058082724352
0,8213333333 1,002054222817640
0,8216666667 1,002050363014598
0,8220000000 1,002046503315216
0,8223333333 1,002042643719484
0,8226666667 1,002038784227393
0,8230000000 1,002034924838935
0,8233333333 1,002031065554099
0,8236666667 1,002027206372877
0,8240000000 1,002023347295260
0,8243333333 1,002019488321237
0,8246666667 1,002015629450801
0,8250000000 1,002011770683941
0,8253333333 1,002007912020649
0,8256666667 1,002004053460915
0,8260000000 1,002000195004731
0,8263333333 1,001996336652086
0,8266666667 1,001992478402972
0,8270000000 1,001988620257379
0,8273333333 1,001984762215298
0,8276666667 1,001980904276721
0,8280000000 1,001977046441637
0,8283333333 1,001973188710039
0,8286666667 1,001969331081915
0,8290000000 1,001965473557257
0,8293333333 1,001961616136057
0,8296666667 1,001957758818304
0,8300000000 1,001953901603990
0,8303333333 1,001950044493106
0,8306666667 1,001946187485641
0,8310000000 1,001942330581588
0,8313333333 1,001938473780936
0,8316666667 1,001934617083677
0,8320000000 1,001930760489802
0,8323333333 1,001926903999300
0,8326666667 1,001923047612164
0,8330000000 1,001919191328383
0,8333333333 1,001915335147949
0,8336666667 1,001911479070853
0,8340000000 1,001907623097085
0,8343333333 1,001903767226635
0,8346666667 1,001899911459496
0,8350000000 1,001896055795658
0,8353333333 1,001892200235111
0,8356666667 1,001888344777846
0,8360000000 1,001884489423855
0,8363333333 1,001880634173127
0,8366666667 1,001876779025655
0,8370000000 1,001872923981428
0,8373333333 1,001869069040438
0,8376666667 1,001865214202675
0,8380000000 1,001861359468130
0,8383333333 1,001857504836794
0,8386666667 1,001853650308658
0,8390000000 1,001849795883712
0,8393333333 1,001845941561948
0,8396666667 1,001842087343357
0,8400000000 1,001838233227928
0,8403333333 1,001834379215654
0,8406666667 1,001830525306524
0,8410000000 1,001826671500530
0,8413333333 1,001822817797663
0,8416666667 1,001818964197913
0,8420000000 1,001815110701271
0,8423333333 1,001811257307728
0,8426666667 1,001807404017275
0,8430000000 1,001803550829903
0,8433333333 1,001799697745602
0,8436666667 1,001795844764364
0,8440000000 1,001791991886180
0,8443333333 1,001788139111039
0,8446666667 1,001784286438934
0,8450000000 1,001780433869854
0,8453333333 1,001776581403791
0,8456666667 1,001772729040736
0,8460000000 1,001768876780679
0,8463333333 1,001765024623611
0,8466666667 1,001761172569524
0,8470000000 1,001757320618408
0,8473333333 1,001753468770254
0,8476666667 1,001749617025052
0,8480000000 1,001745765382794
0,8483333333 1,001741913843471
0,8486666667 1,001738062407073
0,8490000000 1,001734211073592
0,8493333333 1,001730359843017
0,8496666667 1,001726508715341
0,8500000000 1,001722657690554
0,8503333333 1,001718806768646
0,8506666667 1,001714955949609
0,8510000000 1,001711105233434
0,8513333333 1,001707254620111
0,8516666667 1,001703404109631
0,8520000000 1,001699553701986
0,8523333333 1,001695703397165
0,8526666667 1,001691853195161
0,8530000000 1,001688003095964
0,8533333333 1,001684153099564
0,8536666667 1,001680303205953
0,8540000000 1,001676453415122
0,8543333333 1,001672603727061
0,8546666667 1,001668754141761
0,8550000000 1,001664904659213
0,8553333333 1,001661055279409
0,8556666667 1,001657206002339
0,8560000000 1,001653356827994
0,8563333333 1,001649507756364
0,8566666667 1,001645658787441
0,8570000000 1,001641809921216
0,8573333333 1,001637961157680
0,8576666667 1,001634112496823
0,8580000000 1,001630263938636
0,8583333333 1,001626415483111
0,8586666667 1,001622567130238
0,8590000000 1,001618718880008
0,8593333333 1,001614870732412
0,8596666667 1,001611022687440
0,8600000000 1,001607174745085
0,8603333333 1,001603326905337
0,8606666667 1,001599479168186
0,8610000000 1,001595631533624
0,8613333333 1,001591784001641
0,8616666667 1,001587936572229
0,8620000000 1,001584089245379
0,8623333333 1,001580242021080
0,8626666667 1,001576394899325
0,8630000000 1,001572547880104
0,8633333333 1,001568700963408
0,8636666667 1,001564854149228
0,8640000000 1,001561007437555
0,8643333333 1,001557160828380
0,8646666667 1,001553314321694
0,8650000000 1,001549467917487
0,8653333333 1,001545621615752
0,8656666667 1,001541775416478
0,8660000000 1,001537929319657
0,8663333333 1,001534083325278
0,8666666667 1,001530237433335
0,8670000000 1,001526391643817
0,8673333333 1,001522545956715
0,8676666667 1,001518700372021
0,8680000000 1,001514854889725
0,8683333333 1,001511009509818
0,8686666667 1,001507164232291
0,8690000000 1,001503319057136
0,8693333333 1,001499473984342
0,8696666667 1,001495629013901
0,8700000000 1,001491784145805
0,8703333333 1,001487939380043
0,8706666667 1,001484094716608
0,8710000000 1,001480250155489
0,8713333333 1,001476405696678
0,8716666667 1,001472561340165
0,8720000000 1,001468717085943
0,8723333333 1,001464872934001
0,8726666667 1,001461028884331
0,8730000000 1,001457184936923
0,8733333333 1,001453341091769
0,8736666667 1,001449497348860
0,8740000000 1,001445653708186
0,8743333333 1,001441810169739
0,8746666667 1,001437966733509
0,8750000000 1,001434123399488
0,8753333333 1,001430280167666
0,8756666667 1,001426437038034
0,8760000000 1,001422594010584
0,8763333333 1,001418751085307
0,8766666667 1,001414908262192
0,8770000000 1,001411065541233
0,8773333333 1,001407222922418
0,8776666667 1,001403380405740
0,8780000000 1,001399537991189
0,8783333333 1,001395695678756
0,8786666667 1,001391853468433
0,8790000000 1,001388011360210
0,8793333333 1,001384169354078
0,8796666667 1,001380327450028
0,8800000000 1,001376485648052
0,8803333333 1,001372643948140
0,8806666667 1,001368802350283
0,8810000000 1,001364960854473
0,8813333333 1,001361119460700
0,8816666667 1,001357278168954
0,8820000000 1,001353436979229
0,8823333333 1,001349595891513
0,8826666667 1,001345754905799
0,8830000000 1,001341914022077
0,8833333333 1,001338073240338
0,8836666667 1,001334232560574
0,8840000000 1,001330391982775
0,8843333333 1,001326551506932
0,8846666667 1,001322711133037
0,8850000000 1,001318870861079
0,8853333333 1,001315030691052
0,8856666667 1,001311190622944
0,8860000000 1,001307350656748
0,8863333333 1,001303510792455
0,8866666667 1,001299671030055
0,8870000000 1,001295831369539
0,8873333333 1,001291991810899
0,8876666667 1,001288152354125
0,8880000000 1,001284312999209
0,8883333333 1,001280473746141
0,8886666667 1,001276634594913
0,8890000000 1,001272795545515
0,8893333333 1,001268956597939
0,8896666667 1,001265117752176
0,8900000000 1,001261279008217
0,8903333333 1,001257440366052
0,8906666667 1,001253601825673
0,8910000000 1,001249763387071
0,8913333333 1,001245925050237
0,8916666667 1,001242086815161
0,8920000000 1,001238248681836
0,8923333333 1,001234410650251
0,8926666667 1,001230572720399
0,8930000000 1,001226734892269
0,8933333333 1,001222897165854
0,8936666667 1,001219059541144
0,8940000000 1,001215222018130
0,8943333333 1,001211384596803
0,8946666667 1,001207547277155
0,8950000000 1,001203710059176
0,8953333333 1,001199872942857
0,8956666667 1,001196035928190
0,8960000000 1,001192199015166
0,8963333333 1,001188362203775
0,8966666667 1,001184525494008
0,8970000000 1,001180688885858
0,8973333333 1,001176852379314
0,8976666667 1,001173015974368
0,8980000000 1,001169179671011
0,8983333333 1,001165343469233
0,8986666667 1,001161507369027
0,8990000000 1,001157671370383
0,8993333333 1,001153835473292
0,8996666667 1,001149999677745
0,9000000000 1,001146163983734
0,9003333333 1,001142328391249
0,9006666667 1,001138492900281
0,9010000000 1,001134657510822
0,9013333333 1,001130822222863
0,9016666667 1,001126987036394
0,9020000000 1,001123151951407
0,9023333333 1,001119316967893
0,9026666667 1,001115482085843
0,9030000000 1,001111647305248
0,9033333333 1,001107812626098
0,9036666667 1,001103978048386
0,9040000000 1,001100143572103
0,9043333333 1,001096309197238
0,9046666667 1,001092474923784
0,9050000000 1,001088640751732
0,9053333333 1,001084806681072
0,9056666667 1,001080972711796
0,9060000000 1,001077138843895
0,9063333333 1,001073305077360
0,9066666667 1,001069471412182
0,9070000000 1,001065637848351
0,9073333333 1,001061804385860
0,9076666667 1,001057971024700
0,9080000000 1,001054137764861
0,9083333333 1,001050304606334
0,9086666667 1,001046471549111
0,9090000000 1,001042638593182
0,9093333333 1,001038805738540
0,9096666667 1,001034972985174
0,9100000000 1,001031140333077
0,9103333333 1,001027307782238
0,9106666667 1,001023475332650
0,9110000000 1,001019642984303
0,9113333333 1,001015810737189
0,9116666667 1,001011978591298
0,9120000000 1,001008146546623
0,9123333333 1,001004314603152
0,9126666667 1,001000482760879
0,9130000000 1,000996651019795
0,9133333333 1,000992819379889
0,9136666667 1,000988987841153
0,9140000000 1,000985156403579
0,9143333333 1,000981325067158
0,9146666667 1,000977493831881
0,9150000000 1,000973662697738
0,9153333333 1,000969831664721
0,9156666667 1,000966000732821
0,9160000000 1,000962169902030
0,9163333333 1,000958339172338
0,9166666667 1,000954508543736
0,9170000000 1,000950678016217
0,9173333333 1,000946847589769
0,9176666667 1,000943017264386
0,9180000000 1,000939187040058
0,9183333333 1,000935356916776
0,9186666667 1,000931526894532
0,9190000000 1,000927696973316
0,9193333333 1,000923867153119
0,9196666667 1,000920037433934
0,9200000000 1,000916207815750
0,9203333333 1,000912378298559
0,9206666667 1,000908548882353
0,9210000000 1,000904719567122
0,9213333333 1,000900890352858
0,9216666667 1,000897061239551
0,9220000000 1,000893232227193
0,9223333333 1,000889403315775
0,9226666667 1,000885574505289
0,9230000000 1,000881745795724
0,9233333333 1,000877917187073
0,9236666667 1,000874088679327
0,9240000000 1,000870260272477
0,9243333333 1,000866431966513
0,9246666667 1,000862603761428
0,9250000000 1,000858775657212
0,9253333333 1,000854947653856
0,9256666667 1,000851119751352
0,9260000000 1,000847291949691
0,9263333333 1,000843464248864
0,9266666667 1,000839636648862
0,9270000000 1,000835809149677
0,9273333333 1,000831981751299
0,9276666667 1,000828154453719
0,9280000000 1,000824327256930
0,9283333333 1,000820500160921
0,9286666667 1,000816673165685
0,9290000000 1,000812846271212
0,9293333333 1,000809019477494
0,9296666667 1,000805192784521
0,9300000000 1,000801366192285
0,9303333333 1,000797539700778
0,9306666667 1,000793713309990
0,9310000000 1,000789887019912
0,9313333333 1,000786060830536
0,9316666667 1,000782234741853
0,9320000000 1,000778408753855
0,9323333333 1,000774582866531
0,9326666667 1,000770757079874
0,9330000000 1,000766931393875
0,9333333333 1,000763105808524
0,9336666667 1,000759280323813
0,9340000000 1,000755454939734
0,9343333333 1,000751629656278
0,9346666667 1,000747804473435
0,9350000000 1,000743979391196
0,9353333333 1,000740154409554
0,9356666667 1,000736329528500
0,9360000000 1,000732504748023
0,9363333333 1,000728680068117
0,9366666667 1,000724855488771
0,9370000000 1,000721031009978
0,9373333333 1,000717206631728
0,9376666667 1,000713382354012
0,9380000000 1,000709558176823
0,9383333333 1,000705734100150
0,9386666667 1,000701910123985
0,9390000000 1,000698086248320
0,9393333333 1,000694262473146
0,9396666667 1,000690438798453
0,9400000000 1,000686615224234
0,9403333333 1,000682791750479
0,9406666667 1,000678968377179
0,9410000000 1,000675145104326
0,9413333333 1,000671321931912
0,9416666667 1,000667498859926
0,9420000000 1,000663675888361
0,9423333333 1,000659853017208
0,9426666667 1,000656030246457
0,9430000000 1,000652207576101
0,9433333333 1,000648385006130
0,9436666667 1,000644562536536
0,9440000000 1,000640740167309
0,9443333333 1,000636917898442
0,9446666667 1,000633095729925
0,9450000000 1,000629273661750
0,9453333333 1,000625451693908
0,9456666667 1,000621629826389
0,9460000000 1,000617808059186
0,9463333333 1,000613986392290
0,9466666667 1,000610164825691
0,9470000000 1,000606343359381
0,9473333333 1,000602521993352
0,9476666667 1,000598700727594
0,9480000000 1,000594879562100
0,9483333333 1,000591058496859
0,9486666667 1,000587237531863
0,9490000000 1,000583416667104
0,9493333333 1,000579595902573
0,9496666667 1,000575775238262
0,9500000000 1,000571954674160
0,9503333333 1,000568134210260
0,9506666667 1,000564313846553
0,9510000000 1,000560493583030
0,9513333333 1,000556673419683
0,9516666667 1,000552853356502
0,9520000000 1,000549033393479
0,9523333333 1,000545213530606
0,9526666667 1,000541393767873
0,9530000000 1,000537574105271
0,9533333333 1,000533754542793
0,9536666667 1,000529935080429
0,9540000000 1,000526115718171
0,9543333333 1,000522296456009
0,9546666667 1,000518477293936
0,9550000000 1,000514658231942
0,9553333333 1,000510839270019
0,9556666667 1,000507020408157
0,9560000000 1,000503201646349
0,9563333333 1,000499382984586
0,9566666667 1,000495564422858
0,9570000000 1,000491745961158
0,9573333333 1,000487927599476
0,9576666667 1,000484109337803
0,9580000000 1,000480291176132
0,9583333333 1,000476473114453
0,9586666667 1,000472655152757
0,9590000000 1,000468837291036
0,9593333333 1,000465019529282
0,9596666667 1,000461201867485
0,9600000000 1,000457384305636
0,9603333333 1,000453566843728
0,9606666667 1,000449749481751
0,9610000000 1,000445932219697
0,9613333333 1,000442115057556
0,9616666667 1,000438297995321
0,9620000000 1,000434481032983
0,9623333333 1,000430664170532
0,9626666667 1,000426847407960
0,9630000000 1,000423030745259
0,9633333333 1,000419214182420
0,9636666667 1,000415397719434
0,9640000000 1,000411581356292
0,9643333333 1,000407765092986
0,9646666667 1,000403948929507
0,9650000000 1,000400132865846
0,9653333333 1,000396316901995
0,9656666667 1,000392501037945
0,9660000000 1,000388685273688
0,9663333333 1,000384869609214
0,9666666667 1,000381054044515
0,9670000000 1,000377238579582
0,9673333333 1,000373423214406
0,9676666667 1,000369607948980
0,9680000000 1,000365792783294
0,9683333333 1,000361977717340
0,9686666667 1,000358162751108
0,9690000000 1,000354347884591
0,9693333333 1,000350533117779
0,9696666667 1,000346718450664
0,9700000000 1,000342903883237
0,9703333333 1,000339089415490
0,9706666667 1,000335275047414
0,9710000000 1,000331460779000
0,9713333333 1,000327646610240
0,9716666667 1,000323832541124
0,9720000000 1,000320018571645
0,9723333333 1,000316204701794
0,9726666667 1,000312390931561
0,9730000000 1,000308577260939
0,9733333333 1,000304763689918
0,9736666667 1,000300950218490
0,9740000000 1,000297136846647
0,9743333333 1,000293323574379
0,9746666667 1,000289510401679
0,9750000000 1,000285697328536
0,9753333333 1,000281884354944
0,9756666667 1,000278071480892
0,9760000000 1,000274258706374
0,9763333333 1,000270446031378
0,9766666667 1,000266633455898
0,9770000000 1,000262820979925
0,9773333333 1,000259008603449
0,9776666667 1,000255196326463
0,9780000000 1,000251384148957
0,9783333333 1,000247572070924
0,9786666667 1,000243760092353
0,9790000000 1,000239948213238
0,9793333333 1,000236136433568
0,9796666667 1,000232324753336
0,9800000000 1,000228513172533
0,9803333333 1,000224701691150
0,9806666667 1,000220890309178
0,9810000000 1,000217079026609
0,9813333333 1,000213267843435
0,9816666667 1,000209456759647
0,9820000000 1,000205645775235
0,9823333333 1,000201834890192
0,9826666667 1,000198024104509
0,9830000000 1,000194213418177
0,9833333333 1,000190402831187
0,9836666667 1,000186592343532
0,9840000000 1,000182781955202
0,9843333333 1,000178971666188
0,9846666667 1,000175161476483
0,9850000000 1,000171351386077
0,9853333333 1,000167541394963
0,9856666667 1,000163731503130
0,9860000000 1,000159921710571
0,9863333333 1,000156112017278
0,9866666667 1,000152302423240
0,9870000000 1,000148492928451
0,9873333333 1,000144683532901
0,9876666667 1,000140874236582
0,9880000000 1,000137065039484
0,9883333333 1,000133255941601
0,9886666667 1,000129446942922
0,9890000000 1,000125638043439
0,9893333333 1,000121829243144
0,9896666667 1,000118020542028
0,9900000000 1,000114211940083
0,9903333333 1,000110403437299
0,9906666667 1,000106595033669
0,9910000000 1,000102786729184
0,9913333333 1,000098978523834
0,9916666667 1,000095170417613
0,9920000000 1,000091362410510
0,9923333333 1,000087554502517
0,9926666667 1,000083746693627
0,9930000000 1,000079938983830
0,9933333333 1,000076131373117
0,9936666667 1,000072323861480
0,9940000000 1,000068516448911
0,9943333333 1,000064709135401
0,9946666667 1,000060901920941
0,9950000000 1,000057094805522
0,9953333333 1,000053287789137
0,9956666667 1,000049480871777
0,9960000000 1,000045674053433
0,9963333333 1,000041867334095
0,9966666667 1,000038060713757
0,9970000000 1,000034254192410
0,9973333333 1,000030447770044
0,9976666667 1,000026641446651
0,9980000000 1,000022835222223
0,9983333333 1,000019029096751
0,9986666667 1,000015223070226
0,9990000000 1,000011417142640
0,9993333333 1,000007611313985
0,9996666667 1,000003805584252
