0.0000000000 -0.000450636946848
0.0003333333 0.000267415410796
0.0006666667 0.000534867137525
0.0010000000 0.000802353880714
0.0013333333 0.001069876051627
0.0016666667 0.001337433786939
0.0020000000 0.001605026953227
0.0023333333 0.001872655634385
0.0026666667 0.002140319794778
0.0030000000 0.002408019482413
0.0033333333 0.002675754687838
0.0036666667 0.002943525389407
0.0040000000 0.003211331634532
0.0043333333 0.003479173383905
0.0046666667 0.003747050700463
0.0050000000 0.004014963572426
0.0053333333 0.004282911983814
0.0056666667 0.004550895938365
0.0060000000 0.004818915475230
0.0063333333 0.005086970577138
0.0066666667 0.005355061240268
0.0070000000 0.005623187542861
0.0073333333 0.005891349398948
0.0076666667 0.006159546856929
0.0080000000 0.006427779912395
0.0083333333 0.006696048579400
0.0086666667 0.006964352874451
0.0090000000 0.007232692779452
0.0093333333 0.007501068313597
0.0096666667 0.007769479483768
0.0100000000 0.008037926334743
0.0103333333 0.008306408749622
0.0106666667 0.008574926922236
0.0110000000 0.008843480717330
0.0113333333 0.009112070165794
0.0116666667 0.009380695293453
0.0120000000 0.009649356113950
0.0123333333 0.009918052614901
0.0126666667 0.010186784811613
0.0130000000 0.010455552714466
0.0133333333 0.010724356333767
0.0136666667 0.010993195638732
0.0140000000 0.011262070670808
0.0143333333 0.011530981445913
0.0146666667 0.011799927959446
0.0150000000 0.012068910228173
0.0153333333 0.012337928195798
0.0156666667 0.012606981943642
0.0160000000 0.012876071466779
0.0163333333 0.013145196731684
0.0166666667 0.013414357777602
0.0170000000 0.013683554604397
0.0173333333 0.013952787220630
0.0176666667 0.014222055618064
0.0180000000 0.014491359844916
0.0183333333 0.014760699828704
0.0186666667 0.015030075674307
0.0190000000 0.015299487325354
0.0193333333 0.015568934777971
0.0196666667 0.015838418111644
0.0200000000 0.016107937231192
0.0203333333 0.016377492210065
0.0206666667 0.016647083059188
0.0210000000 0.016916709761550
0.0213333333 0.017186372327805
0.0216666667 0.017456070763757
0.0220000000 0.017725805088824
0.0223333333 0.017995575267764
0.0226666667 0.018265381373701
0.0230000000 0.018535223377538
0.0233333333 0.018805101256897
0.0236666667 0.019075015068485
0.0240000000 0.019344964794851
0.0243333333 0.019614950426147
0.0246666667 0.019884972017188
0.0250000000 0.020155029532391
0.0253333333 0.020425122984792
0.0256666667 0.020695252426602
0.0260000000 0.020965417767373
0.0263333333 0.021235619091338
0.0266666667 0.021505856423343
0.0270000000 0.021776129702975
0.0273333333 0.022046438961069
0.0276666667 0.022316784225220
0.0280000000 0.022587165478238
0.0283333333 0.022857582750219
0.0286666667 0.023128036014147
0.0290000000 0.023398525265839
0.0293333333 0.023669050600572
0.0296666667 0.023939611915583
0.0300000000 0.024210209291636
0.0303333333 0.024480842726144
0.0306666667 0.024751512193049
0.0310000000 0.025022217723604
0.0313333333 0.025292959320731
0.0316666667 0.025563736976986
0.0320000000 0.025834550665601
0.0323333333 0.026105400511310
0.0326666667 0.026376286426216
0.0330000000 0.026647208423065
0.0333333333 0.026918166530633
0.0336666667 0.027189160741538
0.0340000000 0.027460191074349
0.0343333333 0.027731257544206
0.0346666667 0.028002360122643
0.0350000000 0.028273498842849
0.0353333333 0.028544673728174
0.0356666667 0.028815884730815
0.0360000000 0.029087131896774
0.0363333333 0.029358415257948
0.0366666667 0.029629734757664
0.0370000000 0.029901090425510
0.0373333333 0.030172482310808
0.0376666667 0.030443910354029
0.0380000000 0.030715374604478
0.0383333333 0.030986875045385
0.0386666667 0.031258411727523
0.0390000000 0.031529984609999
0.0393333333 0.031801593696371
0.0396666667 0.032073239040128
0.0400000000 0.032344920592741
0.0403333333 0.032616638438220
0.0406666667 0.032888392478725
0.0410000000 0.033160182788896
0.0413333333 0.033432009403452
0.0416666667 0.033703872244620
0.0420000000 0.033975771375916
0.0423333333 0.034247706779934
0.0426666667 0.034519678480872
0.0430000000 0.034791686486972
0.0433333333 0.035063730788844
0.0436666667 0.035335811392702
0.0440000000 0.035607928329099
0.0443333333 0.035880081582843
0.0446666667 0.036152271162634
0.0450000000 0.036424497099764
0.0453333333 0.036696759356233
0.0456666667 0.036969057976554
0.0460000000 0.037241392952196
0.0463333333 0.037513764294998
0.0466666667 0.037786171988252
0.0470000000 0.038058616091162
0.0473333333 0.038331096537038
0.0476666667 0.038603613413567
0.0480000000 0.038876166661317
0.0483333333 0.039148756340438
0.0486666667 0.039421382400133
0.0490000000 0.039694044898334
0.0493333333 0.039966743829097
0.0496666667 0.040239479160069
0.0500000000 0.040512250954965
0.0503333333 0.040785059181449
0.0506666667 0.041057903847676
0.0510000000 0.041330784993380
0.0513333333 0.041603702614055
0.0516666667 0.041876656687584
0.0520000000 0.042149647238836
0.0523333333 0.042422674287444
0.0526666667 0.042695737827255
0.0530000000 0.042968837848970
0.0533333333 0.043241974391016
0.0536666667 0.043515147429575
0.0540000000 0.043788357007469
0.0543333333 0.044061603109054
0.0546666667 0.044334885726141
0.0550000000 0.044608204897229
0.0553333333 0.044881560622994
0.0556666667 0.045154952867596
0.0560000000 0.045428381717619
0.0563333333 0.045701847105021
0.0566666667 0.045975349085642
0.0570000000 0.046248887643429
0.0573333333 0.046522462771796
0.0576666667 0.046796074493880
0.0580000000 0.047069722821962
0.0583333333 0.047343407756204
0.0586666667 0.047617129319345
0.0590000000 0.047890887512654
0.0593333333 0.048164682291708
0.0596666667 0.048438513741612
0.0600000000 0.048712381809981
0.0603333333 0.048986286536030
0.0606666667 0.049260227922418
0.0610000000 0.049534205982698
0.0613333333 0.049808220682414
0.0616666667 0.050082272084081
0.0620000000 0.050356360134130
0.0623333333 0.050630484903199
0.0626666667 0.050904646363601
0.0630000000 0.051178844527669
0.0633333333 0.051453079389881
0.0636666667 0.051727350985442
0.0640000000 0.052001659299709
0.0643333333 0.052276004340669
0.0646666667 0.052550386102532
0.0650000000 0.052824804639213
0.0653333333 0.053099259906496
0.0656666667 0.053373751940991
0.0660000000 0.053648280739409
0.0663333333 0.053922846297935
0.0666666667 0.054197448658383
0.0670000000 0.054472087780749
0.0673333333 0.054746763712192
0.0676666667 0.055021476428065
0.0680000000 0.055296225959618
0.0683333333 0.055571012300157
0.0686666667 0.055845835462960
0.0690000000 0.056120695445217
0.0693333333 0.056395592266194
0.0696666667 0.056670525924873
0.0700000000 0.056945496445384
0.0703333333 0.057220503799189
0.0706666667 0.057495548019133
0.0710000000 0.057770629102308
0.0713333333 0.058045747074065
0.0716666667 0.058320901923562
0.0720000000 0.058596093653075
0.0723333333 0.058871322293671
0.0726666667 0.059146587824001
0.0730000000 0.059421890268767
0.0733333333 0.059697229623007
0.0736666667 0.059972605903729
0.0740000000 0.060248019115699
0.0743333333 0.060523469250387
0.0746666667 0.060798956351587
0.0750000000 0.061074480384092
0.0753333333 0.061350041402359
0.0756666667 0.061625639352482
0.0760000000 0.061901274298206
0.0763333333 0.062176946204630
0.0766666667 0.062452655086879
0.0770000000 0.062728400998086
0.0773333333 0.063004183877717
0.0776666667 0.063280003762286
0.0780000000 0.063555860688399
0.0783333333 0.063831754598387
0.0786666667 0.064107685562495
0.0790000000 0.064383653554291
0.0793333333 0.064659658597898
0.0796666667 0.064935700668545
0.0800000000 0.065211779780518
0.0803333333 0.065487895962973
0.0806666667 0.065764049232707
0.0810000000 0.066040239584248
0.0813333333 0.066316467000219
0.0816666667 0.066592731503206
0.0820000000 0.066869033112693
0.0823333333 0.067145371830110
0.0826666667 0.067421747636109
0.0830000000 0.067698160572054
0.0833333333 0.067974610630216
0.0836666667 0.068251097809461
0.0840000000 0.068527622145213
0.0843333333 0.068804183605783
0.0846666667 0.069080782250572
0.0850000000 0.069357418013664
0.0853333333 0.069634090967709
0.0856666667 0.069910801097475
0.0860000000 0.070187548399651
0.0863333333 0.070464332892047
0.0866666667 0.070741154586240
0.0870000000 0.071018013444616
0.0873333333 0.071294909579030
0.0876666667 0.071571842857591
0.0880000000 0.071848813383727
0.0883333333 0.072125821155065
0.0886666667 0.072402866139731
0.0890000000 0.072679948391488
0.0893333333 0.072957067862660
0.0896666667 0.073234224617693
0.0900000000 0.073511418612503
0.0903333333 0.073788649894519
0.0906666667 0.074065918445208
0.0910000000 0.074343224293094
0.0913333333 0.074620567428247
0.0916666667 0.074897947870329
0.0920000000 0.075175365605663
0.0923333333 0.075452820647858
0.0926666667 0.075730313024378
0.0930000000 0.076007842736518
0.0933333333 0.076285409756403
0.0936666667 0.076563014139186
0.0940000000 0.076840655851231
0.0943333333 0.077118334949716
0.0946666667 0.077396051377333
0.0950000000 0.077673805187827
0.0953333333 0.077951596379100
0.0956666667 0.078229424941804
0.0960000000 0.078507290912694
0.0963333333 0.078785194270221
0.0966666667 0.079063135031490
0.0970000000 0.079341113203036
0.0973333333 0.079619128800224
0.0976666667 0.079897181813246
0.0980000000 0.080175272272419
0.0983333333 0.080453400162304
0.0986666667 0.080731565525003
0.0990000000 0.081009768315231
0.0993333333 0.081288008567019
0.0996666667 0.081566286278898
0.1000000000 0.081844601490291
0.1003333333 0.082122954173536
0.1006666667 0.082401344347359
0.1010000000 0.082679772014815
0.1013333333 0.082958237178074
0.1016666667 0.083236739867090
0.1020000000 0.083515280068038
0.1023333333 0.083793857787852
0.1026666667 0.084072473038621
0.1030000000 0.084351125859644
0.1033333333 0.084629816182557
0.1036666667 0.084908544080776
0.1040000000 0.085187309548128
0.1043333333 0.085466112573605
0.1046666667 0.085744953163386
0.1050000000 0.086023831355297
0.1053333333 0.086302747125198
0.1056666667 0.086581700495805
0.1060000000 0.086860691463996
0.1063333333 0.087139720052568
0.1066666667 0.087418786237500
0.1070000000 0.087697890068706
0.1073333333 0.087977031524371
0.1076666667 0.088256210625040
0.1080000000 0.088535427361624
0.1083333333 0.088814681748497
0.1086666667 0.089093973825726
0.1090000000 0.089373303524558
0.1093333333 0.089652670930917
0.1096666667 0.089932076001606
0.1100000000 0.090211518771003
0.1103333333 0.090490999215679
0.1106666667 0.090770517394715
0.1110000000 0.091050073269261
0.1113333333 0.091329666861962
0.1116666667 0.091609298180103
0.1120000000 0.091888967222702
0.1123333333 0.092168674007690
0.1126666667 0.092448418563863
0.1130000000 0.092728200854539
0.1133333333 0.093008020901711
0.1136666667 0.093287878716941
0.1140000000 0.093567774317835
0.1143333333 0.093847707688966
0.1146666667 0.094127678854534
0.1150000000 0.094407687804868
0.1153333333 0.094687734583737
0.1156666667 0.094967819148575
0.1160000000 0.095247941548493
0.1163333333 0.095528101747352
0.1166666667 0.095808299805896
0.1170000000 0.096088535698424
0.1173333333 0.096368809439059
0.1176666667 0.096649121021665
0.1180000000 0.096929470490185
0.1183333333 0.097209857800064
0.1186666667 0.097490283001060
0.1190000000 0.097770746090890
0.1193333333 0.098051247049257
0.1196666667 0.098331785917952
0.1200000000 0.098612362691225
0.1203333333 0.098892977381929
0.1206666667 0.099173629964787
0.1210000000 0.099454320503128
0.1213333333 0.099735048972535
0.1216666667 0.100015815362069
0.1220000000 0.100296619736171
0.1223333333 0.100577462033212
0.1226666667 0.100858342301059
0.1230000000 0.101139260518500
0.1233333333 0.101420216753402
0.1236666667 0.101701210954177
0.1240000000 0.101982243144547
0.1243333333 0.102263313331918
0.1246666667 0.102544421521920
0.1250000000 0.102825567731943
0.1253333333 0.103106751959685
0.1256666667 0.103387974217748
0.1260000000 0.103669234503112
0.1263333333 0.103950532834203
0.1266666667 0.104231869227040
0.1270000000 0.104513243666835
0.1273333333 0.104794656178664
0.1276666667 0.105076106744379
0.1280000000 0.105357595400353
0.1283333333 0.105639122127493
0.1286666667 0.105920686972102
0.1290000000 0.106202289896888
0.1293333333 0.106483930942794
0.1296666667 0.106765610089290
0.1300000000 0.107047327374848
0.1303333333 0.107329082783723
0.1306666667 0.107610876324206
0.1310000000 0.107892708021823
0.1313333333 0.108174577862367
0.1316666667 0.108456485856721
0.1320000000 0.108738432028020
0.1323333333 0.109020416357395
0.1326666667 0.109302438879474
0.1330000000 0.109584499582227
0.1333333333 0.109866598486540
0.1336666667 0.110148735582527
0.1340000000 0.110430910906248
0.1343333333 0.110713124436177
0.1346666667 0.110995376186519
0.1350000000 0.111277666178673
0.1353333333 0.111559994403303
0.1356666667 0.111842360885331
0.1360000000 0.112124765603248
0.1363333333 0.112407208598225
0.1366666667 0.112689689850866
0.1370000000 0.112972209389150
0.1373333333 0.113254767211750
0.1376666667 0.113537363320380
0.1380000000 0.113819997723703
0.1383333333 0.114102670430926
0.1386666667 0.114385381460481
0.1390000000 0.114668130797563
0.1393333333 0.114950918477939
0.1396666667 0.115233744486731
0.1400000000 0.115516608823383
0.1403333333 0.115799511535143
0.1406666667 0.116082452590472
0.1410000000 0.116365432005569
0.1413333333 0.116648449792689
0.1416666667 0.116931505964347
0.1420000000 0.117214600521040
0.1423333333 0.117497733466600
0.1426666667 0.117780904827210
0.1430000000 0.118064114579180
0.1433333333 0.118347362756424
0.1436666667 0.118630649357174
0.1440000000 0.118913974389686
0.1443333333 0.119197337844784
0.1446666667 0.119480739755532
0.1450000000 0.119764180144297
0.1453333333 0.120047658959454
0.1456666667 0.120331176247534
0.1460000000 0.120614732020455
0.1463333333 0.120898326274682
0.1466666667 0.121181959020344
0.1470000000 0.121465630252276
0.1473333333 0.121749339988291
0.1476666667 0.122033088260234
0.1480000000 0.122316875023379
0.1483333333 0.122600700331725
0.1486666667 0.122884564155696
0.1490000000 0.123168466555935
0.1493333333 0.123452407479504
0.1496666667 0.123736386969655
0.1500000000 0.124020405003474
0.1503333333 0.124304461629002
0.1506666667 0.124588556826793
0.1510000000 0.124872690601080
0.1513333333 0.125156863006738
0.1516666667 0.125441073968524
0.1520000000 0.125725323560402
0.1523333333 0.126009611775462
0.1526666667 0.126293938594287
0.1530000000 0.126578304066075
0.1533333333 0.126862708173041
0.1536666667 0.127147150913751
0.1540000000 0.127431632319986
0.1543333333 0.127716152368870
0.1546666667 0.128000711099952
0.1550000000 0.128285308506065
0.1553333333 0.128569944593626
0.1556666667 0.128854619381332
0.1560000000 0.129139332857300
0.1563333333 0.129424085042030
0.1566666667 0.129708875945633
0.1570000000 0.129993705566696
0.1573333333 0.130278573919870
0.1576666667 0.130563480988606
0.1580000000 0.130848426826010
0.1583333333 0.131133411397449
0.1586666667 0.131418434742582
0.1590000000 0.131703496830597
0.1593333333 0.131988597716768
0.1596666667 0.132273737377836
0.1600000000 0.132558915824398
0.1603333333 0.132844133061092
0.1606666667 0.133129389094304
0.1610000000 0.133414683962958
0.1613333333 0.133700017631567
0.1616666667 0.133985390125725
0.1620000000 0.134270801464407
0.1623333333 0.134556251649255
0.1626666667 0.134841740664320
0.1630000000 0.135127268537522
0.1633333333 0.135412835287241
0.1636666667 0.135698440903091
0.1640000000 0.135984085386898
0.1643333333 0.136269768771872
0.1646666667 0.136555491035329
0.1650000000 0.136841252221801
0.1653333333 0.137127052300232
0.1656666667 0.137412891298435
0.1660000000 0.137698769234722
0.1663333333 0.137984686093577
0.1666666667 0.138270641889562
0.1670000000 0.138556636618221
0.1673333333 0.138842670328775
0.1676666667 0.139128742970974
0.1680000000 0.139414854587361
0.1683333333 0.139701005220189
0.1686666667 0.139987194790660
0.1690000000 0.140273423383517
0.1693333333 0.140559690955724
0.1696666667 0.140845997551202
0.1700000000 0.141132343152973
0.1703333333 0.141418727781075
0.1706666667 0.141705151439385
0.1710000000 0.141991614116608
0.1713333333 0.142278115857815
0.1716666667 0.142564656650892
0.1720000000 0.142851236513400
0.1723333333 0.143137855436515
0.1726666667 0.143424513426260
0.1730000000 0.143711210494637
0.1733333333 0.143997946677600
0.1736666667 0.144284721941378
0.1740000000 0.144571536320541
0.1743333333 0.144858389806991
0.1746666667 0.145145282418519
0.1750000000 0.145432214155466
0.1753333333 0.145719185037968
0.1756666667 0.146006195057424
0.1760000000 0.146293244235129
0.1763333333 0.146580332557888
0.1766666667 0.146867460063886
0.1770000000 0.147154626724780
0.1773333333 0.147441832596119
0.1776666667 0.147729077633071
0.1780000000 0.148016361886187
0.1783333333 0.148303685327770
0.1786666667 0.148591047988670
0.1790000000 0.148878449879207
0.1793333333 0.149165890987704
0.1796666667 0.149453371331691
0.1800000000 0.149740890922906
0.1803333333 0.150028449766506
0.1806666667 0.150316047870664
0.1810000000 0.150603685237313
0.1813333333 0.150891361879093
0.1816666667 0.151179077803444
0.1820000000 0.151466833025498
0.1823333333 0.151754627540795
0.1826666667 0.152042461348732
0.1830000000 0.152330334474629
0.1833333333 0.152618246924920
0.1836666667 0.152906198711082
0.1840000000 0.153194189831447
0.1843333333 0.153482220275518
0.1846666667 0.153770290099245
0.1850000000 0.154058399258689
0.1853333333 0.154346547802107
0.1856666667 0.154634735699057
0.1860000000 0.154922963001524
0.1863333333 0.155211229676626
0.1866666667 0.155499535752990
0.1870000000 0.155787881241749
0.1873333333 0.156076266137789
0.1876666667 0.156364690461703
0.1880000000 0.156653154194153
0.1883333333 0.156941657386571
0.1886666667 0.157230200006603
0.1890000000 0.157518782083972
0.1893333333 0.157807403622944
0.1896666667 0.158096064627834
0.1900000000 0.158384765102965
0.1903333333 0.158673505061179
0.1906666667 0.158962284508345
0.1910000000 0.159251103462503
0.1913333333 0.159539961915533
0.1916666667 0.159828859884568
0.1920000000 0.160117797375107
0.1923333333 0.160406774390586
0.1926666667 0.160695790947512
0.1930000000 0.160984847054450
0.1933333333 0.161273942699961
0.1936666667 0.161563077918956
0.1940000000 0.161852252695292
0.1943333333 0.162141467050825
0.1946666667 0.162430720988868
0.1950000000 0.162720014517134
0.1953333333 0.163009347649254
0.1956666667 0.163298720381870
0.1960000000 0.163588132731003
0.1963333333 0.163877584706927
0.1966666667 0.164167076307441
0.1970000000 0.164456607548161
0.1973333333 0.164746178436084
0.1976666667 0.165035788975160
0.1980000000 0.165325439182458
0.1983333333 0.165615129054967
0.1986666667 0.165904858596114
0.1990000000 0.166194627818791
0.1993333333 0.166484436758224
0.1996666667 0.166774285379607
0.2000000000 0.167064173721481
0.2003333333 0.167354101763723
0.2006666667 0.167644069534952
0.2010000000 0.167934077036669
0.2013333333 0.168224124281606
0.2016666667 0.168514211271252
0.2020000000 0.168804338016738
0.2023333333 0.169094504532110
0.2026666667 0.169384710802431
0.2030000000 0.169674956872305
0.2033333333 0.169965242717454
0.2036666667 0.170255568357480
0.2040000000 0.170545933796933
0.2043333333 0.170836339052622
0.2046666667 0.171126784118387
0.2050000000 0.171417269017586
0.2053333333 0.171707793748244
0.2056666667 0.171998358313685
0.2060000000 0.172288962740491
0.2063333333 0.172579607022221
0.2066666667 0.172870291161603
0.2070000000 0.173161015181633
0.2073333333 0.173451779070382
0.2076666667 0.173742582852974
0.2080000000 0.174033426527118
0.2083333333 0.174324310124240
0.2086666667 0.174615233617854
0.2090000000 0.174906197038573
0.2093333333 0.175197200386904
0.2096666667 0.175488243670916
0.2100000000 0.175779326902953
0.2103333333 0.176070450075747
0.2106666667 0.176361613217498
0.2110000000 0.176652816320308
0.2113333333 0.176944059397632
0.2116666667 0.177235342465286
0.2120000000 0.177526665527762
0.2123333333 0.177818028584810
0.2126666667 0.178109431649459
0.2130000000 0.178400874727937
0.2133333333 0.178692357831658
0.2136666667 0.178983880958261
0.2140000000 0.179275444125611
0.2143333333 0.179567047343447
0.2146666667 0.179858690619328
0.2150000000 0.180150373955804
0.2153333333 0.180442097365369
0.2156666667 0.180733860847255
0.2160000000 0.181025664419843
0.2163333333 0.181317508083454
0.2166666667 0.181609391852653
0.2170000000 0.181901315729784
0.2173333333 0.182193279735460
0.2176666667 0.182485283857839
0.2180000000 0.182777328113907
0.2183333333 0.183069412511739
0.2186666667 0.183361537061227
0.2190000000 0.183653701778703
0.2193333333 0.183945906650259
0.2196666667 0.184238151701923
0.2200000000 0.184530436929524
0.2203333333 0.184822762350529
0.2206666667 0.185115127972861
0.2210000000 0.185407533803091
0.2213333333 0.185699979844985
0.2216666667 0.185992466104026
0.2220000000 0.186284992589979
0.2223333333 0.186577559323307
0.2226666667 0.186870166301093
0.2230000000 0.187162813536127
0.2233333333 0.187455501027905
0.2236666667 0.187748228789502
0.2240000000 0.188040996826395
0.2243333333 0.188333805150937
0.2246666667 0.188626653775295
0.2250000000 0.188919542699341
0.2253333333 0.189212471933470
0.2256666667 0.189505441482426
0.2260000000 0.189798451361331
0.2263333333 0.190091501576382
0.2266666667 0.190384592132191
0.2270000000 0.190677723031268
0.2273333333 0.190970894295971
0.2276666667 0.191264105924607
0.2280000000 0.191557357925683
0.2283333333 0.191850650315509
0.2286666667 0.192143983084863
0.2290000000 0.192437356264008
0.2293333333 0.192730769847012
0.2296666667 0.193024223839714
0.2300000000 0.193317718262997
0.2303333333 0.193611253117042
0.2306666667 0.193904828407030
0.2310000000 0.194198444140549
0.2313333333 0.194492100334982
0.2316666667 0.194785796982369
0.2320000000 0.195079534115955
0.2323333333 0.195373311727040
0.2326666667 0.195667129806125
0.2330000000 0.195960988391399
0.2333333333 0.196254887495003
0.2336666667 0.196548827079965
0.2340000000 0.196842807221043
0.2343333333 0.197136827861187
0.2346666667 0.197430889052119
0.2350000000 0.197724990783935
0.2353333333 0.198019133055131
0.2356666667 0.198313315913309
0.2360000000 0.198607539318230
0.2363333333 0.198901803297651
0.2366666667 0.199196107879355
0.2370000000 0.199490453040168
0.2373333333 0.199784838806267
0.2376666667 0.200079265182690
0.2380000000 0.200373732167812
0.2383333333 0.200668239790633
0.2386666667 0.200962788038667
0.2390000000 0.201257376927653
0.2393333333 0.201552006475608
0.2396666667 0.201846676669502
0.2400000000 0.202141387535134
0.2403333333 0.202436139079065
0.2406666667 0.202730931291111
0.2410000000 0.203025764206391
0.2413333333 0.203320637818051
0.2416666667 0.203615552133799
0.2420000000 0.203910507159464
0.2423333333 0.204205502913641
0.2426666667 0.204500539403350
0.2430000000 0.204795616628677
0.2433333333 0.205090734598755
0.2436666667 0.205385893330876
0.2440000000 0.205681092818603
0.2443333333 0.205976333083715
0.2446666667 0.206271614125259
0.2450000000 0.206566935959265
0.2453333333 0.206862298585181
0.2456666667 0.207157702023718
0.2460000000 0.207453146263587
0.2463333333 0.207748631334758
0.2466666667 0.208044157231024
0.2470000000 0.208339723960690
0.2473333333 0.208635331546958
0.2476666667 0.208930979980463
0.2480000000 0.209226669275895
0.2483333333 0.209522399443521
0.2486666667 0.209818170492044
0.2490000000 0.210113982420741
0.2493333333 0.210409835248811
0.2496666667 0.210705728974270
0.2500000000 0.211001663617185
0.2503333333 0.211297639178148
0.2506666667 0.211593655666829
0.2510000000 0.211889713100664
0.2513333333 0.212185811465345
0.2516666667 0.212481950790569
0.2520000000 0.212778131079056
0.2523333333 0.213074352327753
0.2526666667 0.213370614554110
0.2530000000 0.213666917774102
0.2533333333 0.213963261983044
0.2536666667 0.214259647191848
0.2540000000 0.214556073426540
0.2543333333 0.214852540658931
0.2546666667 0.215149048925288
0.2550000000 0.215445598228267
0.2553333333 0.215742188580534
0.2556666667 0.216038819982917
0.2560000000 0.216335492441039
0.2563333333 0.216632205970070
0.2566666667 0.216928960569997
0.2570000000 0.217225756261969
0.2573333333 0.217522593046127
0.2576666667 0.217819470927819
0.2580000000 0.218116389928378
0.2583333333 0.218413350031818
0.2586666667 0.218710351268680
0.2590000000 0.219007393646940
0.2593333333 0.219304477158778
0.2596666667 0.219601601828125
0.2600000000 0.219898767653725
0.2603333333 0.220195974650435
0.2606666667 0.220493222821974
0.2610000000 0.220790512175803
0.2613333333 0.221087842730504
0.2616666667 0.221385214474070
0.2620000000 0.221682627433301
0.2623333333 0.221980081612517
0.2626666667 0.222277577022003
0.2630000000 0.222575113659187
0.2633333333 0.222872691538634
0.2636666667 0.223170310675100
0.2640000000 0.223467971067604
0.2643333333 0.223765672728117
0.2646666667 0.224063415668420
0.2650000000 0.224361199889657
0.2653333333 0.224659025403183
0.2656666667 0.224956892217322
0.2660000000 0.225254800344081
0.2663333333 0.225552749789411
0.2666666667 0.225850740563638
0.2670000000 0.226148772666464
0.2673333333 0.226446846119184
0.2676666667 0.226744960910169
0.2680000000 0.227043117074550
0.2683333333 0.227341314609638
0.2686666667 0.227639553520195
0.2690000000 0.227937833809913
0.2693333333 0.228236155487411
0.2696666667 0.228534518583504
0.2700000000 0.228832923083831
0.2703333333 0.229131368996066
0.2706666667 0.229429856339647
0.2710000000 0.229728385116683
0.2713333333 0.230026955346910
0.2716666667 0.230325567019396
0.2720000000 0.230624220157878
0.2723333333 0.230922914764629
0.2726666667 0.231221650853217
0.2730000000 0.231520428420320
0.2733333333 0.231819247487212
0.2736666667 0.232118108049563
0.2740000000 0.232417010139557
0.2743333333 0.232715953731508
0.2746666667 0.233014938862532
0.2750000000 0.233313965532935
0.2753333333 0.233613033733324
0.2756666667 0.233912143501844
0.2760000000 0.234211294819907
0.2763333333 0.234510487727069
0.2766666667 0.234809722191375
0.2770000000 0.235108998256296
0.2773333333 0.235408315922819
0.2776666667 0.235707675187441
0.2780000000 0.236007076058529
0.2783333333 0.236306518554316
0.2786666667 0.236606002683240
0.2790000000 0.236905528462597
0.2793333333 0.237205095862602
0.2796666667 0.237504704935725
0.2800000000 0.237804355664740
0.2803333333 0.238104048063290
0.2806666667 0.238403782149546
0.2810000000 0.238703557929333
0.2813333333 0.239003375401078
0.2816666667 0.239303234581482
0.2820000000 0.239603135476057
0.2823333333 0.239903078095726
0.2826666667 0.240203062439685
0.2830000000 0.240503088535503
0.2833333333 0.240803156370455
0.2836666667 0.241103265962926
0.2840000000 0.241403417327169
0.2843333333 0.241703610465841
0.2846666667 0.242003845378394
0.2850000000 0.242304122089348
0.2853333333 0.242604440600448
0.2856666667 0.242904800920466
0.2860000000 0.243205203056693
0.2863333333 0.243505647015235
0.2866666667 0.243806132816118
0.2870000000 0.244106660458351
0.2873333333 0.244407229941440
0.2876666667 0.244707841291537
0.2880000000 0.245008494513699
0.2883333333 0.245309189608023
0.2886666667 0.245609926587091
0.2890000000 0.245910705467358
0.2893333333 0.246211526241616
0.2896666667 0.246512388926783
0.2900000000 0.246813293537230
0.2903333333 0.247114240084249
0.2906666667 0.247415228554856
0.2910000000 0.247716258977669
0.2913333333 0.248017331350252
0.2916666667 0.248318445687450
0.2920000000 0.248619602002027
0.2923333333 0.248920800286645
0.2926666667 0.249222040562362
0.2930000000 0.249523322845564
0.2933333333 0.249824647122448
0.2936666667 0.250126013418572
0.2940000000 0.250427421735485
0.2943333333 0.250728872086678
0.2946666667 0.251030364480093
0.2950000000 0.251331898917808
0.2953333333 0.251633475408323
0.2956666667 0.251935093982098
0.2960000000 0.252236754620473
0.2963333333 0.252538457340698
0.2966666667 0.252840202150172
0.2970000000 0.253141989063030
0.2973333333 0.253443818087422
0.2976666667 0.253745689228757
0.2980000000 0.254047602498412
0.2983333333 0.254349557899071
0.2986666667 0.254651555449310
0.2990000000 0.254953595153898
0.2993333333 0.255255677006105
0.2996666667 0.255557801043577
0.3000000000 0.255859967255634
0.3003333333 0.256162175651032
0.3006666667 0.256464426245899
0.3010000000 0.256766719047882
0.3013333333 0.257069054059200
0.3016666667 0.257371431285413
0.3020000000 0.257673850758093
0.3023333333 0.257976312461470
0.3026666667 0.258278816413436
0.3030000000 0.258581362622588
0.3033333333 0.258883951098177
0.3036666667 0.259186581844654
0.3040000000 0.259489254875258
0.3043333333 0.259791970196328
0.3046666667 0.260094727822629
0.3050000000 0.260397527756084
0.3053333333 0.260700370008138
0.3056666667 0.261003254585398
0.3060000000 0.261306181495907
0.3063333333 0.261609150747746
0.3066666667 0.261912162363163
0.3070000000 0.262215216338670
0.3073333333 0.262518312673792
0.3076666667 0.262821451395699
0.3080000000 0.263124632501014
0.3083333333 0.263427856000848
0.3086666667 0.263731121907941
0.3090000000 0.264034430238091
0.3093333333 0.264337780981738
0.3096666667 0.264641174154261
0.3100000000 0.264944609777435
0.3103333333 0.265248087841084
0.3106666667 0.265551608361334
0.3110000000 0.265855171359189
0.3113333333 0.266158776819723
0.3116666667 0.266462424774021
0.3120000000 0.266766115214187
0.3123333333 0.267069848157841
0.3126666667 0.267373623612379
0.3130000000 0.267677441586449
0.3133333333 0.267981302085389
0.3136666667 0.268285205126019
0.3140000000 0.268589150707439
0.3143333333 0.268893138845220
0.3146666667 0.269197169543800
0.3150000000 0.269501242815567
0.3153333333 0.269805358672302
0.3156666667 0.270109517112090
0.3160000000 0.270413718155900
0.3163333333 0.270717961809197
0.3166666667 0.271022248071583
0.3170000000 0.271326576966567
0.3173333333 0.271630948485216
0.3176666667 0.271935362655703
0.3180000000 0.272239819473151
0.3183333333 0.272544318953171
0.3186666667 0.272848861094426
0.3190000000 0.273153445922595
0.3193333333 0.273458073435832
0.3196666667 0.273762743643059
0.3200000000 0.274067456556093
0.3203333333 0.274372212180122
0.3206666667 0.274677010523167
0.3210000000 0.274981851608445
0.3213333333 0.275286735427991
0.3216666667 0.275591661996912
0.3220000000 0.275896631320473
0.3223333333 0.276201643408972
0.3226666667 0.276506698277127
0.3230000000 0.276811795928839
0.3233333333 0.277116936373752
0.3236666667 0.277422119615129
0.3240000000 0.277727345678604
0.3243333333 0.278032614556131
0.3246666667 0.278337926264128
0.3250000000 0.278643280806405
0.3253333333 0.278948678193311
0.3256666667 0.279254118449509
0.3260000000 0.279559601547382
0.3263333333 0.279865127538498
0.3266666667 0.280170696408330
0.3270000000 0.280476308165475
0.3273333333 0.280781962816560
0.3276666667 0.281087660385161
0.3280000000 0.281393400868974
0.3283333333 0.281699184282315
0.3286666667 0.282005010634484
0.3290000000 0.282310879924470
0.3293333333 0.282616792169591
0.3296666667 0.282922747381492
0.3300000000 0.283228745558594
0.3303333333 0.283534786713862
0.3306666667 0.283840870870039
0.3310000000 0.284146998020936
0.3313333333 0.284453168169750
0.3316666667 0.284759381347817
0.3320000000 0.285065637542812
0.3323333333 0.285371936778545
0.3326666667 0.285678279055361
0.3330000000 0.285984664383757
0.3333333333 0.286291092775565
0.3336666667 0.286597564231570
0.3340000000 0.286904078771865
0.3343333333 0.287210636399614
0.3346666667 0.287517237124646
0.3350000000 0.287823880956431
0.3353333333 0.288130567900266
0.3356666667 0.288437297969017
0.3360000000 0.288744071178551
0.3363333333 0.289050887520213
0.3366666667 0.289357747020056
0.3370000000 0.289664649671406
0.3373333333 0.289971595499891
0.3376666667 0.290278584511945
0.3380000000 0.290585616700493
0.3383333333 0.290892692085977
0.3386666667 0.291199810686075
0.3390000000 0.291506972495105
0.3393333333 0.291814177527148
0.3396666667 0.292121425793090
0.3400000000 0.292428717301366
0.3403333333 0.292736052059903
0.3406666667 0.293043430073948
0.3410000000 0.293350851361662
0.3413333333 0.293658315921489
0.3416666667 0.293965823780236
0.3420000000 0.294273374919751
0.3423333333 0.294580969374921
0.3426666667 0.294888607138306
0.3430000000 0.295196288229089
0.3433333333 0.295504012652911
0.3436666667 0.295811780410597
0.3440000000 0.296119591527124
0.3443333333 0.296427446003198
0.3446666667 0.296735343846465
0.3450000000 0.297043285062913
0.3453333333 0.297351269669694
0.3456666667 0.297659297670949
0.3460000000 0.297967369077802
0.3463333333 0.298275483902468
0.3466666667 0.298583642142684
0.3470000000 0.298891843820268
0.3473333333 0.299200088938942
0.3476666667 0.299508377510205
0.3480000000 0.299816709542134
0.3483333333 0.300125085035160
0.3486666667 0.300433504012703
0.3490000000 0.300741966475557
0.3493333333 0.301050472436823
0.3496666667 0.301359021900992
0.3500000000 0.301667614875587
0.3503333333 0.301976251383962
0.3506666667 0.302284931419198
0.3510000000 0.302593654995178
0.3513333333 0.302902422122793
0.3516666667 0.303211232814516
0.3520000000 0.303520087073701
0.3523333333 0.303828984912287
0.3526666667 0.304137926334585
0.3530000000 0.304446911358491
0.3533333333 0.304755939988916
0.3536666667 0.305065012229474
0.3540000000 0.305374128101652
0.3543333333 0.305683287606757
0.3546666667 0.305992490749126
0.3550000000 0.306301737548980
0.3553333333 0.306611028003701
0.3556666667 0.306920362135027
0.3560000000 0.307229739944939
0.3563333333 0.307539161440827
0.3566666667 0.307848626634265
0.3570000000 0.308158135537239
0.3573333333 0.308467688162985
0.3576666667 0.308777284510301
0.3580000000 0.309086924590467
0.3583333333 0.309396608411868
0.3586666667 0.309706335994626
0.3590000000 0.310016107340402
0.3593333333 0.310325922451650
0.3596666667 0.310635781347441
0.3600000000 0.310945684028664
0.3603333333 0.311255630515337
0.3606666667 0.311565620808381
0.3610000000 0.311875654921635
0.3613333333 0.312185732859785
0.3616666667 0.312495854638630
0.3620000000 0.312806020259979
0.3623333333 0.313116229738754
0.3626666667 0.313426483077751
0.3630000000 0.313736780293696
0.3633333333 0.314047121397669
0.3636666667 0.314357506385386
0.3640000000 0.314667935282360
0.3643333333 0.314978408085973
0.3646666667 0.315288924808316
0.3650000000 0.315599485463674
0.3653333333 0.315910090053683
0.3656666667 0.316220738600508
0.3660000000 0.316531431091890
0.3663333333 0.316842167560298
0.3666666667 0.317152948003214
0.3670000000 0.317463772427541
0.3673333333 0.317774640851402
0.3676666667 0.318085553272430
0.3680000000 0.318396509714269
0.3683333333 0.318707510177707
0.3686666667 0.319018554670156
0.3690000000 0.319329643200017
0.3693333333 0.319640775788691
0.3696666667 0.319951952434412
0.3700000000 0.320263173150437
0.3703333333 0.320574437945440
0.3706666667 0.320885746826655
0.3710000000 0.321197099802199
0.3713333333 0.321508496892689
0.3716666667 0.321819938092203
0.3720000000 0.322131423418463
0.3723333333 0.322442952884603
0.3726666667 0.322754526489304
0.3730000000 0.323066144252837
0.3733333333 0.323377806174028
0.3736666667 0.323689512267610
0.3740000000 0.324001262545908
0.3743333333 0.324313057014569
0.3746666667 0.324624895685680
0.3750000000 0.324936778561692
0.3753333333 0.325248705661964
0.3756666667 0.325560676989634
0.3760000000 0.325872692558590
0.3763333333 0.326184752370384
0.3766666667 0.326496856440324
0.3770000000 0.326809004777916
0.3773333333 0.327121197386917
0.3776666667 0.327433434286519
0.3780000000 0.327745715479028
0.3783333333 0.328058040972717
0.3786666667 0.328370410783387
0.3790000000 0.328682824917841
0.3793333333 0.328995283383541
0.3796666667 0.329307786193448
0.3800000000 0.329620333349440
0.3803333333 0.329932924869543
0.3806666667 0.330245560761127
0.3810000000 0.330558241027912
0.3813333333 0.330870965690630
0.3816666667 0.331183734743020
0.3820000000 0.331496548210510
0.3823333333 0.331809406092388
0.3826666667 0.332122308403066
0.3830000000 0.332435255145488
0.3833333333 0.332748246345060
0.3836666667 0.333061281990871
0.3840000000 0.333374362103591
0.3843333333 0.333687486690146
0.3846666667 0.334000655764175
0.3850000000 0.334313869330279
0.3853333333 0.334627127395462
0.3856666667 0.334940429976619
0.3860000000 0.335253777077943
0.3863333333 0.335567168712004
0.3866666667 0.335880604888650
0.3870000000 0.336194085614601
0.3873333333 0.336507610898357
0.3876666667 0.336821180753544
0.3880000000 0.337134795187510
0.3883333333 0.337448454209902
0.3886666667 0.337762157830746
0.3890000000 0.338075906060709
0.3893333333 0.338389698902905
0.3896666667 0.338703536382391
0.3900000000 0.339017418490197
0.3903333333 0.339331345247965
0.3906666667 0.339645316656416
0.3910000000 0.339959332732054
0.3913333333 0.340273393483036
0.3916666667 0.340587498916336
0.3920000000 0.340901649046561
0.3923333333 0.341215843881400
0.3926666667 0.341530083420390
0.3930000000 0.341844367690775
0.3933333333 0.342158696696116
0.3936666667 0.342473070429148
0.3940000000 0.342787488924011
0.3943333333 0.343101952178547
0.3946666667 0.343416460203894
0.3950000000 0.343731013003894
0.3953333333 0.344045610600115
0.3956666667 0.344360252992577
0.3960000000 0.344674940190766
0.3963333333 0.344989672214035
0.3966666667 0.345304449070163
0.3970000000 0.345619270754785
0.3973333333 0.345934137285723
0.3976666667 0.346249048678604
0.3980000000 0.346564004935881
0.3983333333 0.346879006067570
0.3986666667 0.347194052095441
0.3990000000 0.347509143008160
0.3993333333 0.347824278828614
0.3996666667 0.348139459565885
0.4000000000 0.348454685222984
0.4003333333 0.348769955818868
0.4006666667 0.349085271359727
0.4010000000 0.349400631849844
0.4013333333 0.349716037311532
0.4016666667 0.350031487736527
0.4020000000 0.350346983144582
0.4023333333 0.350662523553871
0.4026666667 0.350978108956191
0.4030000000 0.351293739377250
0.4033333333 0.351609414818859
0.4036666667 0.351925135285536
0.4040000000 0.352240900792847
0.4043333333 0.352556711357159
0.4046666667 0.352872566979420
0.4050000000 0.353188467669814
0.4053333333 0.353504413437861
0.4056666667 0.353820404301595
0.4060000000 0.354136440260204
0.4063333333 0.354452521325100
0.4066666667 0.354768647512917
0.4070000000 0.355084818828653
0.4073333333 0.355401035280608
0.4076666667 0.355717296885524
0.4080000000 0.356033603638186
0.4083333333 0.356349955566488
0.4086666667 0.356666352670538
0.4090000000 0.356982794957314
0.4093333333 0.357299282446343
0.4096666667 0.357615815138033
0.4100000000 0.357932393044233
0.4103333333 0.358249016181510
0.4106666667 0.358565684545175
0.4110000000 0.358882398167049
0.4113333333 0.359199157031130
0.4116666667 0.359515961166458
0.4120000000 0.359832810577753
0.4123333333 0.360149705270116
0.4126666667 0.360466645260048
0.4130000000 0.360783630548600
0.4133333333 0.361100661159311
0.4136666667 0.361417737089135
0.4140000000 0.361734858351094
0.4143333333 0.362052024956640
0.4146666667 0.362369236916287
0.4150000000 0.362686494239483
0.4153333333 0.363003796935606
0.4156666667 0.363321145017367
0.4160000000 0.363638538480895
0.4163333333 0.363955977357020
0.4166666667 0.364273461642145
0.4170000000 0.364590991348626
0.4173333333 0.364908566488334
0.4176666667 0.365226187067423
0.4180000000 0.365543853101986
0.4183333333 0.365861564596385
0.4186666667 0.366179321557593
0.4190000000 0.366497124002706
0.4193333333 0.366814971941156
0.4196666667 0.367132865374230
0.4200000000 0.367450804321395
0.4203333333 0.367768788792046
0.4206666667 0.368086818789584
0.4210000000 0.368404894326703
0.4213333333 0.368723015418907
0.4216666667 0.369041182068134
0.4220000000 0.369359394289830
0.4223333333 0.369677652090536
0.4226666667 0.369995955477639
0.4230000000 0.370314304466867
0.4233333333 0.370632699068103
0.4236666667 0.370951139282768
0.4240000000 0.371269625133276
0.4243333333 0.371588156620677
0.4246666667 0.371906733755029
0.4250000000 0.372225356552968
0.4253333333 0.372544025020235
0.4256666667 0.372862739160487
0.4260000000 0.373181498994939
0.4263333333 0.373500304524388
0.4266666667 0.373819155768996
0.4270000000 0.374138052724800
0.4273333333 0.374456995415334
0.4276666667 0.374775983843585
0.4280000000 0.375095018019756
0.4283333333 0.375414097956041
0.4286666667 0.375733223660448
0.4290000000 0.376052395141290
0.4293333333 0.376371612412886
0.4296666667 0.376690875487164
0.4300000000 0.377010184360943
0.4303333333 0.377329539058051
0.4306666667 0.377648939586303
0.4310000000 0.377968385950396
0.4313333333 0.378287878164548
0.4316666667 0.378607416236245
0.4320000000 0.378927000176792
0.4323333333 0.379246629993639
0.4326666667 0.379566305703323
0.4330000000 0.379886027313300
0.4333333333 0.380205794823700
0.4336666667 0.380525608258817
0.4340000000 0.380845467621726
0.4343333333 0.381165372925258
0.4346666667 0.381485324170216
0.4350000000 0.381805321380249
0.4353333333 0.382125364559023
0.4356666667 0.382445453717722
0.4360000000 0.382765588865370
0.4363333333 0.383085770006018
0.4366666667 0.383405997160763
0.4370000000 0.383726270338391
0.4373333333 0.384046589542907
0.4376666667 0.384366954787557
0.4380000000 0.384687366077134
0.4383333333 0.385007823428712
0.4386666667 0.385328326847414
0.4390000000 0.385648876349978
0.4393333333 0.385969471939611
0.4396666667 0.386290113627710
0.4400000000 0.386610801428915
0.4403333333 0.386931535355562
0.4406666667 0.387252315398997
0.4410000000 0.387573141589715
0.4413333333 0.387894013932364
0.4416666667 0.388214932431774
0.4420000000 0.388535897107137
0.4423333333 0.388856907958891
0.4426666667 0.389177964999012
0.4430000000 0.389499068250663
0.4433333333 0.389820217702733
0.4436666667 0.390141413382925
0.4440000000 0.390462655291973
0.4443333333 0.390783943440918
0.4446666667 0.391105277844048
0.4450000000 0.391426658506879
0.4453333333 0.391748085443625
0.4456666667 0.392069558665191
0.4460000000 0.392391078174928
0.4463333333 0.392712643987031
0.4466666667 0.393034256112082
0.4470000000 0.393355914562432
0.4473333333 0.393677619346562
0.4476666667 0.393999370469899
0.4480000000 0.394321167947583
0.4483333333 0.394643011790900
0.4486666667 0.394964902007093
0.4490000000 0.395286838609681
0.4493333333 0.395608821605066
0.4496666667 0.395930851001670
0.4500000000 0.396252926820479
0.4503333333 0.396575049051193
0.4506666667 0.396897217726678
0.4510000000 0.397219432850718
0.4513333333 0.397541694426128
0.4516666667 0.397541694426128
0.4520000000 0.398186357869099
0.4523333333 0.398186357869099
0.4526666667 0.398831206369179
0.4530000000 0.398831206369179
0.4533333333 0.399476240900886
0.4536666667 0.399476240900886
0.4540000000 0.399476240900886
0.4543333333 0.399476240900886
0.4546666667 0.399476240900886
0.4550000000 0.401089647857881
0.4553333333 0.401089647857881
0.4556666667 0.401735327901124
0.4560000000 0.401735327901124
0.4563333333 0.402381200565422
0.4566666667 0.402704205943143
0.4570000000 0.403027258827835
0.4573333333 0.403350358357166
0.4576666667 0.403673504538710
0.4580000000 0.403996697381175
0.4583333333 0.404319936890640
0.4586666667 0.404643223083158
0.4590000000 0.404966555967513
0.4593333333 0.405289935554718
0.4596666667 0.405613361857549
0.4600000000 0.405936834879625
0.4603333333 0.406260354631516
0.4606666667 0.406583921134274
0.4610000000 0.406907534386373
0.4613333333 0.407231194404238
0.4616666667 0.407554901196416
0.4620000000 0.407878654769910
0.4623333333 0.408202455144172
0.4626666667 0.408526302322898
0.4630000000 0.408850196317790
0.4633333333 0.409174137138015
0.4636666667 0.409498124795534
0.4640000000 0.409822159301355
0.4643333333 0.410146240660598
0.4646666667 0.410470368890887
0.4650000000 0.410794543996730
0.4653333333 0.411118765996152
0.4656666667 0.411443034891254
0.4660000000 0.411767350697560
0.4663333333 0.412091713425106
0.4666666667 0.412416123075951
0.4670000000 0.412740579672243
0.4673333333 0.413065083219756
0.4676666667 0.413389633727748
0.4680000000 0.413714231208738
0.4683333333 0.414038875671369
0.4686666667 0.414363567127126
0.4690000000 0.414688305589134
0.4693333333 0.415013091061791
0.4696666667 0.415337923553498
0.4700000000 0.415662803087526
0.4703333333 0.415987729663285
0.4706666667 0.416312703295565
0.4710000000 0.416637723993383
0.4713333333 0.416962791768576
0.4716666667 0.417287906628341
0.4720000000 0.417613068586521
0.4723333333 0.417938277652982
0.4726666667 0.418263533835126
0.4730000000 0.418588837150300
0.4733333333 0.418914187604535
0.4736666667 0.419239585206469
0.4740000000 0.419565029968287
0.4743333333 0.419890521904245
0.4746666667 0.420216061015772
0.4750000000 0.420541647323149
0.4753333333 0.420867280830721
0.4756666667 0.421192961551001
0.4760000000 0.421518689496436
0.4763333333 0.421844464671429
0.4766666667 0.422170287098356
0.4770000000 0.422496156772597
0.4773333333 0.422822073718105
0.4776666667 0.423148037938879
0.4780000000 0.423474049439515
0.4783333333 0.423800108242937
0.4786666667 0.424126214352584
0.4790000000 0.424452367779424
0.4793333333 0.424778568537325
0.4796666667 0.425104816635341
0.4800000000 0.425431112079720
0.4803333333 0.425757454887829
0.4806666667 0.426083845062678
0.4810000000 0.426410282622271
0.4813333333 0.426736767571550
0.4816666667 0.427063299928747
0.4820000000 0.427389879693655
0.4823333333 0.427716506885887
0.4826666667 0.428043181511435
0.4830000000 0.428369903582854
0.4833333333 0.428696673108709
0.4836666667 0.429023490100892
0.4840000000 0.429350354570101
0.4843333333 0.429677266525158
0.4846666667 0.430004225981628
0.4850000000 0.430331232948535
0.4853333333 0.430658287427755
0.4856666667 0.430985389442613
0.4860000000 0.431312538998370
0.4863333333 0.431639736105153
0.4866666667 0.431966980773631
0.4870000000 0.432294273010350
0.4873333333 0.432621612838198
0.4876666667 0.432949000255470
0.4880000000 0.433276435278153
0.4883333333 0.433603917916060
0.4886666667 0.433931448178820
0.4890000000 0.434259026080818
0.4893333333 0.434586651629677
0.4896666667 0.434914324832384
0.4900000000 0.435242045706088
0.4903333333 0.435569814264555
0.4906666667 0.435897630506684
0.4910000000 0.436225494450991
0.4913333333 0.436553406106524
0.4916666667 0.436881365483461
0.4920000000 0.437209372595741
0.4923333333 0.437537427450689
0.4926666667 0.437865530060266
0.4930000000 0.438193680437360
0.4933333333 0.438521878587779
0.4936666667 0.438850124524165
0.4940000000 0.439178418259488
0.4943333333 0.439506759797915
0.4946666667 0.439835149164101
0.4950000000 0.440163586351219
0.4953333333 0.440492071382814
0.4956666667 0.440820604268443
0.4960000000 0.441149185012020
0.4963333333 0.441477813628643
0.4966666667 0.441806490127073
0.4970000000 0.442135214522961
0.4973333333 0.442463986820047
0.4976666667 0.442792807036335
0.4980000000 0.443121675176566
0.4983333333 0.443450591256200
0.4986666667 0.443779555282796
0.4990000000 0.444108567265472
0.4993333333 0.444437627223655
0.4996666667 0.444766735156092
0.5000000000 0.445095891084711
0.5003333333 0.445425095015108
0.5006666667 0.445754346956577
0.5010000000 0.446083646922478
0.5013333333 0.446412994921219
0.5016666667 0.446742390969947
0.5020000000 0.447071835069954
0.5023333333 0.447401327240303
0.5026666667 0.447730867486174
0.5030000000 0.448060455821717
0.5033333333 0.448390092257933
0.5036666667 0.448719776803019
0.5040000000 0.449049509473010
0.5043333333 0.449379290270788
0.5046666667 0.449709119213150
0.5050000000 0.450038996309167
0.5053333333 0.450368921575030
0.5056666667 0.450698895009582
0.5060000000 0.451028916635005
0.5063333333 0.451358986455127
0.5066666667 0.451689104486281
0.5070000000 0.452019270735596
0.5073333333 0.452349485214812
0.5076666667 0.452679747936744
0.5080000000 0.453010058909405
0.5083333333 0.453340418143322
0.5086666667 0.453670825654139
0.5090000000 0.454001281447238
0.5093333333 0.454331785537867
0.5096666667 0.454662337935438
0.5100000000 0.454992938650268
0.5103333333 0.455323587692525
0.5106666667 0.455654285075488
0.5110000000 0.455985030810275
0.5113333333 0.456315824903290
0.5116666667 0.456646667371317
0.5120000000 0.456977558220212
0.5123333333 0.457308497465218
0.5126666667 0.457639485114586
0.5130000000 0.457970521179273
0.5133333333 0.458301605674526
0.5136666667 0.458632738605100
0.5140000000 0.458963919986347
0.5143333333 0.459295149827805
0.5146666667 0.459626428139708
0.5150000000 0.459957754931535
0.5153333333 0.460289130221796
0.5156666667 0.460620554012569
0.5160000000 0.460952026319880
0.5163333333 0.461283547152597
0.5166666667 0.461615116526369
0.5170000000 0.461946734442066
0.5173333333 0.462278400923537
0.5176666667 0.462610115970452
0.5180000000 0.462941879598277
0.5183333333 0.463273691822334
0.5186666667 0.463605552647696
0.5190000000 0.463937462089841
0.5193333333 0.464269420155461
0.5196666667 0.464601426857491
0.5200000000 0.464933482209805
0.5203333333 0.465265586218064
0.5206666667 0.465597738899229
0.5210000000 0.465929940259157
0.5213333333 0.466262190310627
0.5216666667 0.466594489066719
0.5220000000 0.466926836536616
0.5223333333 0.467259232732940
0.5226666667 0.467591677662902
0.5230000000 0.467924171342243
0.5233333333 0.468256713780490
0.5236666667 0.468589304987105
0.5240000000 0.468921944975452
0.5243333333 0.469254633754285
0.5246666667 0.469587371339364
0.5250000000 0.469920157738869
0.5253333333 0.470252992961205
0.5256666667 0.470585877020515
0.5260000000 0.470918809929346
0.5263333333 0.471251791694903
0.5266666667 0.471584822329209
0.5270000000 0.471917901848088
0.5273333333 0.472251030257523
0.5276666667 0.472584207568313
0.5280000000 0.472917433799308
0.5283333333 0.473250708950965
0.5286666667 0.473584033041646
0.5290000000 0.473917406082902
0.5293333333 0.474250828078072
0.5296666667 0.474584299049075
0.5300000000 0.474917818996800
0.5303333333 0.475251387941459
0.5306666667 0.475585005889755
0.5310000000 0.475918672850594
0.5313333333 0.476252388840840
0.5316666667 0.476586153867251
0.5320000000 0.476919967942692
0.5323333333 0.477253831081790
0.5326666667 0.477587743290732
0.5330000000 0.477921704580011
0.5333333333 0.478255714966262
0.5336666667 0.478589774454009
0.5340000000 0.478923883059472
0.5343333333 0.479258040795299
0.5346666667 0.479592247666588
0.5350000000 0.479926503688919
0.5353333333 0.480260808874631
0.5356666667 0.480595163232947
0.5360000000 0.480929566773966
0.5363333333 0.481264019510963
0.5366666667 0.481598521454233
0.5370000000 0.481933072612827
0.5373333333 0.482267673003337
0.5376666667 0.482602322635389
0.5380000000 0.482937021517242
0.5383333333 0.483271769664679
0.5386666667 0.483606567082335
0.5390000000 0.483941413790122
0.5393333333 0.484276309790715
0.5396666667 0.484611255103545
0.5400000000 0.484946249733176
0.5403333333 0.485281293696838
0.5406666667 0.485616386998937
0.5410000000 0.485951529656445
0.5413333333 0.486286721680787
0.5416666667 0.486621963078596
0.5420000000 0.486957253863619
0.5423333333 0.487292594051167
0.5426666667 0.487627983647501
0.5430000000 0.487963422667381
0.5433333333 0.488298911120171
0.5436666667 0.488634449012943
0.5440000000 0.488970036367041
0.5443333333 0.489305673184294
0.5446666667 0.489641359482976
0.5450000000 0.489977095270384
0.5453333333 0.490312880561544
0.5456666667 0.490648715364400
0.5460000000 0.490984599691856
0.5463333333 0.491320533555407
0.5466666667 0.491656516964639
0.5470000000 0.491992549932102
0.5473333333 0.492328632471311
0.5476666667 0.492664764590330
0.5480000000 0.493000946304163
0.5483333333 0.493337177622343
0.5486666667 0.493673458555715
0.5490000000 0.494009789115559
0.5493333333 0.494346169310626
0.5496666667 0.494682599161858
0.5500000000 0.495019078672564
0.5503333333 0.495355607855427
0.5506666667 0.495692186723872
0.5510000000 0.496028815287793
0.5513333333 0.496365493560215
0.5516666667 0.496702221550998
0.5520000000 0.497038999272294
0.5523333333 0.497375826733971
0.5526666667 0.497712703950832
0.5530000000 0.498049630932400
0.5533333333 0.498386607690675
0.5536666667 0.498723634236772
0.5540000000 0.499060710582009
0.5543333333 0.499397836738477
0.5546666667 0.499735012717964
0.5550000000 0.500072238529195
0.5553333333 0.500409514188346
0.5556666667 0.500746839703314
0.5560000000 0.501084215088967
0.5563333333 0.501421640351338
0.5566666667 0.501759115509590
0.5570000000 0.502096640568825
0.5573333333 0.502434215542585
0.5576666667 0.502771840444585
0.5580000000 0.503109515284512
0.5583333333 0.503447240071757
0.5586666667 0.503785014822162
0.5590000000 0.504122839545553
0.5593333333 0.504460714251750
0.5596666667 0.504798638956706
0.5600000000 0.505136613666790
0.5603333333 0.505474638396471
0.5606666667 0.505812713157794
0.5610000000 0.506150837960748
0.5613333333 0.506489012815395
0.5616666667 0.506827237739883
0.5620000000 0.507165512740561
0.5623333333 0.507503837828896
0.5626666667 0.507842213018757
0.5630000000 0.508180638318493
0.5633333333 0.508519113744829
0.5636666667 0.508857639305476
0.5640000000 0.509196215012014
0.5643333333 0.509534840881949
0.5646666667 0.509873516915330
0.5650000000 0.510212243136320
0.5653333333 0.510551019549522
0.5656666667 0.510889846168016
0.5660000000 0.511228723002892
0.5663333333 0.511567650067763
0.5666666667 0.511906627372595
0.5670000000 0.512245654928771
0.5673333333 0.512584732750425
0.5676666667 0.512923860847034
0.5680000000 0.513263039230217
0.5683333333 0.513602267913778
0.5686666667 0.513941546907480
0.5690000000 0.514280876224851
0.5693333333 0.514620255873098
0.5696666667 0.514959685872016
0.5700000000 0.515299166226546
0.5703333333 0.515638696947167
0.5706666667 0.515978278052767
0.5710000000 0.516317909549302
0.5713333333 0.516657591453791
0.5716666667 0.516997323773348
0.5720000000 0.517337106516197
0.5723333333 0.517676939706190
0.5726666667 0.518016823344989
0.5730000000 0.518356757445580
0.5733333333 0.518696742022414
0.5736666667 0.519036777089333
0.5740000000 0.519376862649159
0.5743333333 0.519716998724989
0.5746666667 0.520057185321400
0.5750000000 0.520397422452114
0.5753333333 0.520737710127414
0.5756666667 0.521078048364853
0.5760000000 0.521418437167366
0.5763333333 0.521758876554364
0.5766666667 0.522099366534208
0.5770000000 0.522439907119509
0.5773333333 0.522780498321503
0.5776666667 0.523121140153153
0.5780000000 0.523461832624432
0.5783333333 0.523802575747575
0.5786666667 0.524143369538642
0.5790000000 0.524484214002153
0.5793333333 0.524825109153232
0.5796666667 0.525166055008745
0.5800000000 0.525507051573940
0.5803333333 0.525848098863464
0.5806666667 0.526189196887494
0.5810000000 0.526530345659775
0.5813333333 0.526871545192824
0.5816666667 0.527212795495725
0.5820000000 0.527554096581672
0.5823333333 0.527895448464498
0.5826666667 0.528236851153313
0.5830000000 0.528578304662721
0.5833333333 0.528919809002194
0.5836666667 0.529261364184570
0.5840000000 0.529602970222852
0.5843333333 0.529944627126264
0.5846666667 0.530286334908819
0.5850000000 0.530628093583714
0.5853333333 0.530969903159371
0.5856666667 0.531311763649951
0.5860000000 0.531653675066822
0.5863333333 0.531995637424042
0.5866666667 0.532337650729351
0.5870000000 0.532679714999665
0.5873333333 0.533021830244363
0.5876666667 0.533363996472673
0.5880000000 0.533706213700780
0.5883333333 0.534048481939357
0.5886666667 0.534390801201457
0.5890000000 0.534733171498165
0.5893333333 0.535075592841965
0.5896666667 0.535418065243041
0.5900000000 0.535760588714204
0.5903333333 0.536103163268315
0.5906666667 0.536445788915999
0.5910000000 0.536788465671928
0.5913333333 0.537131193547275
0.5916666667 0.537473972552230
0.5920000000 0.537816802698432
0.5923333333 0.538159684000635
0.5926666667 0.538502616468207
0.5930000000 0.538845600119557
0.5933333333 0.539188634957566
0.5936666667 0.539531720999671
0.5940000000 0.539874858258188
0.5943333333 0.540218046742348
0.5946666667 0.540561286466412
0.5950000000 0.540904577441654
0.5953333333 0.541247919683035
0.5956666667 0.541591313195567
0.5960000000 0.541934757996988
0.5963333333 0.542278254100934
0.5966666667 0.542621801517625
0.5970000000 0.542965400254191
0.5973333333 0.543309050329160
0.5976666667 0.543652751752769
0.5980000000 0.543996504535434
0.5983333333 0.544340308691797
0.5986666667 0.544684164231958
0.5990000000 0.545028071171672
0.5993333333 0.545372029516007
0.5996666667 0.545716039288003
0.6000000000 0.546060100487771
0.6003333333 0.546404213136204
0.6006666667 0.546748377241451
0.6010000000 0.547092592817762
0.6013333333 0.547436859873211
0.6016666667 0.547781178426918
0.6020000000 0.548125548484232
0.6023333333 0.548469970062135
0.6026666667 0.548814443170080
0.6030000000 0.549158967820505
0.6033333333 0.549503544026017
0.6036666667 0.549848171800303
0.6040000000 0.550192851154688
0.6043333333 0.550537582101555
0.6046666667 0.550882364651956
0.6050000000 0.551227198817360
0.6053333333 0.551572084615236
0.6056666667 0.551917022049846
0.6060000000 0.552262011141035
0.6063333333 0.552607051895456
0.6066666667 0.552952144327506
0.6070000000 0.553297288454722
0.6073333333 0.553642484276878
0.6076666667 0.553987731818818
0.6080000000 0.554333031085377
0.6083333333 0.554678382092730
0.6086666667 0.555023784851237
0.6090000000 0.555369239373220
0.6093333333 0.555714745672286
0.6096666667 0.556060303758341
0.6100000000 0.556405913645140
0.6103333333 0.556751575345183
0.6106666667 0.557097288871968
0.6110000000 0.557443054233756
0.6113333333 0.557788871448814
0.6116666667 0.558134740523148
0.6120000000 0.558480661474873
0.6123333333 0.558826634312831
0.6126666667 0.559172659049090
0.6130000000 0.559518735698652
0.6133333333 0.559864864271445
0.6136666667 0.560211044781383
0.6140000000 0.560557277239581
0.6143333333 0.560903561658409
0.6146666667 0.561249898052852
0.6150000000 0.561596286433963
0.6153333333 0.561942726810707
0.6156666667 0.562289219199024
0.6160000000 0.562635763612778
0.6163333333 0.562982360060442
0.6166666667 0.563329008557070
0.6170000000 0.563675709112751
0.6173333333 0.564022461743124
0.6176666667 0.564369266456586
0.6180000000 0.564716123269030
0.6183333333 0.565063032191910
0.6186666667 0.565409993239305
0.6190000000 0.565757006419336
0.6193333333 0.566104071747545
0.6196666667 0.566451189237268
0.6200000000 0.566798358895853
0.6203333333 0.567145580743666
0.6206666667 0.567492854787230
0.6210000000 0.567840181041938
0.6213333333 0.568187559517893
0.6216666667 0.568534990227413
0.6220000000 0.568882473186269
0.6223333333 0.569230008404564
0.6226666667 0.569577595896302
0.6230000000 0.569925235672164
0.6233333333 0.570272927744559
0.6236666667 0.570620672128434
0.6240000000 0.570968468834451
0.6243333333 0.571316317873293
0.6246666667 0.571664219263057
0.6250000000 0.572012173012080
0.6253333333 0.572360179133207
0.6256666667 0.572708237640241
0.6260000000 0.573056348544516
0.6263333333 0.573404511859009
0.6266666667 0.573752727595348
0.6270000000 0.574100995769696
0.6273333333 0.574449316389916
0.6276666667 0.574797689470514
0.6280000000 0.575146115027164
0.6283333333 0.575494593067898
0.6286666667 0.575843123607747
0.6290000000 0.576191706656419
0.6293333333 0.576540342230900
0.6296666667 0.576889030340781
0.6300000000 0.577237771000473
0.6303333333 0.577586564222119
0.6306666667 0.577935410016962
0.6310000000 0.578284308398143
0.6313333333 0.578633259377892
0.6316666667 0.578982262972099
0.6320000000 0.579331319188132
0.6323333333 0.579680428045421
0.6326666667 0.580029589549018
0.6330000000 0.580378803717483
0.6333333333 0.580728070560607
0.6336666667 0.581077390092630
0.6340000000 0.581426762323586
0.6343333333 0.581776187268936
0.6346666667 0.582125664941749
0.6350000000 0.582475195351545
0.6353333333 0.582824778510902
0.6356666667 0.583174414438660
0.6360000000 0.583524103140395
0.6363333333 0.583873844633570
0.6366666667 0.584223638928668
0.6370000000 0.584573486037908
0.6373333333 0.584923385975013
0.6376666667 0.585273338754079
0.6380000000 0.585623344385850
0.6383333333 0.585973402882627
0.6386666667 0.586323514260337
0.6390000000 0.586673678527914
0.6393333333 0.587023895699385
0.6396666667 0.587374165788160
0.6400000000 0.587724488807798
0.6403333333 0.588074864770324
0.6406666667 0.588425293687573
0.6410000000 0.588775775573279
0.6413333333 0.589126310440406
0.6416666667 0.589476898300131
0.6420000000 0.589827539166862
0.6423333333 0.590178233053141
0.6426666667 0.590528979971311
0.6430000000 0.590879779936458
0.6433333333 0.591230632957925
0.6436666667 0.591581539049191
0.6440000000 0.591932498225284
0.6443333333 0.592283510497526
0.6446666667 0.592634575879298
0.6450000000 0.592985694384200
0.6453333333 0.593336866021483
0.6456666667 0.593688090809543
0.6460000000 0.594039368755787
0.6463333333 0.594390699876694
0.6466666667 0.594742084183772
0.6470000000 0.595093521690308
0.6473333333 0.595445012409932
0.6476666667 0.595796556353425
0.6480000000 0.596148153534909
0.6483333333 0.596499803968238
0.6486666667 0.596851507665574
0.6490000000 0.597203264638281
0.6493333333 0.597555074902820
0.6496666667 0.597906938467980
0.6500000000 0.598258855350867
0.6503333333 0.598610825560006
0.6506666667 0.598962849110103
0.6510000000 0.599314926017159
0.6513333333 0.599667056290569
0.6516666667 0.600019239943823
0.6520000000 0.600371476990202
0.6523333333 0.600723767444095
0.6526666667 0.601076111315782
0.6530000000 0.601428508620648
0.6533333333 0.601780959370203
0.6536666667 0.602133463578160
0.6540000000 0.602486021256892
0.6543333333 0.602838632420783
0.6546666667 0.603191297080140
0.6550000000 0.603544015250564
0.6553333333 0.603896786944583
0.6556666667 0.604249612173952
0.6560000000 0.604602490953654
0.6563333333 0.604955423295335
0.6566666667 0.605308409212265
0.6570000000 0.605661448717951
0.6573333333 0.606014541824822
0.6576666667 0.606367688545694
0.6580000000 0.606720888894660
0.6583333333 0.607074142883555
0.6586666667 0.607427450527435
0.6590000000 0.607780811836735
0.6593333333 0.608134226827220
0.6596666667 0.608487695510519
0.6600000000 0.608841217898202
0.6603333333 0.609194794007117
0.6606666667 0.609548423847034
0.6610000000 0.609902107432371
0.6613333333 0.610255844775909
0.6616666667 0.610609635891017
0.6620000000 0.610963480791676
0.6623333333 0.611317379491072
0.6626666667 0.611671331999699
0.6630000000 0.612025338332827
0.6633333333 0.612379398503483
0.6636666667 0.612733512524448
0.6640000000 0.613087680409545
0.6643333333 0.613441902170647
0.6646666667 0.613796177821733
0.6650000000 0.614150507376785
0.6653333333 0.614504890846776
0.6656666667 0.614859328246782
0.6660000000 0.615213819590188
0.6663333333 0.615568364890489
0.6666666667 0.615922964156433
0.6670000000 0.616277617406583
0.6673333333 0.616632324653299
0.6676666667 0.616987085906828
0.6680000000 0.617341901182337
0.6683333333 0.617696770495518
0.6686666667 0.618051693854872
0.6690000000 0.618406671276090
0.6693333333 0.618761702772373
0.6696666667 0.619116788357137
0.6700000000 0.619471928043824
0.6703333333 0.619827121843699
0.6706666667 0.620182369771856
0.6710000000 0.620537671842109
0.6713333333 0.620893028065832
0.6716666667 0.621248438458370
0.6720000000 0.621603903031354
0.6723333333 0.621959421799837
0.6726666667 0.622314994774341
0.6730000000 0.622670621970308
0.6733333333 0.623026303401065
0.6736666667 0.623382039079654
0.6740000000 0.623737829018475
0.6743333333 0.624093673230425
0.6746666667 0.624449571732017
0.6750000000 0.624805524534725
0.6753333333 0.625161531649857
0.6756666667 0.625517593094150
0.6760000000 0.625873708878618
0.6763333333 0.626229879018635
0.6766666667 0.626586103523826
0.6770000000 0.626942382412782
0.6773333333 0.627298715694963
0.6776666667 0.627655103386135
0.6780000000 0.628011545496782
0.6783333333 0.628368042043026
0.6786666667 0.628724593037120
0.6790000000 0.629081198494387
0.6793333333 0.629437858423468
0.6796666667 0.629794572843320
0.6800000000 0.630151341763378
0.6803333333 0.630508165198830
0.6806666667 0.630865043163547
0.6810000000 0.631221975670028
0.6813333333 0.631578962732551
0.6816666667 0.631936004362945
0.6820000000 0.632293100576934
0.6823333333 0.632650251385266
0.6826666667 0.633007456803897
0.6830000000 0.633364716845371
0.6833333333 0.633722031523472
0.6836666667 0.634079400850408
0.6840000000 0.634436824840598
0.6843333333 0.634794303508795
0.6846666667 0.635151836865658
0.6850000000 0.635509424927542
0.6853333333 0.635867067705574
0.6856666667 0.636224765214848
0.6860000000 0.636582517468340
0.6863333333 0.636940324482422
0.6866666667 0.637298186265427
0.6870000000 0.637656102832419
0.6873333333 0.638014074199331
0.6876666667 0.638372100377130
0.6880000000 0.638730181381591
0.6883333333 0.639088317225191
0.6886666667 0.639446507920517
0.6890000000 0.639804753482450
0.6893333333 0.640163053925422
0.6896666667 0.640521409261938
0.6900000000 0.640879819504213
0.6903333333 0.641238284668586
0.6906666667 0.641596804766041
0.6910000000 0.641955379810777
0.6913333333 0.642314009820364
0.6916666667 0.642672694801454
0.6920000000 0.643031434773353
0.6923333333 0.643390229746756
0.6926666667 0.643749079736095
0.6930000000 0.644107984756751
0.6933333333 0.644466944818495
0.6936666667 0.644825959937880
0.6940000000 0.645185030130638
0.6943333333 0.645544155404948
0.6946666667 0.645903335777399
0.6950000000 0.646262571261599
0.6953333333 0.646621861872261
0.6956666667 0.646981207620825
0.6960000000 0.647340608521960
0.6963333333 0.647700064590194
0.6966666667 0.648059575839523
0.6970000000 0.648419142281216
0.6973333333 0.648778763930837
0.6976666667 0.649138440803027
0.6980000000 0.649498172908156
0.6983333333 0.649857960264370
0.6986666667 0.650217802881884
0.6990000000 0.650577700775233
0.6993333333 0.650937653960212
0.6996666667 0.651297662448382
0.7000000000 0.651657726253340
0.7003333333 0.652017845390960
0.7006666667 0.652378019872791
0.7010000000 0.652738249712757
0.7013333333 0.653098534925936
0.7016666667 0.653458875525678
0.7020000000 0.653819271527355
0.7023333333 0.654179722942351
0.7026666667 0.654540229784884
0.7030000000 0.654900792069998
0.7033333333 0.655261409807872
0.7036666667 0.655622083017656
0.7040000000 0.655982811710904
0.7043333333 0.656343595899353
0.7046666667 0.656704435600439
0.7050000000 0.657065330825949
0.7053333333 0.657426281589780
0.7056666667 0.657787287905998
0.7060000000 0.658148349788828
0.7063333333 0.658509467252267
0.7066666667 0.658870640308579
0.7070000000 0.659231868974024
0.7073333333 0.659593153261825
0.7076666667 0.659954493184289
0.7080000000 0.660315888756615
0.7083333333 0.660677339993582
0.7086666667 0.661038846907670
0.7090000000 0.661400409513646
0.7093333333 0.661762027823624
0.7096666667 0.662123701854337
0.7100000000 0.662485431618156
0.7103333333 0.662847217128442
0.7106666667 0.663209058401631
0.7110000000 0.663570955448298
0.7113333333 0.663932908283790
0.7116666667 0.664294916924205
0.7120000000 0.664656981380001
0.7123333333 0.665019101667549
0.7126666667 0.665381277800695
0.7130000000 0.665743509793005
0.7133333333 0.666105797657792
0.7136666667 0.666468141408449
0.7140000000 0.666830541061858
0.7143333333 0.667192996630256
0.7146666667 0.667555508127858
0.7150000000 0.667918075567672
0.7153333333 0.668280698964675
0.7156666667 0.668643378333355
0.7160000000 0.669006113688076
0.7163333333 0.669368905041485
0.7166666667 0.669731752407037
0.7170000000 0.670094655801812
0.7173333333 0.670457615237513
0.7176666667 0.670820630728239
0.7180000000 0.671183702289384
0.7183333333 0.671546829933433
0.7186666667 0.671910013676838
0.7190000000 0.672273253531216
0.7193333333 0.672636549512162
0.7196666667 0.672999901633492
0.7200000000 0.673363309907914
0.7203333333 0.673726774351627
0.7206666667 0.674090294979331
0.7210000000 0.674453871801596
0.7213333333 0.674817504835422
0.7216666667 0.675181194094644
0.7220000000 0.675544939591752
0.7223333333 0.675908741344028
0.7226666667 0.676272599362088
0.7230000000 0.676636513662965
0.7233333333 0.677000484260410
0.7236666667 0.677364511166942
0.7240000000 0.677728594397596
0.7243333333 0.678092733967120
0.7246666667 0.678456929888146
0.7250000000 0.678821182178506
0.7253333333 0.679185490847858
0.7256666667 0.679549855912325
0.7260000000 0.679914277388106
0.7263333333 0.680278755286378
0.7266666667 0.680643289622165
0.7270000000 0.681007880412315
0.7273333333 0.681372527667330
0.7276666667 0.681737231403678
0.7280000000 0.682101991633717
0.7283333333 0.682466808374248
0.7286666667 0.682831681638601
0.7290000000 0.683196611440414
0.7293333333 0.683561597794401
0.7296666667 0.683926640714947
0.7300000000 0.684291740216984
0.7303333333 0.684656896312923
0.7306666667 0.685022109018437
0.7310000000 0.685387378348127
0.7313333333 0.685752704315887
0.7316666667 0.686118086934151
0.7320000000 0.686483526221931
0.7323333333 0.686849022190286
0.7326666667 0.687214574853124
0.7330000000 0.687580184224471
0.7333333333 0.687945850323077
0.7336666667 0.688311573157789
0.7340000000 0.688677352745860
0.7343333333 0.689043189100549
0.7346666667 0.689409082238682
0.7350000000 0.689775032171643
0.7353333333 0.690141038915839
0.7356666667 0.690507102484362
0.7360000000 0.690873222892489
0.7363333333 0.691239400152779
0.7366666667 0.691605634282989
0.7370000000 0.691971925294218
0.7373333333 0.692338273203321
0.7376666667 0.692704678025047
0.7380000000 0.693071139771028
0.7383333333 0.693437658458394
0.7386666667 0.693804234100336
0.7390000000 0.694170866709244
0.7393333333 0.694537556304031
0.7396666667 0.694904302897353
0.7400000000 0.695271106501772
0.7403333333 0.695637967134439
0.7406666667 0.696004884808726
0.7410000000 0.696371859538756
0.7413333333 0.696738891339760
0.7416666667 0.697105980226309
0.7420000000 0.697473126212740
0.7423333333 0.697840329313039
0.7426666667 0.698207589540906
0.7430000000 0.698574906915276
0.7433333333 0.698942281444556
0.7436666667 0.699309713147894
0.7440000000 0.699677202037295
0.7443333333 0.700044748128889
0.7446666667 0.700412351436778
0.7450000000 0.700780011975286
0.7453333333 0.701147729759864
0.7456666667 0.701515504803530
0.7460000000 0.701883337121422
0.7463333333 0.702251226729075
0.7466666667 0.702619173639593
0.7470000000 0.702987177869601
0.7473333333 0.703355239431400
0.7476666667 0.703723358342397
0.7480000000 0.704091534614946
0.7483333333 0.704459768263816
0.7486666667 0.704828059304380
0.7490000000 0.705196407751677
0.7493333333 0.705564813619458
0.7496666667 0.705933276922473
0.7500000000 0.706301797677064
0.7503333333 0.706670375895314
0.7506666667 0.707039011594417
0.7510000000 0.707407704786297
0.7513333333 0.707776455488152
0.7516666667 0.708145263713193
0.7520000000 0.708514129476958
0.7523333333 0.708883052792965
0.7526666667 0.709252033677349
0.7530000000 0.709621072145645
0.7533333333 0.709990168209795
0.7536666667 0.710359321886646
0.7540000000 0.710728533190318
0.7543333333 0.711097802134447
0.7546666667 0.711467128736061
0.7550000000 0.711836513008379
0.7553333333 0.712205954967125
0.7556666667 0.712575454625706
0.7560000000 0.712945012000715
0.7563333333 0.713314627105510
0.7566666667 0.713684299955131
0.7570000000 0.714054030564359
0.7573333333 0.714423818948588
0.7576666667 0.714793665122034
0.7580000000 0.715163569100976
0.7583333333 0.715533530898260
0.7586666667 0.715903550530167
0.7590000000 0.716273628010646
0.7593333333 0.716643763353562
0.7596666667 0.717013956576449
0.7600000000 0.717384207692462
0.7603333333 0.717754516716881
0.7606666667 0.718124883664486
0.7610000000 0.718495308550405
0.7613333333 0.718865791389258
0.7616666667 0.719236332195065
0.7620000000 0.719606930984239
0.7623333333 0.719977587770862
0.7626666667 0.720348302570406
0.7630000000 0.720719075397995
0.7633333333 0.721089906267975
0.7636666667 0.721460795194179
0.7640000000 0.721831742193407
0.7643333333 0.722202747281145
0.7646666667 0.722573810469461
0.7650000000 0.722944931776107
0.7653333333 0.723316111214288
0.7656666667 0.723687348799231
0.7660000000 0.724058644547357
0.7663333333 0.724429998472362
0.7666666667 0.724801410588977
0.7670000000 0.725172880913097
0.7673333333 0.725544409459602
0.7676666667 0.725915996243154
0.7680000000 0.726287641278484
0.7683333333 0.726659344581363
0.7686666667 0.727031106166622
0.7690000000 0.727402926048986
0.7693333333 0.727774804242734
0.7696666667 0.728146740766136
0.7700000000 0.728518735630976
0.7703333333 0.728890788852691
0.7706666667 0.729262900447182
0.7710000000 0.729635070429716
0.7713333333 0.730007298815283
0.7716666667 0.730379585617746
0.7720000000 0.730751930853652
0.7723333333 0.731124334538009
0.7726666667 0.731496796685973
0.7730000000 0.731869317311187
0.7733333333 0.732241896430567
0.7736666667 0.732614534058147
0.7740000000 0.732987230209727
0.7743333333 0.733359984899941
0.7746666667 0.733732798143495
0.7750000000 0.734105669957779
0.7753333333 0.734478600355374
0.7756666667 0.734851589352757
0.7760000000 0.735224636964268
0.7763333333 0.735597743206703
0.7766666667 0.735970908094124
0.7770000000 0.736344131640645
0.7773333333 0.736717413863424
0.7776666667 0.737090754777411
0.7780000000 0.737464154396709
0.7783333333 0.737837612737166
0.7786666667 0.738211129814398
0.7790000000 0.738584705642888
0.7793333333 0.738958340238102
0.7796666667 0.739332033615973
0.7800000000 0.739705785790900
0.7803333333 0.740079596778181
0.7806666667 0.740453466593948
0.7810000000 0.740827395252280
0.7813333333 0.741201382769814
0.7816666667 0.741575429160500
0.7820000000 0.741949534441304
0.7823333333 0.742323698626045
0.7826666667 0.742697921730117
0.7830000000 0.743072203769336
0.7833333333 0.743446544758666
0.7836666667 0.743820944713815
0.7840000000 0.744195403650726
0.7843333333 0.744569921582848
0.7846666667 0.744944498527478
0.7850000000 0.745319134499145
0.7853333333 0.745693829513206
0.7856666667 0.746068583585067
0.7860000000 0.746443396729555
0.7863333333 0.746818268963092
0.7866666667 0.747193200301060
0.7870000000 0.747568190757965
0.7873333333 0.747943240350134
0.7876666667 0.748318349092179
0.7880000000 0.748693516999397
0.7883333333 0.749068744088515
0.7886666667 0.749444030374018
0.7890000000 0.749819375871143
0.7893333333 0.750194780595413
0.7896666667 0.750570244562652
0.7900000000 0.750945767788729
0.7903333333 0.751321350288146
0.7906666667 0.751696992077326
0.7910000000 0.752072693170774
0.7913333333 0.752448453584375
0.7916666667 0.752824273333755
0.7920000000 0.753200152434617
0.7923333333 0.753576090902032
0.7926666667 0.753952088751832
0.7930000000 0.754328145999428
0.7933333333 0.754704262659756
0.7936666667 0.755080438749733
0.7940000000 0.755456674283532
0.7943333333 0.755832969277455
0.7946666667 0.756209323747052
0.7950000000 0.756585737707635
0.7953333333 0.756962211174270
0.7956666667 0.757338744163948
0.7960000000 0.757715336691251
0.7963333333 0.758091988771443
0.7966666667 0.758468700421163
0.7970000000 0.758845471655491
0.7973333333 0.759222302490088
0.7976666667 0.759599192940099
0.7980000000 0.759976143021885
0.7983333333 0.760353152750044
0.7986666667 0.760730222141806
0.7990000000 0.761107351211803
0.7993333333 0.761484539975604
0.7996666667 0.761861788448558
0.8000000000 0.762239096647845
0.8003333333 0.762616464587741
0.8006666667 0.762993892284213
0.8010000000 0.763371379753255
0.8013333333 0.763748927010024
0.8016666667 0.764126534070757
0.8020000000 0.764504200951261
0.8023333333 0.764881927666547
0.8026666667 0.765259714233861
0.8030000000 0.765637560666517
0.8033333333 0.766015466981877
0.8036666667 0.766393433195778
0.8040000000 0.766771459323639
0.8043333333 0.767149545380975
0.8046666667 0.767527691383904
0.8050000000 0.767905897347504
0.8053333333 0.768284163289069
0.8056666667 0.768662489222609
0.8060000000 0.769040875164352
0.8063333333 0.769419321131330
0.8066666667 0.769797827137993
0.8070000000 0.770176393201136
0.8073333333 0.770555019334852
0.8076666667 0.770933705557534
0.8080000000 0.771312451882894
0.8083333333 0.771691258327500
0.8086666667 0.772070124908563
0.8090000000 0.772449051639073
0.8093333333 0.772828038537414
0.8096666667 0.773207085617992
0.8100000000 0.773586192897476
0.8103333333 0.773965360391609
0.8106666667 0.774344588115843
0.8110000000 0.774723876085749
0.8113333333 0.775103224318600
0.8116666667 0.775482632829601
0.8120000000 0.775862101633957
0.8123333333 0.776241630749123
0.8126666667 0.776621220190147
0.8130000000 0.777000869972302
0.8133333333 0.777380580113128
0.8136666667 0.777760350627140
0.8140000000 0.778140181530429
0.8143333333 0.778520072839183
0.8146666667 0.778900024570695
0.8150000000 0.779280036739274
0.8153333333 0.779660109361440
0.8156666667 0.780040242453262
0.8160000000 0.780420436030597
0.8163333333 0.780800690110025
0.8166666667 0.781181004706489
0.8170000000 0.781561379836717
0.8173333333 0.781941815517004
0.8176666667 0.782322311762986
0.8180000000 0.782702868590677
0.8183333333 0.783083486015684
0.8186666667 0.783464164055695
0.8190000000 0.783844902725145
0.8193333333 0.784225702039982
0.8196666667 0.784606562017866
0.8200000000 0.784987482673276
0.8203333333 0.785368464023866
0.8206666667 0.785749506084060
0.8210000000 0.786130608870606
0.8213333333 0.786511772400717
0.8216666667 0.786892996688888
0.8220000000 0.787274281752787
0.8223333333 0.787655627606030
0.8226666667 0.788037034268584
0.8230000000 0.788418501753349
0.8233333333 0.788800030077779
0.8236666667 0.789181619257608
0.8240000000 0.789563269309865
0.8243333333 0.789944980250164
0.8246666667 0.790326752094120
0.8250000000 0.790708584859061
0.8253333333 0.791090478560253
0.8256666667 0.791472433214747
0.8260000000 0.791854448837944
0.8263333333 0.792236525447011
0.8266666667 0.792618663056503
0.8270000000 0.793000861684559
0.8273333333 0.793383121346898
0.8276666667 0.793765442058919
0.8280000000 0.794147823837260
0.8283333333 0.794530266698545
0.8286666667 0.794912770659374
0.8290000000 0.795295335735816
0.8293333333 0.795677961943419
0.8296666667 0.796060649299234
0.8300000000 0.796443397818936
0.8303333333 0.796826207519821
0.8306666667 0.797209078416777
0.8310000000 0.797592010527562
0.8313333333 0.797975003867884
0.8316666667 0.798358058453968
0.8320000000 0.798741174302140
0.8323333333 0.799124351430329
0.8326666667 0.799507589851822
0.8330000000 0.799890889585716
0.8333333333 0.800274250647044
0.8336666667 0.800657673052103
0.8340000000 0.801041156817648
0.8343333333 0.801424701960558
0.8346666667 0.801808308497153
0.8350000000 0.802191976442882
0.8353333333 0.802575705814866
0.8356666667 0.802959496629385
0.8360000000 0.803343348903087
0.8363333333 0.803727262652307
0.8366666667 0.804111237893922
0.8370000000 0.804495274643765
0.8373333333 0.804879372917870
0.8376666667 0.805263532733980
0.8380000000 0.805647754107789
0.8383333333 0.806032037056308
0.8386666667 0.806416381594913
0.8390000000 0.806800787741452
0.8393333333 0.807185255511448
0.8396666667 0.807569784921952
0.8400000000 0.807954375989617
0.8403333333 0.808339028729931
0.8406666667 0.808723743161229
0.8410000000 0.809108519298062
0.8413333333 0.809493357159048
0.8416666667 0.809878256759452
0.8420000000 0.810263218115020
0.8423333333 0.810648241244499
0.8426666667 0.811033326162833
0.8430000000 0.811418472887226
0.8433333333 0.811803681434699
0.8436666667 0.812188951821078
0.8440000000 0.812574284063330
0.8443333333 0.812959678177666
0.8446666667 0.813345134181740
0.8450000000 0.813730652091004
0.8453333333 0.814116231922947
0.8456666667 0.814501873693412
0.8460000000 0.814887577420265
0.8463333333 0.815273343118880
0.8466666667 0.815659170806394
0.8470000000 0.816045060500257
0.8473333333 0.816431012216426
0.8476666667 0.816817025971780
0.8480000000 0.817203101782806
0.8483333333 0.817589239665808
0.8486666667 0.817975439638780
0.8490000000 0.818361701717145
0.8493333333 0.818748025918530
0.8496666667 0.819134412259928
0.8500000000 0.819520860756937
0.8503333333 0.819907371427212
0.8506666667 0.820293944286962
0.8510000000 0.820680579352811
0.8513333333 0.821067276643351
0.8516666667 0.821454036172463
0.8520000000 0.821840857959415
0.8523333333 0.822227742019503
0.8526666667 0.822614688370905
0.8530000000 0.823001697029253
0.8533333333 0.823388768011905
0.8536666667 0.823775901335250
0.8540000000 0.824163097016693
0.8543333333 0.824550355072729
0.8546666667 0.824937675520084
0.8550000000 0.825325058376070
0.8553333333 0.825712503657776
0.8556666667 0.826100011381269
0.8560000000 0.826487581563746
0.8563333333 0.826875214222803
0.8566666667 0.827262909373799
0.8570000000 0.827650667035004
0.8573333333 0.828038487223144
0.8576666667 0.828426369954603
0.8580000000 0.828814315247443
0.8583333333 0.829202323116437
0.8586666667 0.829590393580733
0.8590000000 0.829978526656420
0.8593333333 0.830366722360745
0.8596666667 0.830754980710205
0.8600000000 0.831143301722033
0.8603333333 0.831531685413104
0.8606666667 0.831920131800839
0.8610000000 0.832308640901715
0.8613333333 0.832697212732589
0.8616666667 0.833085847311048
0.8620000000 0.833474544654241
0.8623333333 0.833863304778904
0.8626666667 0.834252127701584
0.8630000000 0.834641013440542
0.8633333333 0.835029962011527
0.8636666667 0.835418973432170
0.8640000000 0.835808047719909
0.8643333333 0.836197184891153
0.8646666667 0.836586384963589
0.8650000000 0.836975647953723
0.8653333333 0.837364973879178
0.8656666667 0.837754362757048
0.8660000000 0.838143814603960
0.8663333333 0.838533329437497
0.8666666667 0.838922907274896
0.8670000000 0.839312548133006
0.8673333333 0.839702252028944
0.8676666667 0.840092018979615
0.8680000000 0.840481849002777
0.8683333333 0.840871742115447
0.8686666667 0.841261698334881
0.8690000000 0.841651717678102
0.8693333333 0.842041800162154
0.8696666667 0.842431945804562
0.8700000000 0.842822154622616
0.8703333333 0.843212426633187
0.8706666667 0.843602761853116
0.8710000000 0.843993160301033
0.8713333333 0.844383621992842
0.8716666667 0.844774146946310
0.8720000000 0.845164735178522
0.8723333333 0.845555386707418
0.8726666667 0.845946101549468
0.8730000000 0.846336879722201
0.8733333333 0.846727721242988
0.8736666667 0.847118626129335
0.8740000000 0.847509594397854
0.8743333333 0.847900626066754
0.8746666667 0.848291721152735
0.8750000000 0.848682879673245
0.8753333333 0.849074101646142
0.8756666667 0.849465387087801
0.8760000000 0.849856736016440
0.8763333333 0.850248148448957
0.8766666667 0.850639624403151
0.8770000000 0.851031163896144
0.8773333333 0.851422766945026
0.8776666667 0.851814433567732
0.8780000000 0.852206163781065
0.8783333333 0.852597957602956
0.8786666667 0.852989815050997
0.8790000000 0.853381736142022
0.8793333333 0.853773720893756
0.8796666667 0.854165769323846
0.8800000000 0.854557881449174
0.8803333333 0.854950057287594
0.8806666667 0.855342296856879
0.8810000000 0.855734600173701
0.8813333333 0.856126967256244
0.8816666667 0.856519398122127
0.8820000000 0.856911892787584
0.8823333333 0.857304451271802
0.8826666667 0.857697073591208
0.8830000000 0.858089759763428
0.8833333333 0.858482509807046
0.8836666667 0.858875323737871
0.8840000000 0.859268201574569
0.8843333333 0.859661143334797
0.8846666667 0.860054149035751
0.8850000000 0.860447218695066
0.8853333333 0.860840352329826
0.8856666667 0.861233549958782
0.8860000000 0.861626811598471
0.8863333333 0.862020137266938
0.8866666667 0.862413526981853
0.8870000000 0.862806980760733
0.8873333333 0.863200498620970
0.8876666667 0.863594080580866
0.8880000000 0.863987726657373
0.8883333333 0.864381436868350
0.8886666667 0.864775211231814
0.8890000000 0.865169049764774
0.8893333333 0.865562952485579
0.8896666667 0.865956919411998
0.8900000000 0.866350950560683
0.8903333333 0.866745045949913
0.8906666667 0.867139205598159
0.8910000000 0.867533429522029
0.8913333333 0.867927717740225
0.8916666667 0.868322070269378
0.8920000000 0.868716487128289
0.8923333333 0.869110968333971
0.8926666667 0.869505513904193
0.8930000000 0.869900123857530
0.8933333333 0.870294798210589
0.8936666667 0.870689536982281
0.8940000000 0.871084340189713
0.8943333333 0.871479207851146
0.8946666667 0.871874139983770
0.8950000000 0.872269136606081
0.8953333333 0.872664197735245
0.8956666667 0.873059323389642
0.8960000000 0.873454513587027
0.8963333333 0.873849768344431
0.8966666667 0.874245087681053
0.8970000000 0.874640471613987
0.8973333333 0.875035920161362
0.8976666667 0.875431433340891
0.8980000000 0.875827011170770
0.8983333333 0.876222653668038
0.8986666667 0.876618360851901
0.8990000000 0.877014132739157
0.8993333333 0.877409969348161
0.8996666667 0.877805870696852
0.9000000000 0.878201836803231
0.9003333333 0.878597867685526
0.9006666667 0.878993963361090
0.9010000000 0.879390123847925
0.9013333333 0.879786349164697
0.9016666667 0.880182639328796
0.9020000000 0.880578994358241
0.9023333333 0.880975414271364
0.9026666667 0.881371899085532
0.9030000000 0.881768448819745
0.9033333333 0.882165063490815
0.9036666667 0.882561743117913
0.9040000000 0.882958487718632
0.9043333333 0.883355297310842
0.9046666667 0.883752171912833
0.9050000000 0.884149111542615
0.9053333333 0.884546116218163
0.9056666667 0.884943185957162
0.9060000000 0.885340320779322
0.9063333333 0.885737520700902
0.9066666667 0.886134785740645
0.9070000000 0.886532115917117
0.9073333333 0.886929511247710
0.9076666667 0.887326971751049
0.9080000000 0.887724497445623
0.9083333333 0.888122088348438
0.9086666667 0.888519744478831
0.9090000000 0.888917465854150
0.9093333333 0.889315252493012
0.9096666667 0.889713104413332
0.9100000000 0.890111021633849
0.9103333333 0.890509004171983
0.9106666667 0.890907052046157
0.9110000000 0.891305165275674
0.9113333333 0.891703343876859
0.9116666667 0.892101587869574
0.9120000000 0.892499897271052
0.9123333333 0.892898272100216
0.9126666667 0.893296712374731
0.9130000000 0.893695218113143
0.9133333333 0.894093789334369
0.9136666667 0.894492426055611
0.9140000000 0.894891128295774
0.9143333333 0.895289896072948
0.9146666667 0.895688729405850
0.9150000000 0.896087628311930
0.9153333333 0.896486592810618
0.9156666667 0.896885622919673
0.9160000000 0.897284718657115
0.9163333333 0.897683880041873
0.9166666667 0.898083107092110
0.9170000000 0.898482399826130
0.9173333333 0.898881758262665
0.9176666667 0.899281182419474
0.9180000000 0.899680672315379
0.9183333333 0.900080227968798
0.9186666667 0.900479849397873
0.9190000000 0.900879536621610
0.9193333333 0.901279289657587
0.9196666667 0.901679108525210
0.9200000000 0.902078993242024
0.9203333333 0.902478943826805
0.9206666667 0.902878960298441
0.9210000000 0.903279042674801
0.9213333333 0.903679190975027
0.9216666667 0.904079405216867
0.9220000000 0.904479685419484
0.9223333333 0.904880031600763
0.9226666667 0.905280443779790
0.9230000000 0.905680921974638
0.9233333333 0.906081466204275
0.9236666667 0.906482076487258
0.9240000000 0.906882752841265
0.9243333333 0.907283495285930
0.9246666667 0.907684303839348
0.9250000000 0.908085178520104
0.9253333333 0.908486119347012
0.9256666667 0.908887126338272
0.9260000000 0.909288199512758
0.9263333333 0.909689338889293
0.9266666667 0.910090544485988
0.9270000000 0.910491816321739
0.9273333333 0.910893154415312
0.9276666667 0.911294558785291
0.9280000000 0.911696029450266
0.9283333333 0.912097566428792
0.9286666667 0.912499169739662
0.9290000000 0.912900839401704
0.9293333333 0.913302575433238
0.9296666667 0.913704377853408
0.9300000000 0.914106246680622
0.9303333333 0.914508181933946
0.9306666667 0.914910183631747
0.9310000000 0.915312251792771
0.9313333333 0.915714386435979
0.9316666667 0.916116587579960
0.9320000000 0.916518855243572
0.9323333333 0.916921189445517
0.9326666667 0.917323590204851
0.9330000000 0.917726057539726
0.9333333333 0.918128591469559
0.9336666667 0.918531192013166
0.9340000000 0.918933859188976
0.9343333333 0.919336593016005
0.9346666667 0.919739393512993
0.9350000000 0.920142260698853
0.9353333333 0.920545194592629
0.9356666667 0.920948195212936
0.9360000000 0.921351262578517
0.9363333333 0.921754396708538
0.9366666667 0.922157597621872
0.9370000000 0.922560865337415
0.9373333333 0.922964199873928
0.9376666667 0.923367601250398
0.9380000000 0.923771069485772
0.9383333333 0.924174604598812
0.9386666667 0.924578206608749
0.9390000000 0.924981875534422
0.9393333333 0.925385611394542
0.9396666667 0.925789414208580
0.9400000000 0.926193283995165
0.9403333333 0.926597220773329
0.9406666667 0.927001224562100
0.9410000000 0.927405295380460
0.9413333333 0.927809433247371
0.9416666667 0.928213638181932
0.9420000000 0.928617910203303
0.9423333333 0.929022249330141
0.9426666667 0.929426655582092
0.9430000000 0.929831128977555
0.9433333333 0.930235669536141
0.9436666667 0.930640277276418
0.9440000000 0.931044952217997
0.9443333333 0.931449694379567
0.9446666667 0.931854503780461
0.9450000000 0.932259380439705
0.9453333333 0.932664324376476
0.9456666667 0.933069335609673
0.9460000000 0.933474414158822
0.9463333333 0.933879560042986
0.9466666667 0.934284773281008
0.9470000000 0.934690053892287
0.9473333333 0.935095401896050
0.9476666667 0.935500817311400
0.9480000000 0.935906300157386
0.9483333333 0.936311850453503
0.9486666667 0.936717468218714
0.9490000000 0.937123153472629
0.9493333333 0.937528906234000
0.9496666667 0.937934726522368
0.9500000000 0.938340614356731
0.9503333333 0.938746569756566
0.9506666667 0.939152592741016
0.9510000000 0.939558683329524
0.9513333333 0.939964841541247
0.9516666667 0.940371067395507
0.9520000000 0.940777360911425
0.9523333333 0.941183722108881
0.9526666667 0.941590151006448
0.9530000000 0.941996647623872
0.9533333333 0.942403211980591
0.9536666667 0.942809844095669
0.9540000000 0.943216543988743
0.9543333333 0.943623311678911
0.9546666667 0.944030147185742
0.9550000000 0.944437050528461
0.9553333333 0.944844021726737
0.9556666667 0.945251060799628
0.9560000000 0.945658167766737
0.9563333333 0.946065342647608
0.9566666667 0.946472585461507
0.9570000000 0.946879896227706
0.9573333333 0.947287274966125
0.9576666667 0.947694721695822
0.9580000000 0.948102236436447
0.9583333333 0.948509819207428
0.9586666667 0.948917470028210
0.9590000000 0.949325188918436
0.9593333333 0.949732975897475
0.9596666667 0.950140830984826
0.9600000000 0.950548754200197
0.9603333333 0.950956745562900
0.9606666667 0.951364805092731
0.9610000000 0.951772932808919
0.9613333333 0.952181128731270
0.9616666667 0.952589392879365
0.9620000000 0.952997725272568
0.9623333333 0.953406125930569
0.9626666667 0.953814594873287
0.9630000000 0.954223132119853
0.9633333333 0.954631737690160
0.9636666667 0.955040411603726
0.9640000000 0.955449153880316
0.9643333333 0.955857964539404
0.9646666667 0.956266843600773
0.9650000000 0.956675791084074
0.9653333333 0.957084807008885
0.9656666667 0.957493891395004
0.9660000000 0.957903044262010
0.9663333333 0.958312265629829
0.9666666667 0.958721555517973
0.9670000000 0.959130913946215
0.9673333333 0.959540340934250
0.9676666667 0.959949836501961
0.9680000000 0.960359400668848
0.9683333333 0.960769033454935
0.9686666667 0.961178734879861
0.9690000000 0.961588504963466
0.9693333333 0.961998343725443
0.9696666667 0.962408251185568
0.9700000000 0.962818227363864
0.9703333333 0.963228272279930
0.9706666667 0.963638385953694
0.9710000000 0.964048568405034
0.9713333333 0.964458819653625
0.9716666667 0.964869139719517
0.9720000000 0.965279528622428
0.9723333333 0.965689986382317
0.9726666667 0.966100513019103
0.9730000000 0.966511108552519
0.9733333333 0.966921773002636
0.9736666667 0.967332506389228
0.9740000000 0.967743308732300
0.9743333333 0.968154180051927
0.9746666667 0.968565120367780
0.9750000000 0.968976129699823
0.9753333333 0.969387208068190
0.9756666667 0.969798355492926
0.9760000000 0.970209571993663
0.9763333333 0.970620857590692
0.9766666667 0.971032212303857
0.9770000000 0.971443636153262
0.9773333333 0.971855129158872
0.9776666667 0.972266691340815
0.9780000000 0.972678322718873
0.9783333333 0.973090023313349
0.9786666667 0.973501793144162
0.9790000000 0.973913632231462
0.9793333333 0.974325540595378
0.9796666667 0.974737518255797
0.9800000000 0.975149565232988
0.9803333333 0.975561681546911
0.9806666667 0.975973867217793
0.9810000000 0.976386122265707
0.9813333333 0.976798446710903
0.9816666667 0.977210840573346
0.9820000000 0.977623303873289
0.9823333333 0.978035836630859
0.9826666667 0.978448438866252
0.9830000000 0.978861110599737
0.9833333333 0.979273851851288
0.9836666667 0.979686662641308
0.9840000000 0.980099542989915
0.9843333333 0.980512492917340
0.9846666667 0.980925512443807
0.9850000000 0.981338601589620
0.9853333333 0.981751760374980
0.9856666667 0.982164988820130
0.9860000000 0.982578286945376
0.9863333333 0.982991654770994
0.9866666667 0.983405092317231
0.9870000000 0.983818599604461
0.9873333333 0.984232176652956
0.9876666667 0.984645823482979
0.9880000000 0.985059540114966
0.9883333333 0.985473326569170
0.9886666667 0.985887182865996
0.9890000000 0.986301109025807
0.9893333333 0.986715105068890
0.9896666667 0.987129171015715
0.9900000000 0.987543306886592
0.9903333333 0.987957512701973
0.9906666667 0.988371788482305
0.9910000000 0.988786134247929
0.9913333333 0.989200550019272
0.9916666667 0.989615035816816
0.9920000000 0.990029591661001
0.9923333333 0.990444217572232
0.9926666667 0.990858913571060
0.9930000000 0.991273679677904
0.9933333333 0.991688515913267
0.9936666667 0.992103422297663
0.9940000000 0.992518398851580
0.9943333333 0.992933445595517
0.9946666667 0.993348562550027
0.9950000000 0.993763749735655
0.9953333333 0.994179007172938
0.9956666667 0.994594334882442
0.9960000000 0.995009732884703
0.9963333333 0.995425201200304
0.9966666667 0.995840739849882
0.9970000000 0.996256348853971
0.9973333333 0.996672028233210
0.9976666667 0.997087778008209
0.9980000000 0.997503598199619
0.9983333333 0.997919488828014
0.9986666667 0.998335449914082
0.9990000000 0.998751481478521
0.9993333333 0.999167583541927
0.9996666667 0.999583756125063
